MEME version 5.3.0

ALPHABET= ACGT

strands: + -

Background letter frequencies
A 0.25 C 0.25 G 0.25 T 0.25

MOTIF MMPA_l3_0
letter-probability matrix: alength= 4 w= 9 
 0.25 0.25 0.25 0.25
 0.25 0.25 0.25 0.25
 0.25 0.25 0.25 0.25
 0.25 0.25 0.25 0.25
 0.25 0.25 0.25 0.25
 0.25 0.25 0.25 0.25
 0.25 0.25 0.25 0.25
 0.25 0.25 0.25 0.25
 0.25 0.25 0.25 0.25

MOTIF MMPA_l3_1
letter-probability matrix: alength= 4 w= 9 
 0.25 0.25 0.25 0.25
 0.25 0.25 0.25 0.25
 0.25 0.25 0.25 0.25
 0.25 0.25 0.25 0.25
 0.25 0.25 0.25 0.25
 0.25 0.25 0.25 0.25
 0.25 0.25 0.25 0.25
 0.25 0.25 0.25 0.25
 0.25 0.25 0.25 0.25

MOTIF MMPA_l3_2
letter-probability matrix: alength= 4 w= 9 
 0.25 0.25 0.25 0.25
 0.25 0.25 0.25 0.25
 0.25 0.25 0.25 0.25
 0.25 0.25 0.25 0.25
 0.25 0.25 0.25 0.25
 0.25 0.25 0.25 0.25
 0.25 0.25 0.25 0.25
 0.25 0.25 0.25 0.25
 0.25 0.25 0.25 0.25

MOTIF MMPA_l3_3
letter-probability matrix: alength= 4 w= 9 
 0.25 0.25 0.25 0.25
 0.25 0.25 0.25 0.25
 0.25 0.25 0.25 0.25
 0.25 0.25 0.25 0.25
 0.25 0.25 0.25 0.25
 0.25 0.25 0.25 0.25
 0.25 0.25 0.25 0.25
 0.25 0.25 0.25 0.25
 0.25 0.25 0.25 0.25

MOTIF MMPA_l3_4
letter-probability matrix: alength= 4 w= 9 
 0.25 0.25 0.25 0.25
 0.25 0.25 0.25 0.25
 0.25 0.25 0.25 0.25
 0.25 0.25 0.25 0.25
 0.25 0.25 0.25 0.25
 0.25 0.25 0.25 0.25
 0.25 0.25 0.25 0.25
 0.25 0.25 0.25 0.25
 0.25 0.25 0.25 0.25

MOTIF MMPA_l3_5
letter-probability matrix: alength= 4 w= 9 
 0.25 0.25 0.25 0.25
 0.25 0.25 0.25 0.25
 0.25 0.25 0.25 0.25
 0.25 0.25 0.25 0.25
 0.25 0.25 0.25 0.25
 0.25 0.25 0.25 0.25
 0.25 0.25 0.25 0.25
 0.25 0.25 0.25 0.25
 0.25 0.25 0.25 0.25

MOTIF MMPA_l3_6
letter-probability matrix: alength= 4 w= 9 
 0.25 0.25 0.25 0.25
 0.25 0.25 0.25 0.25
 0.25 0.25 0.25 0.25
 0.25 0.25 0.25 0.25
 0.25 0.25 0.25 0.25
 0.25 0.25 0.25 0.25
 0.25 0.25 0.25 0.25
 0.25 0.25 0.25 0.25
 0.25 0.25 0.25 0.25

MOTIF MMPA_l3_7
letter-probability matrix: alength= 4 w= 9 
 0.25 0.25 0.25 0.25
 0.25 0.25 0.25 0.25
 0.25 0.25 0.25 0.25
 0.25 0.25 0.25 0.25
 0.25 0.25 0.25 0.25
 0.25 0.25 0.25 0.25
 0.25 0.25 0.25 0.25
 0.25 0.25 0.25 0.25
 0.25 0.25 0.25 0.25

MOTIF MMPA_l3_8
letter-probability matrix: alength= 4 w= 9 
 0.25 0.25 0.25 0.25
 0.25 0.25 0.25 0.25
 0.25 0.25 0.25 0.25
 0.25 0.25 0.25 0.25
 0.25 0.25 0.25 0.25
 0.25 0.25 0.25 0.25
 0.25 0.25 0.25 0.25
 0.25 0.25 0.25 0.25
 0.25 0.25 0.25 0.25

MOTIF MMPA_l3_9
letter-probability matrix: alength= 4 w= 9 
 0.25 0.25 0.25 0.25
 0.25 0.25 0.25 0.25
 0.25 0.25 0.25 0.25
 0.25 0.25 0.25 0.25
 0.25 0.25 0.25 0.25
 0.25 0.25 0.25 0.25
 0.25 0.25 0.25 0.25
 0.25 0.25 0.25 0.25
 0.25 0.25 0.25 0.25

MOTIF MMPA_l3_10
letter-probability matrix: alength= 4 w= 9 
 0.25 0.25 0.25 0.25
 0.25 0.25 0.25 0.25
 0.25 0.25 0.25 0.25
 0.25 0.25 0.25 0.25
 0.25 0.25 0.25 0.25
 0.25 0.25 0.25 0.25
 0.25 0.25 0.25 0.25
 0.25 0.25 0.25 0.25
 0.25 0.25 0.25 0.25

MOTIF MMPA_l3_11
letter-probability matrix: alength= 4 w= 9 
 0.25 0.25 0.25 0.25
 0.25 0.25 0.25 0.25
 0.25 0.25 0.25 0.25
 0.25 0.25 0.25 0.25
 0.25 0.25 0.25 0.25
 0.25 0.25 0.25 0.25
 0.25 0.25 0.25 0.25
 0.25 0.25 0.25 0.25
 0.25 0.25 0.25 0.25

MOTIF MMPA_l3_12
letter-probability matrix: alength= 4 w= 9 
 0.25 0.25 0.25 0.25
 0.25 0.25 0.25 0.25
 0.25 0.25 0.25 0.25
 0.25 0.25 0.25 0.25
 0.25 0.25 0.25 0.25
 0.25 0.25 0.25 0.25
 0.25 0.25 0.25 0.25
 0.25 0.25 0.25 0.25
 0.25 0.25 0.25 0.25

MOTIF MMPA_l3_13
letter-probability matrix: alength= 4 w= 9 
 0.25 0.25 0.25 0.25
 0.25 0.25 0.25 0.25
 0.25 0.25 0.25 0.25
 0.25 0.25 0.25 0.25
 0.25 0.25 0.25 0.25
 0.25 0.25 0.25 0.25
 0.25 0.25 0.25 0.25
 0.25 0.25 0.25 0.25
 0.25 0.25 0.25 0.25

MOTIF MMPA_l3_14
letter-probability matrix: alength= 4 w= 9 
 0.25 0.25 0.25 0.25
 0.25 0.25 0.25 0.25
 0.25 0.25 0.25 0.25
 0.25 0.25 0.25 0.25
 0.25 0.25 0.25 0.25
 0.25 0.25 0.25 0.25
 0.25 0.25 0.25 0.25
 0.25 0.25 0.25 0.25
 0.25 0.25 0.25 0.25

MOTIF MMPA_l3_15
letter-probability matrix: alength= 4 w= 9 
 0.25 0.25 0.25 0.25
 0.25 0.25 0.25 0.25
 0.25 0.25 0.25 0.25
 0.25 0.25 0.25 0.25
 0.25 0.25 0.25 0.25
 0.25 0.25 0.25 0.25
 0.25 0.25 0.25 0.25
 0.25 0.25 0.25 0.25
 0.25 0.25 0.25 0.25

MOTIF MMPA_l3_16
letter-probability matrix: alength= 4 w= 9 
 0.25 0.25 0.25 0.25
 0.25 0.25 0.25 0.25
 0.25 0.25 0.25 0.25
 0.25 0.25 0.25 0.25
 0.25 0.25 0.25 0.25
 0.25 0.25 0.25 0.25
 0.25 0.25 0.25 0.25
 0.25 0.25 0.25 0.25
 0.25 0.25 0.25 0.25

MOTIF MMPA_l3_17
letter-probability matrix: alength= 4 w= 9 
 0.25 0.25 0.25 0.25
 0.25 0.25 0.25 0.25
 0.25 0.25 0.25 0.25
 0.25 0.25 0.25 0.25
 0.25 0.25 0.25 0.25
 0.25 0.25 0.25 0.25
 0.25 0.25 0.25 0.25
 0.25 0.25 0.25 0.25
 0.25 0.25 0.25 0.25

MOTIF MMPA_l3_18
letter-probability matrix: alength= 4 w= 9 
 0.25 0.25 0.25 0.25
 0.25 0.25 0.25 0.25
 0.25 0.25 0.25 0.25
 0.25 0.25 0.25 0.25
 0.25 0.25 0.25 0.25
 0.25 0.25 0.25 0.25
 0.25 0.25 0.25 0.25
 0.25 0.25 0.25 0.25
 0.25 0.25 0.25 0.25

MOTIF MMPA_l3_19
letter-probability matrix: alength= 4 w= 9 
 0.25 0.25 0.25 0.25
 0.25 0.25 0.25 0.25
 0.25 0.25 0.25 0.25
 0.25 0.25 0.25 0.25
 0.25 0.25 0.25 0.25
 0.25 0.25 0.25 0.25
 0.25 0.25 0.25 0.25
 0.25 0.25 0.25 0.25
 0.25 0.25 0.25 0.25

MOTIF MMPA_l3_20
letter-probability matrix: alength= 4 w= 9 
 0.25 0.25 0.25 0.25
 0.25 0.25 0.25 0.25
 0.25 0.25 0.25 0.25
 0.25 0.25 0.25 0.25
 0.25 0.25 0.25 0.25
 0.25 0.25 0.25 0.25
 0.25 0.25 0.25 0.25
 0.25 0.25 0.25 0.25
 0.25 0.25 0.25 0.25

MOTIF MMPA_l3_21
letter-probability matrix: alength= 4 w= 9 
 0.25 0.25 0.25 0.25
 0.25 0.25 0.25 0.25
 0.25 0.25 0.25 0.25
 0.25 0.25 0.25 0.25
 0.25 0.25 0.25 0.25
 0.25 0.25 0.25 0.25
 0.25 0.25 0.25 0.25
 0.25 0.25 0.25 0.25
 0.25 0.25 0.25 0.25

MOTIF MMPA_l3_22
letter-probability matrix: alength= 4 w= 9 
 0.25 0.25 0.25 0.25
 0.25 0.25 0.25 0.25
 0.25 0.25 0.25 0.25
 0.25 0.25 0.25 0.25
 0.25 0.25 0.25 0.25
 0.25 0.25 0.25 0.25
 0.25 0.25 0.25 0.25
 0.25 0.25 0.25 0.25
 0.25 0.25 0.25 0.25

MOTIF MMPA_l3_23
letter-probability matrix: alength= 4 w= 9 
 0.25 0.25 0.25 0.25
 0.25 0.25 0.25 0.25
 0.25 0.25 0.25 0.25
 0.25 0.25 0.25 0.25
 0.25 0.25 0.25 0.25
 0.25 0.25 0.25 0.25
 0.25 0.25 0.25 0.25
 0.25 0.25 0.25 0.25
 0.25 0.25 0.25 0.25

MOTIF MMPA_l3_24
letter-probability matrix: alength= 4 w= 9 
 0.25 0.25 0.25 0.25
 0.25 0.25 0.25 0.25
 0.25 0.25 0.25 0.25
 0.25 0.25 0.25 0.25
 0.25 0.25 0.25 0.25
 0.25 0.25 0.25 0.25
 0.25 0.25 0.25 0.25
 0.25 0.25 0.25 0.25
 0.25 0.25 0.25 0.25

MOTIF MMPA_l3_25
letter-probability matrix: alength= 4 w= 9 
 0.25 0.25 0.25 0.25
 0.25 0.25 0.25 0.25
 0.25 0.25 0.25 0.25
 0.25 0.25 0.25 0.25
 0.25 0.25 0.25 0.25
 0.25 0.25 0.25 0.25
 0.25 0.25 0.25 0.25
 0.25 0.25 0.25 0.25
 0.25 0.25 0.25 0.25

MOTIF MMPA_l3_26
letter-probability matrix: alength= 4 w= 9 
 0.25 0.25 0.25 0.25
 0.25 0.25 0.25 0.25
 0.25 0.25 0.25 0.25
 0.25 0.25 0.25 0.25
 0.25 0.25 0.25 0.25
 0.25 0.25 0.25 0.25
 0.25 0.25 0.25 0.25
 0.25 0.25 0.25 0.25
 0.25 0.25 0.25 0.25

MOTIF MMPA_l3_27
letter-probability matrix: alength= 4 w= 9 
 0.25 0.25 0.25 0.25
 0.25 0.25 0.25 0.25
 0.25 0.25 0.25 0.25
 0.25 0.25 0.25 0.25
 0.25 0.25 0.25 0.25
 0.25 0.25 0.25 0.25
 0.25 0.25 0.25 0.25
 0.25 0.25 0.25 0.25
 0.25 0.25 0.25 0.25

MOTIF MMPA_l3_28
letter-probability matrix: alength= 4 w= 9 
 0.25 0.25 0.25 0.25
 0.25 0.25 0.25 0.25
 0.25 0.25 0.25 0.25
 0.25 0.25 0.25 0.25
 0.25 0.25 0.25 0.25
 0.25 0.25 0.25 0.25
 0.25 0.25 0.25 0.25
 0.25 0.25 0.25 0.25
 0.25 0.25 0.25 0.25

MOTIF MMPA_l3_29
letter-probability matrix: alength= 4 w= 9 
 0.25 0.25 0.25 0.25
 0.25 0.25 0.25 0.25
 0.25 0.25 0.25 0.25
 0.25 0.25 0.25 0.25
 0.25 0.25 0.25 0.25
 0.25 0.25 0.25 0.25
 0.25 0.25 0.25 0.25
 0.25 0.25 0.25 0.25
 0.25 0.25 0.25 0.25

MOTIF MMPA_l3_30
letter-probability matrix: alength= 4 w= 9 
 0.25 0.25 0.25 0.25
 0.25 0.25 0.25 0.25
 0.25 0.25 0.25 0.25
 0.25 0.25 0.25 0.25
 0.25 0.25 0.25 0.25
 0.25 0.25 0.25 0.25
 0.25 0.25 0.25 0.25
 0.25 0.25 0.25 0.25
 0.25 0.25 0.25 0.25

MOTIF MMPA_l3_31
letter-probability matrix: alength= 4 w= 9 
 0.25 0.25 0.25 0.25
 0.25 0.25 0.25 0.25
 0.25 0.25 0.25 0.25
 0.25 0.25 0.25 0.25
 0.25 0.25 0.25 0.25
 0.25 0.25 0.25 0.25
 0.25 0.25 0.25 0.25
 0.25 0.25 0.25 0.25
 0.25 0.25 0.25 0.25

MOTIF MMPA_l3_32
letter-probability matrix: alength= 4 w= 9 
 0.25 0.25 0.25 0.25
 0.25 0.25 0.25 0.25
 0.25 0.25 0.25 0.25
 0.25 0.25 0.25 0.25
 0.25 0.25 0.25 0.25
 0.25 0.25 0.25 0.25
 0.25 0.25 0.25 0.25
 0.25 0.25 0.25 0.25
 0.25 0.25 0.25 0.25

MOTIF MMPA_l3_33
letter-probability matrix: alength= 4 w= 9 
 0.25 0.25 0.25 0.25
 0.25 0.25 0.25 0.25
 0.25 0.25 0.25 0.25
 0.25 0.25 0.25 0.25
 0.25 0.25 0.25 0.25
 0.25 0.25 0.25 0.25
 0.25 0.25 0.25 0.25
 0.25 0.25 0.25 0.25
 0.25 0.25 0.25 0.25

MOTIF MMPA_l3_34
letter-probability matrix: alength= 4 w= 9 
 0.25 0.25 0.25 0.25
 0.25 0.25 0.25 0.25
 0.25 0.25 0.25 0.25
 0.25 0.25 0.25 0.25
 0.25 0.25 0.25 0.25
 0.25 0.25 0.25 0.25
 0.25 0.25 0.25 0.25
 0.25 0.25 0.25 0.25
 0.25 0.25 0.25 0.25

MOTIF MMPA_l3_35
letter-probability matrix: alength= 4 w= 9 
 0.25 0.25 0.25 0.25
 0.25 0.25 0.25 0.25
 0.25 0.25 0.25 0.25
 0.25 0.25 0.25 0.25
 0.25 0.25 0.25 0.25
 0.25 0.25 0.25 0.25
 0.25 0.25 0.25 0.25
 0.25 0.25 0.25 0.25
 0.25 0.25 0.25 0.25

MOTIF MMPA_l3_36
letter-probability matrix: alength= 4 w= 9 
 0.25 0.25 0.25 0.25
 0.25 0.25 0.25 0.25
 0.25 0.25 0.25 0.25
 0.25 0.25 0.25 0.25
 0.25 0.25 0.25 0.25
 0.25 0.25 0.25 0.25
 0.25 0.25 0.25 0.25
 0.25 0.25 0.25 0.25
 0.25 0.25 0.25 0.25

MOTIF MMPA_l3_37
letter-probability matrix: alength= 4 w= 9 
 0.25 0.25 0.25 0.25
 0.25 0.25 0.25 0.25
 0.25 0.25 0.25 0.25
 0.25 0.25 0.25 0.25
 0.25 0.25 0.25 0.25
 0.25 0.25 0.25 0.25
 0.25 0.25 0.25 0.25
 0.25 0.25 0.25 0.25
 0.25 0.25 0.25 0.25

MOTIF MMPA_l3_38
letter-probability matrix: alength= 4 w= 9 
 0.25 0.25 0.25 0.25
 0.25 0.25 0.25 0.25
 0.25 0.25 0.25 0.25
 0.25 0.25 0.25 0.25
 0.25 0.25 0.25 0.25
 0.25 0.25 0.25 0.25
 0.25 0.25 0.25 0.25
 0.25 0.25 0.25 0.25
 0.25 0.25 0.25 0.25

MOTIF MMPA_l3_39
letter-probability matrix: alength= 4 w= 9 
 0.25 0.25 0.25 0.25
 0.25 0.25 0.25 0.25
 0.25 0.25 0.25 0.25
 0.25 0.25 0.25 0.25
 0.25 0.25 0.25 0.25
 0.25 0.25 0.25 0.25
 0.25 0.25 0.25 0.25
 0.25 0.25 0.25 0.25
 0.25 0.25 0.25 0.25

MOTIF MMPA_l3_40
letter-probability matrix: alength= 4 w= 9 
 0.25 0.25 0.25 0.25
 0.25 0.25 0.25 0.25
 0.25 0.25 0.25 0.25
 0.25 0.25 0.25 0.25
 0.25 0.25 0.25 0.25
 0.25 0.25 0.25 0.25
 0.25 0.25 0.25 0.25
 0.25 0.25 0.25 0.25
 0.25 0.25 0.25 0.25

MOTIF MMPA_l3_41
letter-probability matrix: alength= 4 w= 9 
 0.25 0.25 0.25 0.25
 0.25 0.25 0.25 0.25
 0.25 0.25 0.25 0.25
 0.25 0.25 0.25 0.25
 0.25 0.25 0.25 0.25
 0.25 0.25 0.25 0.25
 0.25 0.25 0.25 0.25
 0.25 0.25 0.25 0.25
 0.25 0.25 0.25 0.25

MOTIF MMPA_l3_42
letter-probability matrix: alength= 4 w= 9 
 0.25 0.25 0.25 0.25
 0.25 0.25 0.25 0.25
 0.25 0.25 0.25 0.25
 0.25 0.25 0.25 0.25
 0.25 0.25 0.25 0.25
 0.25 0.25 0.25 0.25
 0.25 0.25 0.25 0.25
 0.25 0.25 0.25 0.25
 0.25 0.25 0.25 0.25

MOTIF MMPA_l3_43
letter-probability matrix: alength= 4 w= 9 
 0.25 0.25 0.25 0.25
 0.25 0.25 0.25 0.25
 0.25 0.25 0.25 0.25
 0.25 0.25 0.25 0.25
 0.25 0.25 0.25 0.25
 0.25 0.25 0.25 0.25
 0.25 0.25 0.25 0.25
 0.25 0.25 0.25 0.25
 0.25 0.25 0.25 0.25

MOTIF MMPA_l3_44
letter-probability matrix: alength= 4 w= 9 
 0.25 0.25 0.25 0.25
 0.25 0.25 0.25 0.25
 0.25 0.25 0.25 0.25
 0.25 0.25 0.25 0.25
 0.25 0.25 0.25 0.25
 0.25 0.25 0.25 0.25
 0.25 0.25 0.25 0.25
 0.25 0.25 0.25 0.25
 0.25 0.25 0.25 0.25

MOTIF MMPA_l3_45
letter-probability matrix: alength= 4 w= 9 
 0.25 0.25 0.25 0.25
 0.25 0.25 0.25 0.25
 0.25 0.25 0.25 0.25
 0.25 0.25 0.25 0.25
 0.25 0.25 0.25 0.25
 0.25 0.25 0.25 0.25
 0.25 0.25 0.25 0.25
 0.25 0.25 0.25 0.25
 0.25 0.25 0.25 0.25

MOTIF MMPA_l3_46
letter-probability matrix: alength= 4 w= 9 
 0.25 0.25 0.25 0.25
 0.25 0.25 0.25 0.25
 0.25 0.25 0.25 0.25
 0.25 0.25 0.25 0.25
 0.25 0.25 0.25 0.25
 0.25 0.25 0.25 0.25
 0.25 0.25 0.25 0.25
 0.25 0.25 0.25 0.25
 0.25 0.25 0.25 0.25

MOTIF MMPA_l3_47
letter-probability matrix: alength= 4 w= 9 
 0.25 0.25 0.25 0.25
 0.25 0.25 0.25 0.25
 0.25 0.25 0.25 0.25
 0.25 0.25 0.25 0.25
 0.25 0.25 0.25 0.25
 0.25 0.25 0.25 0.25
 0.25 0.25 0.25 0.25
 0.25 0.25 0.25 0.25
 0.25 0.25 0.25 0.25

MOTIF MMPA_l3_48
letter-probability matrix: alength= 4 w= 9 
 0.25 0.25 0.25 0.25
 0.25 0.25 0.25 0.25
 0.25 0.25 0.25 0.25
 0.25 0.25 0.25 0.25
 0.25 0.25 0.25 0.25
 0.25 0.25 0.25 0.25
 0.25 0.25 0.25 0.25
 0.25 0.25 0.25 0.25
 0.25 0.25 0.25 0.25

MOTIF MMPA_l3_49
letter-probability matrix: alength= 4 w= 9 
 0.25 0.25 0.25 0.25
 0.25 0.25 0.25 0.25
 0.25 0.25 0.25 0.25
 0.25 0.25 0.25 0.25
 0.25 0.25 0.25 0.25
 0.25 0.25 0.25 0.25
 0.25 0.25 0.25 0.25
 0.25 0.25 0.25 0.25
 0.25 0.25 0.25 0.25

MOTIF MMPA_l3_50
letter-probability matrix: alength= 4 w= 9 
 0.25 0.25 0.25 0.25
 0.25 0.25 0.25 0.25
 0.25 0.25 0.25 0.25
 0.25 0.25 0.25 0.25
 0.25 0.25 0.25 0.25
 0.25 0.25 0.25 0.25
 0.25 0.25 0.25 0.25
 0.25 0.25 0.25 0.25
 0.25 0.25 0.25 0.25

MOTIF MMPA_l3_51
letter-probability matrix: alength= 4 w= 9 
 0.25 0.25 0.25 0.25
 0.25 0.25 0.25 0.25
 0.25 0.25 0.25 0.25
 0.25 0.25 0.25 0.25
 0.25 0.25 0.25 0.25
 0.25 0.25 0.25 0.25
 0.25 0.25 0.25 0.25
 0.25 0.25 0.25 0.25
 0.25 0.25 0.25 0.25

MOTIF MMPA_l3_52
letter-probability matrix: alength= 4 w= 9 
 0.25 0.25 0.25 0.25
 0.25 0.25 0.25 0.25
 0.25 0.25 0.25 0.25
 0.25 0.25 0.25 0.25
 0.25 0.25 0.25 0.25
 0.25 0.25 0.25 0.25
 0.25 0.25 0.25 0.25
 0.25 0.25 0.25 0.25
 0.25 0.25 0.25 0.25

MOTIF MMPA_l3_53
letter-probability matrix: alength= 4 w= 9 
 0.25 0.25 0.25 0.25
 0.25 0.25 0.25 0.25
 0.25 0.25 0.25 0.25
 0.25 0.25 0.25 0.25
 0.25 0.25 0.25 0.25
 0.25 0.25 0.25 0.25
 0.25 0.25 0.25 0.25
 0.25 0.25 0.25 0.25
 0.25 0.25 0.25 0.25

MOTIF MMPA_l3_54
letter-probability matrix: alength= 4 w= 9 
 0.25 0.25 0.25 0.25
 0.25 0.25 0.25 0.25
 0.25 0.25 0.25 0.25
 0.25 0.25 0.25 0.25
 0.25 0.25 0.25 0.25
 0.25 0.25 0.25 0.25
 0.25 0.25 0.25 0.25
 0.25 0.25 0.25 0.25
 0.25 0.25 0.25 0.25

MOTIF MMPA_l3_55
letter-probability matrix: alength= 4 w= 9 
 0.25 0.25 0.25 0.25
 0.25 0.25 0.25 0.25
 0.25 0.25 0.25 0.25
 0.25 0.25 0.25 0.25
 0.25 0.25 0.25 0.25
 0.25 0.25 0.25 0.25
 0.25 0.25 0.25 0.25
 0.25 0.25 0.25 0.25
 0.25 0.25 0.25 0.25

MOTIF MMPA_l3_56
letter-probability matrix: alength= 4 w= 9 
 0.25 0.25 0.25 0.25
 0.25 0.25 0.25 0.25
 0.25 0.25 0.25 0.25
 0.25 0.25 0.25 0.25
 0.25 0.25 0.25 0.25
 0.25 0.25 0.25 0.25
 0.25 0.25 0.25 0.25
 0.25 0.25 0.25 0.25
 0.25 0.25 0.25 0.25

MOTIF MMPA_l3_57
letter-probability matrix: alength= 4 w= 9 
 0.25 0.25 0.25 0.25
 0.25 0.25 0.25 0.25
 0.25 0.25 0.25 0.25
 0.25 0.25 0.25 0.25
 0.25 0.25 0.25 0.25
 0.25 0.25 0.25 0.25
 0.25 0.25 0.25 0.25
 0.25 0.25 0.25 0.25
 0.25 0.25 0.25 0.25

MOTIF MMPA_l3_58
letter-probability matrix: alength= 4 w= 9 
 0.25 0.25 0.25 0.25
 0.25 0.25 0.25 0.25
 0.25 0.25 0.25 0.25
 0.25 0.25 0.25 0.25
 0.25 0.25 0.25 0.25
 0.25 0.25 0.25 0.25
 0.25 0.25 0.25 0.25
 0.25 0.25 0.25 0.25
 0.25 0.25 0.25 0.25

MOTIF MMPA_l3_59
letter-probability matrix: alength= 4 w= 9 
 0.25 0.25 0.25 0.25
 0.25 0.25 0.25 0.25
 0.25 0.25 0.25 0.25
 0.25 0.25 0.25 0.25
 0.25 0.25 0.25 0.25
 0.25 0.25 0.25 0.25
 0.25 0.25 0.25 0.25
 0.25 0.25 0.25 0.25
 0.25 0.25 0.25 0.25

MOTIF MMPA_l3_60
letter-probability matrix: alength= 4 w= 9 
 0.25 0.25 0.25 0.25
 0.25 0.25 0.25 0.25
 0.25 0.25 0.25 0.25
 0.25 0.25 0.25 0.25
 0.25 0.25 0.25 0.25
 0.25 0.25 0.25 0.25
 0.25 0.25 0.25 0.25
 0.25 0.25 0.25 0.25
 0.25 0.25 0.25 0.25

MOTIF MMPA_l3_61
letter-probability matrix: alength= 4 w= 9 
 0.25 0.25 0.25 0.25
 0.25 0.25 0.25 0.25
 0.25 0.25 0.25 0.25
 0.25 0.25 0.25 0.25
 0.25 0.25 0.25 0.25
 0.25 0.25 0.25 0.25
 0.25 0.25 0.25 0.25
 0.25 0.25 0.25 0.25
 0.25 0.25 0.25 0.25

MOTIF MMPA_l3_62
letter-probability matrix: alength= 4 w= 9 
 0.25 0.25 0.25 0.25
 0.25 0.25 0.25 0.25
 0.25 0.25 0.25 0.25
 0.25 0.25 0.25 0.25
 0.25 0.25 0.25 0.25
 0.25 0.25 0.25 0.25
 0.25 0.25 0.25 0.25
 0.25 0.25 0.25 0.25
 0.25 0.25 0.25 0.25

MOTIF MMPA_l3_63
letter-probability matrix: alength= 4 w= 9 
 0.25 0.25 0.25 0.25
 0.25 0.25 0.25 0.25
 0.25 0.25 0.25 0.25
 0.25 0.25 0.25 0.25
 0.25 0.25 0.25 0.25
 0.25 0.25 0.25 0.25
 0.25 0.25 0.25 0.25
 0.25 0.25 0.25 0.25
 0.25 0.25 0.25 0.25

MOTIF MMPA_l3_64
letter-probability matrix: alength= 4 w= 9 
 0.25 0.25 0.25 0.25
 0.25 0.25 0.25 0.25
 0.25 0.25 0.25 0.25
 0.25 0.25 0.25 0.25
 0.25 0.25 0.25 0.25
 0.25 0.25 0.25 0.25
 0.25 0.25 0.25 0.25
 0.25 0.25 0.25 0.25
 0.25 0.25 0.25 0.25

MOTIF MMPA_l3_65
letter-probability matrix: alength= 4 w= 9 
 0.25 0.25 0.25 0.25
 0.25 0.25 0.25 0.25
 0.25 0.25 0.25 0.25
 0.25 0.25 0.25 0.25
 0.25 0.25 0.25 0.25
 0.25 0.25 0.25 0.25
 0.25 0.25 0.25 0.25
 0.25 0.25 0.25 0.25
 0.25 0.25 0.25 0.25

MOTIF MMPA_l3_66
letter-probability matrix: alength= 4 w= 9 
 0.25 0.25 0.25 0.25
 0.25 0.25 0.25 0.25
 0.25 0.25 0.25 0.25
 0.25 0.25 0.25 0.25
 0.25 0.25 0.25 0.25
 0.25 0.25 0.25 0.25
 0.25 0.25 0.25 0.25
 0.25 0.25 0.25 0.25
 0.25 0.25 0.25 0.25

MOTIF MMPA_l3_67
letter-probability matrix: alength= 4 w= 9 
 0.25 0.25 0.25 0.25
 0.25 0.25 0.25 0.25
 0.25 0.25 0.25 0.25
 0.25 0.25 0.25 0.25
 0.25 0.25 0.25 0.25
 0.25 0.25 0.25 0.25
 0.25 0.25 0.25 0.25
 0.25 0.25 0.25 0.25
 0.25 0.25 0.25 0.25

MOTIF MMPA_l3_68
letter-probability matrix: alength= 4 w= 9 
 0.25 0.25 0.25 0.25
 0.25 0.25 0.25 0.25
 0.25 0.25 0.25 0.25
 0.25 0.25 0.25 0.25
 0.25 0.25 0.25 0.25
 0.25 0.25 0.25 0.25
 0.25 0.25 0.25 0.25
 0.25 0.25 0.25 0.25
 0.25 0.25 0.25 0.25

MOTIF MMPA_l3_69
letter-probability matrix: alength= 4 w= 9 
 0.25 0.25 0.25 0.25
 0.25 0.25 0.25 0.25
 0.25 0.25 0.25 0.25
 0.25 0.25 0.25 0.25
 0.25 0.25 0.25 0.25
 0.25 0.25 0.25 0.25
 0.25 0.25 0.25 0.25
 0.25 0.25 0.25 0.25
 0.25 0.25 0.25 0.25

MOTIF MMPA_l3_70
letter-probability matrix: alength= 4 w= 9 
 0.25 0.25 0.25 0.25
 0.25 0.25 0.25 0.25
 0.25 0.25 0.25 0.25
 0.25 0.25 0.25 0.25
 0.25 0.25 0.25 0.25
 0.25 0.25 0.25 0.25
 0.25 0.25 0.25 0.25
 0.25 0.25 0.25 0.25
 0.25 0.25 0.25 0.25

MOTIF MMPA_l3_71
letter-probability matrix: alength= 4 w= 9 
 0.25 0.25 0.25 0.25
 0.25 0.25 0.25 0.25
 0.25 0.25 0.25 0.25
 0.25 0.25 0.25 0.25
 0.25 0.25 0.25 0.25
 0.25 0.25 0.25 0.25
 0.25 0.25 0.25 0.25
 0.25 0.25 0.25 0.25
 0.25 0.25 0.25 0.25

MOTIF MMPA_l3_72
letter-probability matrix: alength= 4 w= 9 
 0.25 0.25 0.25 0.25
 0.25 0.25 0.25 0.25
 0.25 0.25 0.25 0.25
 0.25 0.25 0.25 0.25
 0.25 0.25 0.25 0.25
 0.25 0.25 0.25 0.25
 0.25 0.25 0.25 0.25
 0.25 0.25 0.25 0.25
 0.25 0.25 0.25 0.25

MOTIF MMPA_l3_73
letter-probability matrix: alength= 4 w= 9 
 0.25 0.25 0.25 0.25
 0.25 0.25 0.25 0.25
 0.25 0.25 0.25 0.25
 0.25 0.25 0.25 0.25
 0.25 0.25 0.25 0.25
 0.25 0.25 0.25 0.25
 0.25 0.25 0.25 0.25
 0.25 0.25 0.25 0.25
 0.25 0.25 0.25 0.25

MOTIF MMPA_l3_74
letter-probability matrix: alength= 4 w= 9 
 0.25 0.25 0.25 0.25
 0.25 0.25 0.25 0.25
 0.25 0.25 0.25 0.25
 0.25 0.25 0.25 0.25
 0.25 0.25 0.25 0.25
 0.25 0.25 0.25 0.25
 0.25 0.25 0.25 0.25
 0.25 0.25 0.25 0.25
 0.25 0.25 0.25 0.25

MOTIF MMPA_l3_75
letter-probability matrix: alength= 4 w= 9 
 0.25 0.25 0.25 0.25
 0.25 0.25 0.25 0.25
 0.25 0.25 0.25 0.25
 0.25 0.25 0.25 0.25
 0.25 0.25 0.25 0.25
 0.25 0.25 0.25 0.25
 0.25 0.25 0.25 0.25
 0.25 0.25 0.25 0.25
 0.25 0.25 0.25 0.25

MOTIF MMPA_l3_76
letter-probability matrix: alength= 4 w= 9 
 0.25 0.25 0.25 0.25
 0.25 0.25 0.25 0.25
 0.25 0.25 0.25 0.25
 0.25 0.25 0.25 0.25
 0.25 0.25 0.25 0.25
 0.25 0.25 0.25 0.25
 0.25 0.25 0.25 0.25
 0.25 0.25 0.25 0.25
 0.25 0.25 0.25 0.25

MOTIF MMPA_l3_77
letter-probability matrix: alength= 4 w= 9 
 0.25 0.25 0.25 0.25
 0.25 0.25 0.25 0.25
 0.25 0.25 0.25 0.25
 0.25 0.25 0.25 0.25
 0.25 0.25 0.25 0.25
 0.25 0.25 0.25 0.25
 0.25 0.25 0.25 0.25
 0.25 0.25 0.25 0.25
 0.25 0.25 0.25 0.25

MOTIF MMPA_l3_78
letter-probability matrix: alength= 4 w= 9 
 0.25 0.25 0.25 0.25
 0.25 0.25 0.25 0.25
 0.25 0.25 0.25 0.25
 0.25 0.25 0.25 0.25
 0.25 0.25 0.25 0.25
 0.25 0.25 0.25 0.25
 0.25 0.25 0.25 0.25
 0.25 0.25 0.25 0.25
 0.25 0.25 0.25 0.25

MOTIF MMPA_l3_79
letter-probability matrix: alength= 4 w= 9 
 0.25 0.25 0.25 0.25
 0.25 0.25 0.25 0.25
 0.25 0.25 0.25 0.25
 0.25 0.25 0.25 0.25
 0.25 0.25 0.25 0.25
 0.25 0.25 0.25 0.25
 0.25 0.25 0.25 0.25
 0.25 0.25 0.25 0.25
 0.25 0.25 0.25 0.25

MOTIF MMPA_l3_80
letter-probability matrix: alength= 4 w= 9 
 0.25 0.25 0.25 0.25
 0.25 0.25 0.25 0.25
 0.25 0.25 0.25 0.25
 0.25 0.25 0.25 0.25
 0.25 0.25 0.25 0.25
 0.25 0.25 0.25 0.25
 0.25 0.25 0.25 0.25
 0.25 0.25 0.25 0.25
 0.25 0.25 0.25 0.25

MOTIF MMPA_l3_81
letter-probability matrix: alength= 4 w= 9 
 0.25 0.25 0.25 0.25
 0.25 0.25 0.25 0.25
 0.25 0.25 0.25 0.25
 0.25 0.25 0.25 0.25
 0.25 0.25 0.25 0.25
 0.25 0.25 0.25 0.25
 0.25 0.25 0.25 0.25
 0.25 0.25 0.25 0.25
 0.25 0.25 0.25 0.25

MOTIF MMPA_l3_82
letter-probability matrix: alength= 4 w= 9 
 0.25 0.25 0.25 0.25
 0.25 0.25 0.25 0.25
 0.25 0.25 0.25 0.25
 0.25 0.25 0.25 0.25
 0.25 0.25 0.25 0.25
 0.25 0.25 0.25 0.25
 0.25 0.25 0.25 0.25
 0.25 0.25 0.25 0.25
 0.25 0.25 0.25 0.25

MOTIF MMPA_l3_83
letter-probability matrix: alength= 4 w= 9 
 0.25 0.25 0.25 0.25
 0.25 0.25 0.25 0.25
 0.25 0.25 0.25 0.25
 0.25 0.25 0.25 0.25
 0.25 0.25 0.25 0.25
 0.25 0.25 0.25 0.25
 0.25 0.25 0.25 0.25
 0.25 0.25 0.25 0.25
 0.25 0.25 0.25 0.25

MOTIF MMPA_l3_84
letter-probability matrix: alength= 4 w= 9 
 0.25 0.25 0.25 0.25
 0.25 0.25 0.25 0.25
 0.25 0.25 0.25 0.25
 0.25 0.25 0.25 0.25
 0.25 0.25 0.25 0.25
 0.25 0.25 0.25 0.25
 0.25 0.25 0.25 0.25
 0.25 0.25 0.25 0.25
 0.25 0.25 0.25 0.25

MOTIF MMPA_l3_85
letter-probability matrix: alength= 4 w= 9 
 0.25 0.25 0.25 0.25
 0.25 0.25 0.25 0.25
 0.25 0.25 0.25 0.25
 0.25 0.25 0.25 0.25
 0.25 0.25 0.25 0.25
 0.25 0.25 0.25 0.25
 0.25 0.25 0.25 0.25
 0.25 0.25 0.25 0.25
 0.25 0.25 0.25 0.25

MOTIF MMPA_l3_86
letter-probability matrix: alength= 4 w= 9 
 0.25 0.25 0.25 0.25
 0.25 0.25 0.25 0.25
 0.25 0.25 0.25 0.25
 0.25 0.25 0.25 0.25
 0.25 0.25 0.25 0.25
 0.25 0.25 0.25 0.25
 0.25 0.25 0.25 0.25
 0.25 0.25 0.25 0.25
 0.25 0.25 0.25 0.25

MOTIF MMPA_l3_87
letter-probability matrix: alength= 4 w= 9 
 0.25 0.25 0.25 0.25
 0.25 0.25 0.25 0.25
 0.25 0.25 0.25 0.25
 0.25 0.25 0.25 0.25
 0.25 0.25 0.25 0.25
 0.25 0.25 0.25 0.25
 0.25 0.25 0.25 0.25
 0.25 0.25 0.25 0.25
 0.25 0.25 0.25 0.25

MOTIF MMPA_l3_88
letter-probability matrix: alength= 4 w= 9 
 0.25 0.25 0.25 0.25
 0.25 0.25 0.25 0.25
 0.25 0.25 0.25 0.25
 0.25 0.25 0.25 0.25
 0.25 0.25 0.25 0.25
 0.25 0.25 0.25 0.25
 0.25 0.25 0.25 0.25
 0.25 0.25 0.25 0.25
 0.25 0.25 0.25 0.25

MOTIF MMPA_l3_89
letter-probability matrix: alength= 4 w= 9 
 0.25 0.25 0.25 0.25
 0.25 0.25 0.25 0.25
 0.25 0.25 0.25 0.25
 0.25 0.25 0.25 0.25
 0.25 0.25 0.25 0.25
 0.25 0.25 0.25 0.25
 0.25 0.25 0.25 0.25
 0.25 0.25 0.25 0.25
 0.25 0.25 0.25 0.25

MOTIF MMPA_l3_90
letter-probability matrix: alength= 4 w= 9 
 0.25 0.25 0.25 0.25
 0.25 0.25 0.25 0.25
 0.25 0.25 0.25 0.25
 0.25 0.25 0.25 0.25
 0.25 0.25 0.25 0.25
 0.25 0.25 0.25 0.25
 0.25 0.25 0.25 0.25
 0.25 0.25 0.25 0.25
 0.25 0.25 0.25 0.25

MOTIF MMPA_l3_91
letter-probability matrix: alength= 4 w= 9 
 0.25 0.25 0.25 0.25
 0.25 0.25 0.25 0.25
 0.25 0.25 0.25 0.25
 0.25 0.25 0.25 0.25
 0.25 0.25 0.25 0.25
 0.25 0.25 0.25 0.25
 0.25 0.25 0.25 0.25
 0.25 0.25 0.25 0.25
 0.25 0.25 0.25 0.25

MOTIF MMPA_l3_92
letter-probability matrix: alength= 4 w= 9 
 0.25 0.25 0.25 0.25
 0.25 0.25 0.25 0.25
 0.25 0.25 0.25 0.25
 0.25 0.25 0.25 0.25
 0.25 0.25 0.25 0.25
 0.25 0.25 0.25 0.25
 0.25 0.25 0.25 0.25
 0.25 0.25 0.25 0.25
 0.25 0.25 0.25 0.25

MOTIF MMPA_l3_93
letter-probability matrix: alength= 4 w= 9 
 0.25 0.25 0.25 0.25
 0.25 0.25 0.25 0.25
 0.25 0.25 0.25 0.25
 0.25 0.25 0.25 0.25
 0.25 0.25 0.25 0.25
 0.25 0.25 0.25 0.25
 0.25 0.25 0.25 0.25
 0.25 0.25 0.25 0.25
 0.25 0.25 0.25 0.25

MOTIF MMPA_l3_94
letter-probability matrix: alength= 4 w= 9 
 0.25 0.25 0.25 0.25
 0.25 0.25 0.25 0.25
 0.25 0.25 0.25 0.25
 0.25 0.25 0.25 0.25
 0.25 0.25 0.25 0.25
 0.25 0.25 0.25 0.25
 0.25 0.25 0.25 0.25
 0.25 0.25 0.25 0.25
 0.25 0.25 0.25 0.25

MOTIF MMPA_l3_95
letter-probability matrix: alength= 4 w= 9 
 0.25 0.25 0.25 0.25
 0.25 0.25 0.25 0.25
 0.25 0.25 0.25 0.25
 0.25 0.25 0.25 0.25
 0.25 0.25 0.25 0.25
 0.25 0.25 0.25 0.25
 0.25 0.25 0.25 0.25
 0.25 0.25 0.25 0.25
 0.25 0.25 0.25 0.25

MOTIF MMPA_l3_96
letter-probability matrix: alength= 4 w= 9 
 0.25 0.25 0.25 0.25
 0.25 0.25 0.25 0.25
 0.25 0.25 0.25 0.25
 0.25 0.25 0.25 0.25
 0.25 0.25 0.25 0.25
 0.25 0.25 0.25 0.25
 0.25 0.25 0.25 0.25
 0.25 0.25 0.25 0.25
 0.25 0.25 0.25 0.25

MOTIF MMPA_l3_97
letter-probability matrix: alength= 4 w= 9 
 0.25 0.25 0.25 0.25
 0.25 0.25 0.25 0.25
 0.25 0.25 0.25 0.25
 0.25 0.25 0.25 0.25
 0.25 0.25 0.25 0.25
 0.25 0.25 0.25 0.25
 0.25 0.25 0.25 0.25
 0.25 0.25 0.25 0.25
 0.25 0.25 0.25 0.25

MOTIF MMPA_l3_98
letter-probability matrix: alength= 4 w= 9 
 0.25 0.25 0.25 0.25
 0.25 0.25 0.25 0.25
 0.25 0.25 0.25 0.25
 0.25 0.25 0.25 0.25
 0.25 0.25 0.25 0.25
 0.25 0.25 0.25 0.25
 0.25 0.25 0.25 0.25
 0.25 0.25 0.25 0.25
 0.25 0.25 0.25 0.25

MOTIF MMPA_l3_99
letter-probability matrix: alength= 4 w= 9 
 0.25 0.25 0.25 0.25
 0.25 0.25 0.25 0.25
 0.25 0.25 0.25 0.25
 0.25 0.25 0.25 0.25
 0.25 0.25 0.25 0.25
 0.25 0.25 0.25 0.25
 0.25 0.25 0.25 0.25
 0.25 0.25 0.25 0.25
 0.25 0.25 0.25 0.25

MOTIF MMPA_l3_100
letter-probability matrix: alength= 4 w= 9 
 0.25 0.25 0.25 0.25
 0.25 0.25 0.25 0.25
 0.25 0.25 0.25 0.25
 0.25 0.25 0.25 0.25
 0.25 0.25 0.25 0.25
 0.25 0.25 0.25 0.25
 0.25 0.25 0.25 0.25
 0.25 0.25 0.25 0.25
 0.25 0.25 0.25 0.25

MOTIF MMPA_l3_101
letter-probability matrix: alength= 4 w= 9 
 0.25 0.25 0.25 0.25
 0.25 0.25 0.25 0.25
 0.25 0.25 0.25 0.25
 0.25 0.25 0.25 0.25
 0.25 0.25 0.25 0.25
 0.25 0.25 0.25 0.25
 0.25 0.25 0.25 0.25
 0.25 0.25 0.25 0.25
 0.25 0.25 0.25 0.25

MOTIF MMPA_l3_102
letter-probability matrix: alength= 4 w= 9 
 0.25 0.25 0.25 0.25
 0.25 0.25 0.25 0.25
 0.25 0.25 0.25 0.25
 0.25 0.25 0.25 0.25
 0.25 0.25 0.25 0.25
 0.25 0.25 0.25 0.25
 0.25 0.25 0.25 0.25
 0.25 0.25 0.25 0.25
 0.25 0.25 0.25 0.25

MOTIF MMPA_l3_103
letter-probability matrix: alength= 4 w= 9 
 0.25 0.25 0.25 0.25
 0.25 0.25 0.25 0.25
 0.25 0.25 0.25 0.25
 0.25 0.25 0.25 0.25
 0.25 0.25 0.25 0.25
 0.25 0.25 0.25 0.25
 0.25 0.25 0.25 0.25
 0.25 0.25 0.25 0.25
 0.25 0.25 0.25 0.25

MOTIF MMPA_l3_104
letter-probability matrix: alength= 4 w= 9 
 0.25 0.25 0.25 0.25
 0.25 0.25 0.25 0.25
 0.25 0.25 0.25 0.25
 0.25 0.25 0.25 0.25
 0.25 0.25 0.25 0.25
 0.25 0.25 0.25 0.25
 0.25 0.25 0.25 0.25
 0.25 0.25 0.25 0.25
 0.25 0.25 0.25 0.25

MOTIF MMPA_l3_105
letter-probability matrix: alength= 4 w= 9 
 0.25 0.25 0.25 0.25
 0.25 0.25 0.25 0.25
 0.25 0.25 0.25 0.25
 0.25 0.25 0.25 0.25
 0.25 0.25 0.25 0.25
 0.25 0.25 0.25 0.25
 0.25 0.25 0.25 0.25
 0.25 0.25 0.25 0.25
 0.25 0.25 0.25 0.25

MOTIF MMPA_l3_106
letter-probability matrix: alength= 4 w= 9 
 0.25 0.25 0.25 0.25
 0.25 0.25 0.25 0.25
 0.25 0.25 0.25 0.25
 0.25 0.25 0.25 0.25
 0.25 0.25 0.25 0.25
 0.25 0.25 0.25 0.25
 0.25 0.25 0.25 0.25
 0.25 0.25 0.25 0.25
 0.25 0.25 0.25 0.25

MOTIF MMPA_l3_107
letter-probability matrix: alength= 4 w= 9 
 0.25 0.25 0.25 0.25
 0.25 0.25 0.25 0.25
 0.25 0.25 0.25 0.25
 0.25 0.25 0.25 0.25
 0.25 0.25 0.25 0.25
 0.25 0.25 0.25 0.25
 0.25 0.25 0.25 0.25
 0.25 0.25 0.25 0.25
 0.25 0.25 0.25 0.25

MOTIF MMPA_l3_108
letter-probability matrix: alength= 4 w= 9 
 0.25 0.25 0.25 0.25
 0.25 0.25 0.25 0.25
 0.25 0.25 0.25 0.25
 0.25 0.25 0.25 0.25
 0.25 0.25 0.25 0.25
 0.25 0.25 0.25 0.25
 0.25 0.25 0.25 0.25
 0.25 0.25 0.25 0.25
 0.25 0.25 0.25 0.25

MOTIF MMPA_l3_109
letter-probability matrix: alength= 4 w= 9 
 0.25 0.25 0.25 0.25
 0.25 0.25 0.25 0.25
 0.25 0.25 0.25 0.25
 0.25 0.25 0.25 0.25
 0.25 0.25 0.25 0.25
 0.25 0.25 0.25 0.25
 0.25 0.25 0.25 0.25
 0.25 0.25 0.25 0.25
 0.25 0.25 0.25 0.25

MOTIF MMPA_l3_110
letter-probability matrix: alength= 4 w= 9 
 0.25 0.25 0.25 0.25
 0.25 0.25 0.25 0.25
 0.25 0.25 0.25 0.25
 0.25 0.25 0.25 0.25
 0.25 0.25 0.25 0.25
 0.25 0.25 0.25 0.25
 0.25 0.25 0.25 0.25
 0.25 0.25 0.25 0.25
 0.25 0.25 0.25 0.25

MOTIF MMPA_l3_111
letter-probability matrix: alength= 4 w= 9 
 0.25 0.25 0.25 0.25
 0.25 0.25 0.25 0.25
 0.25 0.25 0.25 0.25
 0.25 0.25 0.25 0.25
 0.25 0.25 0.25 0.25
 0.25 0.25 0.25 0.25
 0.25 0.25 0.25 0.25
 0.25 0.25 0.25 0.25
 0.25 0.25 0.25 0.25

MOTIF MMPA_l3_112
letter-probability matrix: alength= 4 w= 9 
 0.25 0.25 0.25 0.25
 0.25 0.25 0.25 0.25
 0.25 0.25 0.25 0.25
 0.25 0.25 0.25 0.25
 0.25 0.25 0.25 0.25
 0.25 0.25 0.25 0.25
 0.25 0.25 0.25 0.25
 0.25 0.25 0.25 0.25
 0.25 0.25 0.25 0.25

MOTIF MMPA_l3_113
letter-probability matrix: alength= 4 w= 9 
 0.25 0.25 0.25 0.25
 0.25 0.25 0.25 0.25
 0.25 0.25 0.25 0.25
 0.25 0.25 0.25 0.25
 0.25 0.25 0.25 0.25
 0.25 0.25 0.25 0.25
 0.25 0.25 0.25 0.25
 0.25 0.25 0.25 0.25
 0.25 0.25 0.25 0.25

MOTIF MMPA_l3_114
letter-probability matrix: alength= 4 w= 9 
 0.25 0.25 0.25 0.25
 0.25 0.25 0.25 0.25
 0.25 0.25 0.25 0.25
 0.25 0.25 0.25 0.25
 0.25 0.25 0.25 0.25
 0.25 0.25 0.25 0.25
 0.25 0.25 0.25 0.25
 0.25 0.25 0.25 0.25
 0.25 0.25 0.25 0.25

MOTIF MMPA_l3_115
letter-probability matrix: alength= 4 w= 9 
 0.25 0.25 0.25 0.25
 0.25 0.25 0.25 0.25
 0.25 0.25 0.25 0.25
 0.25 0.25 0.25 0.25
 0.25 0.25 0.25 0.25
 0.25 0.25 0.25 0.25
 0.25 0.25 0.25 0.25
 0.25 0.25 0.25 0.25
 0.25 0.25 0.25 0.25

MOTIF MMPA_l3_116
letter-probability matrix: alength= 4 w= 9 
 0.25 0.25 0.25 0.25
 0.25 0.25 0.25 0.25
 0.25 0.25 0.25 0.25
 0.25 0.25 0.25 0.25
 0.25 0.25 0.25 0.25
 0.25 0.25 0.25 0.25
 0.25 0.25 0.25 0.25
 0.25 0.25 0.25 0.25
 0.25 0.25 0.25 0.25

MOTIF MMPA_l3_117
letter-probability matrix: alength= 4 w= 9 
 0.25 0.25 0.25 0.25
 0.25 0.25 0.25 0.25
 0.25 0.25 0.25 0.25
 0.25 0.25 0.25 0.25
 0.25 0.25 0.25 0.25
 0.25 0.25 0.25 0.25
 0.25 0.25 0.25 0.25
 0.25 0.25 0.25 0.25
 0.25 0.25 0.25 0.25

MOTIF MMPA_l3_118
letter-probability matrix: alength= 4 w= 9 
 0.25 0.25 0.25 0.25
 0.25 0.25 0.25 0.25
 0.25 0.25 0.25 0.25
 0.25 0.25 0.25 0.25
 0.25 0.25 0.25 0.25
 0.25 0.25 0.25 0.25
 0.25 0.25 0.25 0.25
 0.25 0.25 0.25 0.25
 0.25 0.25 0.25 0.25

MOTIF MMPA_l3_119
letter-probability matrix: alength= 4 w= 9 
 0.25 0.25 0.25 0.25
 0.25 0.25 0.25 0.25
 0.25 0.25 0.25 0.25
 0.25 0.25 0.25 0.25
 0.25 0.25 0.25 0.25
 0.25 0.25 0.25 0.25
 0.25 0.25 0.25 0.25
 0.25 0.25 0.25 0.25
 0.25 0.25 0.25 0.25

MOTIF MMPA_l3_120
letter-probability matrix: alength= 4 w= 9 
 0.25 0.25 0.25 0.25
 0.25 0.25 0.25 0.25
 0.25 0.25 0.25 0.25
 0.25 0.25 0.25 0.25
 0.25 0.25 0.25 0.25
 0.25 0.25 0.25 0.25
 0.25 0.25 0.25 0.25
 0.25 0.25 0.25 0.25
 0.25 0.25 0.25 0.25

MOTIF MMPA_l3_121
letter-probability matrix: alength= 4 w= 9 
 0.25 0.25 0.25 0.25
 0.25 0.25 0.25 0.25
 0.25 0.25 0.25 0.25
 0.25 0.25 0.25 0.25
 0.25 0.25 0.25 0.25
 0.25 0.25 0.25 0.25
 0.25 0.25 0.25 0.25
 0.25 0.25 0.25 0.25
 0.25 0.25 0.25 0.25

MOTIF MMPA_l3_122
letter-probability matrix: alength= 4 w= 9 
 0.25 0.25 0.25 0.25
 0.25 0.25 0.25 0.25
 0.25 0.25 0.25 0.25
 0.25 0.25 0.25 0.25
 0.25 0.25 0.25 0.25
 0.25 0.25 0.25 0.25
 0.25 0.25 0.25 0.25
 0.25 0.25 0.25 0.25
 0.25 0.25 0.25 0.25

MOTIF MMPA_l3_123
letter-probability matrix: alength= 4 w= 9 
 0.25 0.25 0.25 0.25
 0.25 0.25 0.25 0.25
 0.25 0.25 0.25 0.25
 0.25 0.25 0.25 0.25
 0.25 0.25 0.25 0.25
 0.25 0.25 0.25 0.25
 0.25 0.25 0.25 0.25
 0.25 0.25 0.25 0.25
 0.25 0.25 0.25 0.25

MOTIF MMPA_l3_124
letter-probability matrix: alength= 4 w= 9 
 0.25 0.25 0.25 0.25
 0.25 0.25 0.25 0.25
 0.25 0.25 0.25 0.25
 0.25 0.25 0.25 0.25
 0.25 0.25 0.25 0.25
 0.25 0.25 0.25 0.25
 0.25 0.25 0.25 0.25
 0.25 0.25 0.25 0.25
 0.25 0.25 0.25 0.25

MOTIF MMPA_l3_125
letter-probability matrix: alength= 4 w= 9 
 0.25 0.25 0.25 0.25
 0.25 0.25 0.25 0.25
 0.25 0.25 0.25 0.25
 0.25 0.25 0.25 0.25
 0.25 0.25 0.25 0.25
 0.25 0.25 0.25 0.25
 0.25 0.25 0.25 0.25
 0.25 0.25 0.25 0.25
 0.25 0.25 0.25 0.25

MOTIF MMPA_l3_126
letter-probability matrix: alength= 4 w= 9 
 0.25 0.25 0.25 0.25
 0.25 0.25 0.25 0.25
 0.25 0.25 0.25 0.25
 0.25 0.25 0.25 0.25
 0.25 0.25 0.25 0.25
 0.25 0.25 0.25 0.25
 0.25 0.25 0.25 0.25
 0.25 0.25 0.25 0.25
 0.25 0.25 0.25 0.25

MOTIF MMPA_l3_127
letter-probability matrix: alength= 4 w= 9 
 0.25 0.25 0.25 0.25
 0.25 0.25 0.25 0.25
 0.25 0.25 0.25 0.25
 0.25 0.25 0.25 0.25
 0.25 0.25 0.25 0.25
 0.25 0.25 0.25 0.25
 0.25 0.25 0.25 0.25
 0.25 0.25 0.25 0.25
 0.25 0.25 0.25 0.25

MOTIF MMPA_l3_128
letter-probability matrix: alength= 4 w= 9 
 0.25 0.25 0.25 0.25
 0.25 0.25 0.25 0.25
 0.25 0.25 0.25 0.25
 0.25 0.25 0.25 0.25
 0.25 0.25 0.25 0.25
 0.25 0.25 0.25 0.25
 0.25 0.25 0.25 0.25
 0.25 0.25 0.25 0.25
 0.25 0.25 0.25 0.25

MOTIF MMPA_l3_129
letter-probability matrix: alength= 4 w= 9 
 0.25 0.25 0.25 0.25
 0.25 0.25 0.25 0.25
 0.25 0.25 0.25 0.25
 0.25 0.25 0.25 0.25
 0.25 0.25 0.25 0.25
 0.25 0.25 0.25 0.25
 0.25 0.25 0.25 0.25
 0.25 0.25 0.25 0.25
 0.25 0.25 0.25 0.25

MOTIF MMPA_l3_130
letter-probability matrix: alength= 4 w= 9 
 0.25 0.25 0.25 0.25
 0.25 0.25 0.25 0.25
 0.25 0.25 0.25 0.25
 0.25 0.25 0.25 0.25
 0.25 0.25 0.25 0.25
 0.25 0.25 0.25 0.25
 0.25 0.25 0.25 0.25
 0.25 0.25 0.25 0.25
 0.25 0.25 0.25 0.25

MOTIF MMPA_l3_131
letter-probability matrix: alength= 4 w= 9 
 0.25 0.25 0.25 0.25
 0.25 0.25 0.25 0.25
 0.25 0.25 0.25 0.25
 0.25 0.25 0.25 0.25
 0.25 0.25 0.25 0.25
 0.25 0.25 0.25 0.25
 0.25 0.25 0.25 0.25
 0.25 0.25 0.25 0.25
 0.25 0.25 0.25 0.25

MOTIF MMPA_l3_132
letter-probability matrix: alength= 4 w= 9 
 0.25 0.25 0.25 0.25
 0.25 0.25 0.25 0.25
 0.25 0.25 0.25 0.25
 0.25 0.25 0.25 0.25
 0.25 0.25 0.25 0.25
 0.25 0.25 0.25 0.25
 0.25 0.25 0.25 0.25
 0.25 0.25 0.25 0.25
 0.25 0.25 0.25 0.25

MOTIF MMPA_l3_133
letter-probability matrix: alength= 4 w= 9 
 0.25 0.25 0.25 0.25
 0.25 0.25 0.25 0.25
 0.25 0.25 0.25 0.25
 0.25 0.25 0.25 0.25
 0.25 0.25 0.25 0.25
 0.25 0.25 0.25 0.25
 0.25 0.25 0.25 0.25
 0.25 0.25 0.25 0.25
 0.25 0.25 0.25 0.25

MOTIF MMPA_l3_134
letter-probability matrix: alength= 4 w= 9 
 0.25 0.25 0.25 0.25
 0.25 0.25 0.25 0.25
 0.25 0.25 0.25 0.25
 0.25 0.25 0.25 0.25
 0.25 0.25 0.25 0.25
 0.25 0.25 0.25 0.25
 0.25 0.25 0.25 0.25
 0.25 0.25 0.25 0.25
 0.25 0.25 0.25 0.25

MOTIF MMPA_l3_135
letter-probability matrix: alength= 4 w= 9 
 0.25 0.25 0.25 0.25
 0.25 0.25 0.25 0.25
 0.25 0.25 0.25 0.25
 0.25 0.25 0.25 0.25
 0.25 0.25 0.25 0.25
 0.25 0.25 0.25 0.25
 0.25 0.25 0.25 0.25
 0.25 0.25 0.25 0.25
 0.25 0.25 0.25 0.25

MOTIF MMPA_l3_136
letter-probability matrix: alength= 4 w= 9 
 0.25 0.25 0.25 0.25
 0.25 0.25 0.25 0.25
 0.25 0.25 0.25 0.25
 0.25 0.25 0.25 0.25
 0.25 0.25 0.25 0.25
 0.25 0.25 0.25 0.25
 0.25 0.25 0.25 0.25
 0.25 0.25 0.25 0.25
 0.25 0.25 0.25 0.25

MOTIF MMPA_l3_137
letter-probability matrix: alength= 4 w= 9 
 0.25 0.25 0.25 0.25
 0.25 0.25 0.25 0.25
 0.25 0.25 0.25 0.25
 0.25 0.25 0.25 0.25
 0.25 0.25 0.25 0.25
 0.25 0.25 0.25 0.25
 0.25 0.25 0.25 0.25
 0.25 0.25 0.25 0.25
 0.25 0.25 0.25 0.25

MOTIF MMPA_l3_138
letter-probability matrix: alength= 4 w= 9 
 0.25 0.25 0.25 0.25
 0.25 0.25 0.25 0.25
 0.25 0.25 0.25 0.25
 0.25 0.25 0.25 0.25
 0.25 0.25 0.25 0.25
 0.25 0.25 0.25 0.25
 0.25 0.25 0.25 0.25
 0.25 0.25 0.25 0.25
 0.25 0.25 0.25 0.25

MOTIF MMPA_l3_139
letter-probability matrix: alength= 4 w= 9 
 0.25 0.25 0.25 0.25
 0.25 0.25 0.25 0.25
 0.25 0.25 0.25 0.25
 0.25 0.25 0.25 0.25
 0.25 0.25 0.25 0.25
 0.25 0.25 0.25 0.25
 0.25 0.25 0.25 0.25
 0.25 0.25 0.25 0.25
 0.25 0.25 0.25 0.25

MOTIF MMPA_l3_140
letter-probability matrix: alength= 4 w= 9 
 0.25 0.25 0.25 0.25
 0.25 0.25 0.25 0.25
 0.25 0.25 0.25 0.25
 0.25 0.25 0.25 0.25
 0.25 0.25 0.25 0.25
 0.25 0.25 0.25 0.25
 0.25 0.25 0.25 0.25
 0.25 0.25 0.25 0.25
 0.25 0.25 0.25 0.25

MOTIF MMPA_l3_141
letter-probability matrix: alength= 4 w= 9 
 0.25 0.25 0.25 0.25
 0.25 0.25 0.25 0.25
 0.25 0.25 0.25 0.25
 0.25 0.25 0.25 0.25
 0.25 0.25 0.25 0.25
 0.25 0.25 0.25 0.25
 0.25 0.25 0.25 0.25
 0.25 0.25 0.25 0.25
 0.25 0.25 0.25 0.25

MOTIF MMPA_l3_142
letter-probability matrix: alength= 4 w= 9 
 0.25 0.25 0.25 0.25
 0.25 0.25 0.25 0.25
 0.25 0.25 0.25 0.25
 0.25 0.25 0.25 0.25
 0.25 0.25 0.25 0.25
 0.25 0.25 0.25 0.25
 0.25 0.25 0.25 0.25
 0.25 0.25 0.25 0.25
 0.25 0.25 0.25 0.25

MOTIF MMPA_l3_143
letter-probability matrix: alength= 4 w= 9 
 0.25 0.25 0.25 0.25
 0.25 0.25 0.25 0.25
 0.25 0.25 0.25 0.25
 0.25 0.25 0.25 0.25
 0.25 0.25 0.25 0.25
 0.25 0.25 0.25 0.25
 0.25 0.25 0.25 0.25
 0.25 0.25 0.25 0.25
 0.25 0.25 0.25 0.25

MOTIF MMPA_l3_144
letter-probability matrix: alength= 4 w= 9 
 0.25 0.25 0.25 0.25
 0.25 0.25 0.25 0.25
 0.25 0.25 0.25 0.25
 0.25 0.25 0.25 0.25
 0.25 0.25 0.25 0.25
 0.25 0.25 0.25 0.25
 0.25 0.25 0.25 0.25
 0.25 0.25 0.25 0.25
 0.25 0.25 0.25 0.25

MOTIF MMPA_l3_145
letter-probability matrix: alength= 4 w= 9 
 0.25 0.25 0.25 0.25
 0.25 0.25 0.25 0.25
 0.25 0.25 0.25 0.25
 0.25 0.25 0.25 0.25
 0.25 0.25 0.25 0.25
 0.25 0.25 0.25 0.25
 0.25 0.25 0.25 0.25
 0.25 0.25 0.25 0.25
 0.25 0.25 0.25 0.25

MOTIF MMPA_l3_146
letter-probability matrix: alength= 4 w= 9 
 0.25 0.25 0.25 0.25
 0.25 0.25 0.25 0.25
 0.25 0.25 0.25 0.25
 0.25 0.25 0.25 0.25
 0.25 0.25 0.25 0.25
 0.25 0.25 0.25 0.25
 0.25 0.25 0.25 0.25
 0.25 0.25 0.25 0.25
 0.25 0.25 0.25 0.25

MOTIF MMPA_l3_147
letter-probability matrix: alength= 4 w= 9 
 0.25 0.25 0.25 0.25
 0.25 0.25 0.25 0.25
 0.25 0.25 0.25 0.25
 0.25 0.25 0.25 0.25
 0.25 0.25 0.25 0.25
 0.25 0.25 0.25 0.25
 0.25 0.25 0.25 0.25
 0.25 0.25 0.25 0.25
 0.25 0.25 0.25 0.25

MOTIF MMPA_l3_148
letter-probability matrix: alength= 4 w= 9 
 0.25 0.25 0.25 0.25
 0.25 0.25 0.25 0.25
 0.25 0.25 0.25 0.25
 0.25 0.25 0.25 0.25
 0.25 0.25 0.25 0.25
 0.25 0.25 0.25 0.25
 0.25 0.25 0.25 0.25
 0.25 0.25 0.25 0.25
 0.25 0.25 0.25 0.25

MOTIF MMPA_l3_149
letter-probability matrix: alength= 4 w= 9 
 0.25 0.25 0.25 0.25
 0.25 0.25 0.25 0.25
 0.25 0.25 0.25 0.25
 0.25 0.25 0.25 0.25
 0.25 0.25 0.25 0.25
 0.25 0.25 0.25 0.25
 0.25 0.25 0.25 0.25
 0.25 0.25 0.25 0.25
 0.25 0.25 0.25 0.25

MOTIF MMPA_l3_150
letter-probability matrix: alength= 4 w= 9 
 0.25 0.25 0.25 0.25
 0.25 0.25 0.25 0.25
 0.25 0.25 0.25 0.25
 0.25 0.25 0.25 0.25
 0.25 0.25 0.25 0.25
 0.25 0.25 0.25 0.25
 0.25 0.25 0.25 0.25
 0.25 0.25 0.25 0.25
 0.25 0.25 0.25 0.25

MOTIF MMPA_l3_151
letter-probability matrix: alength= 4 w= 9 
 0.25 0.25 0.25 0.25
 0.25 0.25 0.25 0.25
 0.25 0.25 0.25 0.25
 0.25 0.25 0.25 0.25
 0.25 0.25 0.25 0.25
 0.25 0.25 0.25 0.25
 0.25 0.25 0.25 0.25
 0.25 0.25 0.25 0.25
 0.25 0.25 0.25 0.25

MOTIF MMPA_l3_152
letter-probability matrix: alength= 4 w= 9 
 0.25 0.25 0.25 0.25
 0.25 0.25 0.25 0.25
 0.25 0.25 0.25 0.25
 0.25 0.25 0.25 0.25
 0.25 0.25 0.25 0.25
 0.25 0.25 0.25 0.25
 0.25 0.25 0.25 0.25
 0.25 0.25 0.25 0.25
 0.25 0.25 0.25 0.25

MOTIF MMPA_l3_153
letter-probability matrix: alength= 4 w= 9 
 0.25 0.25 0.25 0.25
 0.25 0.25 0.25 0.25
 0.25 0.25 0.25 0.25
 0.25 0.25 0.25 0.25
 0.25 0.25 0.25 0.25
 0.25 0.25 0.25 0.25
 0.25 0.25 0.25 0.25
 0.25 0.25 0.25 0.25
 0.25 0.25 0.25 0.25

MOTIF MMPA_l3_154
letter-probability matrix: alength= 4 w= 9 
 0.25 0.25 0.25 0.25
 0.25 0.25 0.25 0.25
 0.25 0.25 0.25 0.25
 0.25 0.25 0.25 0.25
 0.25 0.25 0.25 0.25
 0.25 0.25 0.25 0.25
 0.25 0.25 0.25 0.25
 0.25 0.25 0.25 0.25
 0.25 0.25 0.25 0.25

MOTIF MMPA_l3_155
letter-probability matrix: alength= 4 w= 9 
 0.25 0.25 0.25 0.25
 0.25 0.25 0.25 0.25
 0.25 0.25 0.25 0.25
 0.25 0.25 0.25 0.25
 0.25 0.25 0.25 0.25
 0.25 0.25 0.25 0.25
 0.25 0.25 0.25 0.25
 0.25 0.25 0.25 0.25
 0.25 0.25 0.25 0.25

MOTIF MMPA_l3_156
letter-probability matrix: alength= 4 w= 9 
 0.25 0.25 0.25 0.25
 0.25 0.25 0.25 0.25
 0.25 0.25 0.25 0.25
 0.25 0.25 0.25 0.25
 0.25 0.25 0.25 0.25
 0.25 0.25 0.25 0.25
 0.25 0.25 0.25 0.25
 0.25 0.25 0.25 0.25
 0.25 0.25 0.25 0.25

MOTIF MMPA_l3_157
letter-probability matrix: alength= 4 w= 9 
 0.25 0.25 0.25 0.25
 0.25 0.25 0.25 0.25
 0.25 0.25 0.25 0.25
 0.25 0.25 0.25 0.25
 0.25 0.25 0.25 0.25
 0.25 0.25 0.25 0.25
 0.25 0.25 0.25 0.25
 0.25 0.25 0.25 0.25
 0.25 0.25 0.25 0.25

MOTIF MMPA_l3_158
letter-probability matrix: alength= 4 w= 9 
 0.25 0.25 0.25 0.25
 0.25 0.25 0.25 0.25
 0.25 0.25 0.25 0.25
 0.25 0.25 0.25 0.25
 0.25 0.25 0.25 0.25
 0.25 0.25 0.25 0.25
 0.25 0.25 0.25 0.25
 0.25 0.25 0.25 0.25
 0.25 0.25 0.25 0.25

MOTIF MMPA_l3_159
letter-probability matrix: alength= 4 w= 9 
 0.25 0.25 0.25 0.25
 0.25 0.25 0.25 0.25
 0.25 0.25 0.25 0.25
 0.25 0.25 0.25 0.25
 0.25 0.25 0.25 0.25
 0.25 0.25 0.25 0.25
 0.25 0.25 0.25 0.25
 0.25 0.25 0.25 0.25
 0.25 0.25 0.25 0.25

MOTIF MMPA_l3_160
letter-probability matrix: alength= 4 w= 9 
 0.25 0.25 0.25 0.25
 0.25 0.25 0.25 0.25
 0.25 0.25 0.25 0.25
 0.25 0.25 0.25 0.25
 0.25 0.25 0.25 0.25
 0.25 0.25 0.25 0.25
 0.25 0.25 0.25 0.25
 0.25 0.25 0.25 0.25
 0.25 0.25 0.25 0.25

MOTIF MMPA_l3_161
letter-probability matrix: alength= 4 w= 9 
 0.25 0.25 0.25 0.25
 0.25 0.25 0.25 0.25
 0.25 0.25 0.25 0.25
 0.25 0.25 0.25 0.25
 0.25 0.25 0.25 0.25
 0.25 0.25 0.25 0.25
 0.25 0.25 0.25 0.25
 0.25 0.25 0.25 0.25
 0.25 0.25 0.25 0.25

MOTIF MMPA_l3_162
letter-probability matrix: alength= 4 w= 9 
 0.25 0.25 0.25 0.25
 0.25 0.25 0.25 0.25
 0.25 0.25 0.25 0.25
 0.25 0.25 0.25 0.25
 0.25 0.25 0.25 0.25
 0.25 0.25 0.25 0.25
 0.25 0.25 0.25 0.25
 0.25 0.25 0.25 0.25
 0.25 0.25 0.25 0.25

MOTIF MMPA_l3_163
letter-probability matrix: alength= 4 w= 9 
 0.25 0.25 0.25 0.25
 0.25 0.25 0.25 0.25
 0.25 0.25 0.25 0.25
 0.25 0.25 0.25 0.25
 0.25 0.25 0.25 0.25
 0.25 0.25 0.25 0.25
 0.25 0.25 0.25 0.25
 0.25 0.25 0.25 0.25
 0.25 0.25 0.25 0.25

MOTIF MMPA_l3_164
letter-probability matrix: alength= 4 w= 9 
 0.25 0.25 0.25 0.25
 0.25 0.25 0.25 0.25
 0.25 0.25 0.25 0.25
 0.25 0.25 0.25 0.25
 0.25 0.25 0.25 0.25
 0.25 0.25 0.25 0.25
 0.25 0.25 0.25 0.25
 0.25 0.25 0.25 0.25
 0.25 0.25 0.25 0.25

MOTIF MMPA_l3_165
letter-probability matrix: alength= 4 w= 9 
 0.25 0.25 0.25 0.25
 0.25 0.25 0.25 0.25
 0.25 0.25 0.25 0.25
 0.25 0.25 0.25 0.25
 0.25 0.25 0.25 0.25
 0.25 0.25 0.25 0.25
 0.25 0.25 0.25 0.25
 0.25 0.25 0.25 0.25
 0.25 0.25 0.25 0.25

MOTIF MMPA_l3_166
letter-probability matrix: alength= 4 w= 9 
 0.25 0.25 0.25 0.25
 0.25 0.25 0.25 0.25
 0.25 0.25 0.25 0.25
 0.25 0.25 0.25 0.25
 0.25 0.25 0.25 0.25
 0.25 0.25 0.25 0.25
 0.25 0.25 0.25 0.25
 0.25 0.25 0.25 0.25
 0.25 0.25 0.25 0.25

MOTIF MMPA_l3_167
letter-probability matrix: alength= 4 w= 9 
 0.25 0.25 0.25 0.25
 0.25 0.25 0.25 0.25
 0.25 0.25 0.25 0.25
 0.25 0.25 0.25 0.25
 0.25 0.25 0.25 0.25
 0.25 0.25 0.25 0.25
 0.25 0.25 0.25 0.25
 0.25 0.25 0.25 0.25
 0.25 0.25 0.25 0.25

MOTIF MMPA_l3_168
letter-probability matrix: alength= 4 w= 9 
 0.25 0.25 0.25 0.25
 0.25 0.25 0.25 0.25
 0.25 0.25 0.25 0.25
 0.25 0.25 0.25 0.25
 0.25 0.25 0.25 0.25
 0.25 0.25 0.25 0.25
 0.25 0.25 0.25 0.25
 0.25 0.25 0.25 0.25
 0.25 0.25 0.25 0.25

MOTIF MMPA_l3_169
letter-probability matrix: alength= 4 w= 9 
 0.25 0.25 0.25 0.25
 0.25 0.25 0.25 0.25
 0.25 0.25 0.25 0.25
 0.25 0.25 0.25 0.25
 0.25 0.25 0.25 0.25
 0.25 0.25 0.25 0.25
 0.25 0.25 0.25 0.25
 0.25 0.25 0.25 0.25
 0.25 0.25 0.25 0.25

MOTIF MMPA_l3_170
letter-probability matrix: alength= 4 w= 9 
 0.25 0.25 0.25 0.25
 0.25 0.25 0.25 0.25
 0.25 0.25 0.25 0.25
 0.25 0.25 0.25 0.25
 0.25 0.25 0.25 0.25
 0.25 0.25 0.25 0.25
 0.25 0.25 0.25 0.25
 0.25 0.25 0.25 0.25
 0.25 0.25 0.25 0.25

MOTIF MMPA_l3_171
letter-probability matrix: alength= 4 w= 9 
 0.25 0.25 0.25 0.25
 0.25 0.25 0.25 0.25
 0.25 0.25 0.25 0.25
 0.25 0.25 0.25 0.25
 0.25 0.25 0.25 0.25
 0.25 0.25 0.25 0.25
 0.25 0.25 0.25 0.25
 0.25 0.25 0.25 0.25
 0.25 0.25 0.25 0.25

MOTIF MMPA_l3_172
letter-probability matrix: alength= 4 w= 9 
 0.25 0.25 0.25 0.25
 0.25 0.25 0.25 0.25
 0.25 0.25 0.25 0.25
 0.25 0.25 0.25 0.25
 0.25 0.25 0.25 0.25
 0.25 0.25 0.25 0.25
 0.25 0.25 0.25 0.25
 0.25 0.25 0.25 0.25
 0.25 0.25 0.25 0.25

MOTIF MMPA_l3_173
letter-probability matrix: alength= 4 w= 9 
 0.25 0.25 0.25 0.25
 0.25 0.25 0.25 0.25
 0.25 0.25 0.25 0.25
 0.25 0.25 0.25 0.25
 0.25 0.25 0.25 0.25
 0.25 0.25 0.25 0.25
 0.25 0.25 0.25 0.25
 0.25 0.25 0.25 0.25
 0.25 0.25 0.25 0.25

MOTIF MMPA_l3_174
letter-probability matrix: alength= 4 w= 9 
 0.25 0.25 0.25 0.25
 0.25 0.25 0.25 0.25
 0.25 0.25 0.25 0.25
 0.25 0.25 0.25 0.25
 0.25 0.25 0.25 0.25
 0.25 0.25 0.25 0.25
 0.25 0.25 0.25 0.25
 0.25 0.25 0.25 0.25
 0.25 0.25 0.25 0.25

MOTIF MMPA_l3_175
letter-probability matrix: alength= 4 w= 9 
 0.25 0.25 0.25 0.25
 0.25 0.25 0.25 0.25
 0.25 0.25 0.25 0.25
 0.25 0.25 0.25 0.25
 0.25 0.25 0.25 0.25
 0.25 0.25 0.25 0.25
 0.25 0.25 0.25 0.25
 0.25 0.25 0.25 0.25
 0.25 0.25 0.25 0.25

MOTIF MMPA_l3_176
letter-probability matrix: alength= 4 w= 9 
 0.25 0.25 0.25 0.25
 0.25 0.25 0.25 0.25
 0.25 0.25 0.25 0.25
 0.25 0.25 0.25 0.25
 0.25 0.25 0.25 0.25
 0.25 0.25 0.25 0.25
 0.25 0.25 0.25 0.25
 0.25 0.25 0.25 0.25
 0.25 0.25 0.25 0.25

MOTIF MMPA_l3_177
letter-probability matrix: alength= 4 w= 9 
 0.25 0.25 0.25 0.25
 0.25 0.25 0.25 0.25
 0.25 0.25 0.25 0.25
 0.25 0.25 0.25 0.25
 0.25 0.25 0.25 0.25
 0.25 0.25 0.25 0.25
 0.25 0.25 0.25 0.25
 0.25 0.25 0.25 0.25
 0.25 0.25 0.25 0.25

MOTIF MMPA_l3_178
letter-probability matrix: alength= 4 w= 9 
 0.25 0.25 0.25 0.25
 0.25 0.25 0.25 0.25
 0.25 0.25 0.25 0.25
 0.25 0.25 0.25 0.25
 0.25 0.25 0.25 0.25
 0.25 0.25 0.25 0.25
 0.25 0.25 0.25 0.25
 0.25 0.25 0.25 0.25
 0.25 0.25 0.25 0.25

MOTIF MMPA_l3_179
letter-probability matrix: alength= 4 w= 9 
 0.25 0.25 0.25 0.25
 0.25 0.25 0.25 0.25
 0.25 0.25 0.25 0.25
 0.25 0.25 0.25 0.25
 0.25 0.25 0.25 0.25
 0.25 0.25 0.25 0.25
 0.25 0.25 0.25 0.25
 0.25 0.25 0.25 0.25
 0.25 0.25 0.25 0.25

MOTIF MMPA_l3_180
letter-probability matrix: alength= 4 w= 9 
 0.25 0.25 0.25 0.25
 0.25 0.25 0.25 0.25
 0.25 0.25 0.25 0.25
 0.25 0.25 0.25 0.25
 0.25 0.25 0.25 0.25
 0.25 0.25 0.25 0.25
 0.25 0.25 0.25 0.25
 0.25 0.25 0.25 0.25
 0.25 0.25 0.25 0.25

MOTIF MMPA_l3_181
letter-probability matrix: alength= 4 w= 9 
 0.25 0.25 0.25 0.25
 0.25 0.25 0.25 0.25
 0.25 0.25 0.25 0.25
 0.25 0.25 0.25 0.25
 0.25 0.25 0.25 0.25
 0.25 0.25 0.25 0.25
 0.25 0.25 0.25 0.25
 0.25 0.25 0.25 0.25
 0.25 0.25 0.25 0.25

MOTIF MMPA_l3_182
letter-probability matrix: alength= 4 w= 9 
 0.25 0.25 0.25 0.25
 0.25 0.25 0.25 0.25
 0.25 0.25 0.25 0.25
 0.25 0.25 0.25 0.25
 0.25 0.25 0.25 0.25
 0.25 0.25 0.25 0.25
 0.25 0.25 0.25 0.25
 0.25 0.25 0.25 0.25
 0.25 0.25 0.25 0.25

MOTIF MMPA_l3_183
letter-probability matrix: alength= 4 w= 9 
 0.25 0.25 0.25 0.25
 0.25 0.25 0.25 0.25
 0.25 0.25 0.25 0.25
 0.25 0.25 0.25 0.25
 0.25 0.25 0.25 0.25
 0.25 0.25 0.25 0.25
 0.25 0.25 0.25 0.25
 0.25 0.25 0.25 0.25
 0.25 0.25 0.25 0.25

MOTIF MMPA_l3_184
letter-probability matrix: alength= 4 w= 9 
 0.25 0.25 0.25 0.25
 0.25 0.25 0.25 0.25
 0.25 0.25 0.25 0.25
 0.25 0.25 0.25 0.25
 0.25 0.25 0.25 0.25
 0.25 0.25 0.25 0.25
 0.25 0.25 0.25 0.25
 0.25 0.25 0.25 0.25
 0.25 0.25 0.25 0.25

MOTIF MMPA_l3_185
letter-probability matrix: alength= 4 w= 9 
 0.25 0.25 0.25 0.25
 0.25 0.25 0.25 0.25
 0.25 0.25 0.25 0.25
 0.25 0.25 0.25 0.25
 0.25 0.25 0.25 0.25
 0.25 0.25 0.25 0.25
 0.25 0.25 0.25 0.25
 0.25 0.25 0.25 0.25
 0.25 0.25 0.25 0.25

MOTIF MMPA_l3_186
letter-probability matrix: alength= 4 w= 9 
 0.25 0.25 0.25 0.25
 0.25 0.25 0.25 0.25
 0.25 0.25 0.25 0.25
 0.25 0.25 0.25 0.25
 0.25 0.25 0.25 0.25
 0.25 0.25 0.25 0.25
 0.25 0.25 0.25 0.25
 0.25 0.25 0.25 0.25
 0.25 0.25 0.25 0.25

MOTIF MMPA_l3_187
letter-probability matrix: alength= 4 w= 9 
 0.25 0.25 0.25 0.25
 0.25 0.25 0.25 0.25
 0.25 0.25 0.25 0.25
 0.25 0.25 0.25 0.25
 0.25 0.25 0.25 0.25
 0.25 0.25 0.25 0.25
 0.25 0.25 0.25 0.25
 0.25 0.25 0.25 0.25
 0.25 0.25 0.25 0.25

MOTIF MMPA_l3_188
letter-probability matrix: alength= 4 w= 9 
 0.25 0.25 0.25 0.25
 0.25 0.25 0.25 0.25
 0.25 0.25 0.25 0.25
 0.25 0.25 0.25 0.25
 0.25 0.25 0.25 0.25
 0.25 0.25 0.25 0.25
 0.25 0.25 0.25 0.25
 0.25 0.25 0.25 0.25
 0.25 0.25 0.25 0.25

MOTIF MMPA_l3_189
letter-probability matrix: alength= 4 w= 9 
 0.25 0.25 0.25 0.25
 0.25 0.25 0.25 0.25
 0.25 0.25 0.25 0.25
 0.25 0.25 0.25 0.25
 0.25 0.25 0.25 0.25
 0.25 0.25 0.25 0.25
 0.25 0.25 0.25 0.25
 0.25 0.25 0.25 0.25
 0.25 0.25 0.25 0.25

MOTIF MMPA_l3_190
letter-probability matrix: alength= 4 w= 9 
 0.25 0.25 0.25 0.25
 0.25 0.25 0.25 0.25
 0.25 0.25 0.25 0.25
 0.25 0.25 0.25 0.25
 0.25 0.25 0.25 0.25
 0.25 0.25 0.25 0.25
 0.25 0.25 0.25 0.25
 0.25 0.25 0.25 0.25
 0.25 0.25 0.25 0.25

MOTIF MMPA_l3_191
letter-probability matrix: alength= 4 w= 9 
 0.25 0.25 0.25 0.25
 0.25 0.25 0.25 0.25
 0.25 0.25 0.25 0.25
 0.25 0.25 0.25 0.25
 0.25 0.25 0.25 0.25
 0.25 0.25 0.25 0.25
 0.25 0.25 0.25 0.25
 0.25 0.25 0.25 0.25
 0.25 0.25 0.25 0.25

MOTIF MMPA_l3_192
letter-probability matrix: alength= 4 w= 9 
 0.25 0.25 0.25 0.25
 0.25 0.25 0.25 0.25
 0.25 0.25 0.25 0.25
 0.25 0.25 0.25 0.25
 0.25 0.25 0.25 0.25
 0.25 0.25 0.25 0.25
 0.25 0.25 0.25 0.25
 0.25 0.25 0.25 0.25
 0.25 0.25 0.25 0.25

MOTIF MMPA_l3_193
letter-probability matrix: alength= 4 w= 9 
 0.25 0.25 0.25 0.25
 0.25 0.25 0.25 0.25
 0.25 0.25 0.25 0.25
 0.25 0.25 0.25 0.25
 0.25 0.25 0.25 0.25
 0.25 0.25 0.25 0.25
 0.25 0.25 0.25 0.25
 0.25 0.25 0.25 0.25
 0.25 0.25 0.25 0.25

MOTIF MMPA_l3_194
letter-probability matrix: alength= 4 w= 9 
 0.25 0.25 0.25 0.25
 0.25 0.25 0.25 0.25
 0.25 0.25 0.25 0.25
 0.25 0.25 0.25 0.25
 0.25 0.25 0.25 0.25
 0.25 0.25 0.25 0.25
 0.25 0.25 0.25 0.25
 0.25 0.25 0.25 0.25
 0.25 0.25 0.25 0.25

MOTIF MMPA_l3_195
letter-probability matrix: alength= 4 w= 9 
 0.25 0.25 0.25 0.25
 0.25 0.25 0.25 0.25
 0.25 0.25 0.25 0.25
 0.25 0.25 0.25 0.25
 0.25 0.25 0.25 0.25
 0.25 0.25 0.25 0.25
 0.25 0.25 0.25 0.25
 0.25 0.25 0.25 0.25
 0.25 0.25 0.25 0.25

MOTIF MMPA_l3_196
letter-probability matrix: alength= 4 w= 9 
 0.25 0.25 0.25 0.25
 0.25 0.25 0.25 0.25
 0.25 0.25 0.25 0.25
 0.25 0.25 0.25 0.25
 0.25 0.25 0.25 0.25
 0.25 0.25 0.25 0.25
 0.25 0.25 0.25 0.25
 0.25 0.25 0.25 0.25
 0.25 0.25 0.25 0.25

MOTIF MMPA_l3_197
letter-probability matrix: alength= 4 w= 9 
 0.25 0.25 0.25 0.25
 0.25 0.25 0.25 0.25
 0.25 0.25 0.25 0.25
 0.25 0.25 0.25 0.25
 0.25 0.25 0.25 0.25
 0.25 0.25 0.25 0.25
 0.25 0.25 0.25 0.25
 0.25 0.25 0.25 0.25
 0.25 0.25 0.25 0.25

MOTIF MMPA_l3_198
letter-probability matrix: alength= 4 w= 9 
 0.25 0.25 0.25 0.25
 0.25 0.25 0.25 0.25
 0.25 0.25 0.25 0.25
 0.25 0.25 0.25 0.25
 0.25 0.25 0.25 0.25
 0.25 0.25 0.25 0.25
 0.25 0.25 0.25 0.25
 0.25 0.25 0.25 0.25
 0.25 0.25 0.25 0.25

MOTIF MMPA_l3_199
letter-probability matrix: alength= 4 w= 9 
 0.25 0.25 0.25 0.25
 0.25 0.25 0.25 0.25
 0.25 0.25 0.25 0.25
 0.25 0.25 0.25 0.25
 0.25 0.25 0.25 0.25
 0.25 0.25 0.25 0.25
 0.25 0.25 0.25 0.25
 0.25 0.25 0.25 0.25
 0.25 0.25 0.25 0.25

MOTIF MMPA_l3_200
letter-probability matrix: alength= 4 w= 9 
 0.25 0.25 0.25 0.25
 0.25 0.25 0.25 0.25
 0.25 0.25 0.25 0.25
 0.25 0.25 0.25 0.25
 0.25 0.25 0.25 0.25
 0.25 0.25 0.25 0.25
 0.25 0.25 0.25 0.25
 0.25 0.25 0.25 0.25
 0.25 0.25 0.25 0.25

MOTIF MMPA_l3_201
letter-probability matrix: alength= 4 w= 9 
 0.25 0.25 0.25 0.25
 0.25 0.25 0.25 0.25
 0.25 0.25 0.25 0.25
 0.25 0.25 0.25 0.25
 0.25 0.25 0.25 0.25
 0.25 0.25 0.25 0.25
 0.25 0.25 0.25 0.25
 0.25 0.25 0.25 0.25
 0.25 0.25 0.25 0.25

MOTIF MMPA_l3_202
letter-probability matrix: alength= 4 w= 9 
 0.25 0.25 0.25 0.25
 0.25 0.25 0.25 0.25
 0.25 0.25 0.25 0.25
 0.25 0.25 0.25 0.25
 0.25 0.25 0.25 0.25
 0.25 0.25 0.25 0.25
 0.25 0.25 0.25 0.25
 0.25 0.25 0.25 0.25
 0.25 0.25 0.25 0.25

MOTIF MMPA_l3_203
letter-probability matrix: alength= 4 w= 9 
 0.25 0.25 0.25 0.25
 0.25 0.25 0.25 0.25
 0.25 0.25 0.25 0.25
 0.25 0.25 0.25 0.25
 0.25 0.25 0.25 0.25
 0.25 0.25 0.25 0.25
 0.25 0.25 0.25 0.25
 0.25 0.25 0.25 0.25
 0.25 0.25 0.25 0.25

MOTIF MMPA_l3_204
letter-probability matrix: alength= 4 w= 9 
 0.25 0.25 0.25 0.25
 0.25 0.25 0.25 0.25
 0.25 0.25 0.25 0.25
 0.25 0.25 0.25 0.25
 0.25 0.25 0.25 0.25
 0.25 0.25 0.25 0.25
 0.25 0.25 0.25 0.25
 0.25 0.25 0.25 0.25
 0.25 0.25 0.25 0.25

MOTIF MMPA_l3_205
letter-probability matrix: alength= 4 w= 9 
 0.25 0.25 0.25 0.25
 0.25 0.25 0.25 0.25
 0.25 0.25 0.25 0.25
 0.25 0.25 0.25 0.25
 0.25 0.25 0.25 0.25
 0.25 0.25 0.25 0.25
 0.25 0.25 0.25 0.25
 0.25 0.25 0.25 0.25
 0.25 0.25 0.25 0.25

MOTIF MMPA_l3_206
letter-probability matrix: alength= 4 w= 9 
 0.25 0.25 0.25 0.25
 0.25 0.25 0.25 0.25
 0.25 0.25 0.25 0.25
 0.25 0.25 0.25 0.25
 0.25 0.25 0.25 0.25
 0.25 0.25 0.25 0.25
 0.25 0.25 0.25 0.25
 0.25 0.25 0.25 0.25
 0.25 0.25 0.25 0.25

MOTIF MMPA_l3_207
letter-probability matrix: alength= 4 w= 9 
 0.25 0.25 0.25 0.25
 0.25 0.25 0.25 0.25
 0.25 0.25 0.25 0.25
 0.25 0.25 0.25 0.25
 0.25 0.25 0.25 0.25
 0.25 0.25 0.25 0.25
 0.25 0.25 0.25 0.25
 0.25 0.25 0.25 0.25
 0.25 0.25 0.25 0.25

MOTIF MMPA_l3_208
letter-probability matrix: alength= 4 w= 9 
 0.25 0.25 0.25 0.25
 0.25 0.25 0.25 0.25
 0.25 0.25 0.25 0.25
 0.25 0.25 0.25 0.25
 0.25 0.25 0.25 0.25
 0.25 0.25 0.25 0.25
 0.25 0.25 0.25 0.25
 0.25 0.25 0.25 0.25
 0.25 0.25 0.25 0.25

MOTIF MMPA_l3_209
letter-probability matrix: alength= 4 w= 9 
 0.25 0.25 0.25 0.25
 0.25 0.25 0.25 0.25
 0.25 0.25 0.25 0.25
 0.25 0.25 0.25 0.25
 0.25 0.25 0.25 0.25
 0.25 0.25 0.25 0.25
 0.25 0.25 0.25 0.25
 0.25 0.25 0.25 0.25
 0.25 0.25 0.25 0.25

MOTIF MMPA_l3_210
letter-probability matrix: alength= 4 w= 9 
 0.25 0.25 0.25 0.25
 0.25 0.25 0.25 0.25
 0.25 0.25 0.25 0.25
 0.25 0.25 0.25 0.25
 0.25 0.25 0.25 0.25
 0.25 0.25 0.25 0.25
 0.25 0.25 0.25 0.25
 0.25 0.25 0.25 0.25
 0.25 0.25 0.25 0.25

MOTIF MMPA_l3_211
letter-probability matrix: alength= 4 w= 9 
 0.25 0.25 0.25 0.25
 0.25 0.25 0.25 0.25
 0.25 0.25 0.25 0.25
 0.25 0.25 0.25 0.25
 0.25 0.25 0.25 0.25
 0.25 0.25 0.25 0.25
 0.25 0.25 0.25 0.25
 0.25 0.25 0.25 0.25
 0.25 0.25 0.25 0.25

MOTIF MMPA_l3_212
letter-probability matrix: alength= 4 w= 9 
 0.25 0.25 0.25 0.25
 0.25 0.25 0.25 0.25
 0.25 0.25 0.25 0.25
 0.25 0.25 0.25 0.25
 0.25 0.25 0.25 0.25
 0.25 0.25 0.25 0.25
 0.25 0.25 0.25 0.25
 0.25 0.25 0.25 0.25
 0.25 0.25 0.25 0.25

MOTIF MMPA_l3_213
letter-probability matrix: alength= 4 w= 9 
 0.25 0.25 0.25 0.25
 0.25 0.25 0.25 0.25
 0.25 0.25 0.25 0.25
 0.25 0.25 0.25 0.25
 0.25 0.25 0.25 0.25
 0.25 0.25 0.25 0.25
 0.25 0.25 0.25 0.25
 0.25 0.25 0.25 0.25
 0.25 0.25 0.25 0.25

MOTIF MMPA_l3_214
letter-probability matrix: alength= 4 w= 9 
 0.25 0.25 0.25 0.25
 0.25 0.25 0.25 0.25
 0.25 0.25 0.25 0.25
 0.25 0.25 0.25 0.25
 0.25 0.25 0.25 0.25
 0.25 0.25 0.25 0.25
 0.25 0.25 0.25 0.25
 0.25 0.25 0.25 0.25
 0.25 0.25 0.25 0.25

MOTIF MMPA_l3_215
letter-probability matrix: alength= 4 w= 9 
 0.25 0.25 0.25 0.25
 0.25 0.25 0.25 0.25
 0.25 0.25 0.25 0.25
 0.25 0.25 0.25 0.25
 0.25 0.25 0.25 0.25
 0.25 0.25 0.25 0.25
 0.25 0.25 0.25 0.25
 0.25 0.25 0.25 0.25
 0.25 0.25 0.25 0.25

MOTIF MMPA_l3_216
letter-probability matrix: alength= 4 w= 9 
 0.25 0.25 0.25 0.25
 0.25 0.25 0.25 0.25
 0.25 0.25 0.25 0.25
 0.25 0.25 0.25 0.25
 0.25 0.25 0.25 0.25
 0.25 0.25 0.25 0.25
 0.25 0.25 0.25 0.25
 0.25 0.25 0.25 0.25
 0.25 0.25 0.25 0.25

MOTIF MMPA_l3_217
letter-probability matrix: alength= 4 w= 9 
 0.25 0.25 0.25 0.25
 0.25 0.25 0.25 0.25
 0.25 0.25 0.25 0.25
 0.25 0.25 0.25 0.25
 0.25 0.25 0.25 0.25
 0.25 0.25 0.25 0.25
 0.25 0.25 0.25 0.25
 0.25 0.25 0.25 0.25
 0.25 0.25 0.25 0.25

MOTIF MMPA_l3_218
letter-probability matrix: alength= 4 w= 9 
 0.25 0.25 0.25 0.25
 0.25 0.25 0.25 0.25
 0.25 0.25 0.25 0.25
 0.25 0.25 0.25 0.25
 0.25 0.25 0.25 0.25
 0.25 0.25 0.25 0.25
 0.25 0.25 0.25 0.25
 0.25 0.25 0.25 0.25
 0.25 0.25 0.25 0.25

MOTIF MMPA_l3_219
letter-probability matrix: alength= 4 w= 9 
 0.25 0.25 0.25 0.25
 0.25 0.25 0.25 0.25
 0.25 0.25 0.25 0.25
 0.25 0.25 0.25 0.25
 0.25 0.25 0.25 0.25
 0.25 0.25 0.25 0.25
 0.25 0.25 0.25 0.25
 0.25 0.25 0.25 0.25
 0.25 0.25 0.25 0.25

MOTIF MMPA_l3_220
letter-probability matrix: alength= 4 w= 9 
 0.25 0.25 0.25 0.25
 0.25 0.25 0.25 0.25
 0.25 0.25 0.25 0.25
 0.25 0.25 0.25 0.25
 0.25 0.25 0.25 0.25
 0.25 0.25 0.25 0.25
 0.25 0.25 0.25 0.25
 0.25 0.25 0.25 0.25
 0.25 0.25 0.25 0.25

MOTIF MMPA_l3_221
letter-probability matrix: alength= 4 w= 9 
 0.25 0.25 0.25 0.25
 0.25 0.25 0.25 0.25
 0.25 0.25 0.25 0.25
 0.25 0.25 0.25 0.25
 0.25 0.25 0.25 0.25
 0.25 0.25 0.25 0.25
 0.25 0.25 0.25 0.25
 0.25 0.25 0.25 0.25
 0.25 0.25 0.25 0.25

MOTIF MMPA_l3_222
letter-probability matrix: alength= 4 w= 9 
 0.25 0.25 0.25 0.25
 0.25 0.25 0.25 0.25
 0.25 0.25 0.25 0.25
 0.25 0.25 0.25 0.25
 0.25 0.25 0.25 0.25
 0.25 0.25 0.25 0.25
 0.25 0.25 0.25 0.25
 0.25 0.25 0.25 0.25
 0.25 0.25 0.25 0.25

MOTIF MMPA_l3_223
letter-probability matrix: alength= 4 w= 9 
 0.25 0.25 0.25 0.25
 0.25 0.25 0.25 0.25
 0.25 0.25 0.25 0.25
 0.25 0.25 0.25 0.25
 0.25 0.25 0.25 0.25
 0.25 0.25 0.25 0.25
 0.25 0.25 0.25 0.25
 0.25 0.25 0.25 0.25
 0.25 0.25 0.25 0.25

MOTIF MMPA_l3_224
letter-probability matrix: alength= 4 w= 9 
 0.25 0.25 0.25 0.25
 0.25 0.25 0.25 0.25
 0.25 0.25 0.25 0.25
 0.25 0.25 0.25 0.25
 0.25 0.25 0.25 0.25
 0.25 0.25 0.25 0.25
 0.25 0.25 0.25 0.25
 0.25 0.25 0.25 0.25
 0.25 0.25 0.25 0.25

MOTIF MMPA_l3_225
letter-probability matrix: alength= 4 w= 9 
 0.25 0.25 0.25 0.25
 0.25 0.25 0.25 0.25
 0.25 0.25 0.25 0.25
 0.25 0.25 0.25 0.25
 0.25 0.25 0.25 0.25
 0.25 0.25 0.25 0.25
 0.25 0.25 0.25 0.25
 0.25 0.25 0.25 0.25
 0.25 0.25 0.25 0.25

MOTIF MMPA_l3_226
letter-probability matrix: alength= 4 w= 9 
 0.25 0.25 0.25 0.25
 0.25 0.25 0.25 0.25
 0.25 0.25 0.25 0.25
 0.25 0.25 0.25 0.25
 0.25 0.25 0.25 0.25
 0.25 0.25 0.25 0.25
 0.25 0.25 0.25 0.25
 0.25 0.25 0.25 0.25
 0.25 0.25 0.25 0.25

MOTIF MMPA_l3_227
letter-probability matrix: alength= 4 w= 9 
 0.25 0.25 0.25 0.25
 0.25 0.25 0.25 0.25
 0.25 0.25 0.25 0.25
 0.25 0.25 0.25 0.25
 0.25 0.25 0.25 0.25
 0.25 0.25 0.25 0.25
 0.25 0.25 0.25 0.25
 0.25 0.25 0.25 0.25
 0.25 0.25 0.25 0.25

MOTIF MMPA_l3_228
letter-probability matrix: alength= 4 w= 9 
 0.25 0.25 0.25 0.25
 0.25 0.25 0.25 0.25
 0.25 0.25 0.25 0.25
 0.25 0.25 0.25 0.25
 0.25 0.25 0.25 0.25
 0.25 0.25 0.25 0.25
 0.25 0.25 0.25 0.25
 0.25 0.25 0.25 0.25
 0.25 0.25 0.25 0.25

MOTIF MMPA_l3_229
letter-probability matrix: alength= 4 w= 9 
 0.25 0.25 0.25 0.25
 0.25 0.25 0.25 0.25
 0.25 0.25 0.25 0.25
 0.25 0.25 0.25 0.25
 0.25 0.25 0.25 0.25
 0.25 0.25 0.25 0.25
 0.25 0.25 0.25 0.25
 0.25 0.25 0.25 0.25
 0.25 0.25 0.25 0.25

MOTIF MMPA_l3_230
letter-probability matrix: alength= 4 w= 9 
 0.25 0.25 0.25 0.25
 0.25 0.25 0.25 0.25
 0.25 0.25 0.25 0.25
 0.25 0.25 0.25 0.25
 0.25 0.25 0.25 0.25
 0.25 0.25 0.25 0.25
 0.25 0.25 0.25 0.25
 0.25 0.25 0.25 0.25
 0.25 0.25 0.25 0.25

MOTIF MMPA_l3_231
letter-probability matrix: alength= 4 w= 9 
 0.25 0.25 0.25 0.25
 0.25 0.25 0.25 0.25
 0.25 0.25 0.25 0.25
 0.25 0.25 0.25 0.25
 0.25 0.25 0.25 0.25
 0.25 0.25 0.25 0.25
 0.25 0.25 0.25 0.25
 0.25 0.25 0.25 0.25
 0.25 0.25 0.25 0.25

MOTIF MMPA_l3_232
letter-probability matrix: alength= 4 w= 9 
 0.25 0.25 0.25 0.25
 0.25 0.25 0.25 0.25
 0.25 0.25 0.25 0.25
 0.25 0.25 0.25 0.25
 0.25 0.25 0.25 0.25
 0.25 0.25 0.25 0.25
 0.25 0.25 0.25 0.25
 0.25 0.25 0.25 0.25
 0.25 0.25 0.25 0.25

MOTIF MMPA_l3_233
letter-probability matrix: alength= 4 w= 9 
 0.25 0.25 0.25 0.25
 0.25 0.25 0.25 0.25
 0.25 0.25 0.25 0.25
 0.25 0.25 0.25 0.25
 0.25 0.25 0.25 0.25
 0.25 0.25 0.25 0.25
 0.25 0.25 0.25 0.25
 0.25 0.25 0.25 0.25
 0.25 0.25 0.25 0.25

MOTIF MMPA_l3_234
letter-probability matrix: alength= 4 w= 9 
 0.25 0.25 0.25 0.25
 0.25 0.25 0.25 0.25
 0.25 0.25 0.25 0.25
 0.25 0.25 0.25 0.25
 0.25 0.25 0.25 0.25
 0.25 0.25 0.25 0.25
 0.25 0.25 0.25 0.25
 0.25 0.25 0.25 0.25
 0.25 0.25 0.25 0.25

MOTIF MMPA_l3_235
letter-probability matrix: alength= 4 w= 9 
 0.25 0.25 0.25 0.25
 0.25 0.25 0.25 0.25
 0.25 0.25 0.25 0.25
 0.25 0.25 0.25 0.25
 0.25 0.25 0.25 0.25
 0.25 0.25 0.25 0.25
 0.25 0.25 0.25 0.25
 0.25 0.25 0.25 0.25
 0.25 0.25 0.25 0.25

MOTIF MMPA_l3_236
letter-probability matrix: alength= 4 w= 9 
 0.25 0.25 0.25 0.25
 0.25 0.25 0.25 0.25
 0.25 0.25 0.25 0.25
 0.25 0.25 0.25 0.25
 0.25 0.25 0.25 0.25
 0.25 0.25 0.25 0.25
 0.25 0.25 0.25 0.25
 0.25 0.25 0.25 0.25
 0.25 0.25 0.25 0.25

MOTIF MMPA_l3_237
letter-probability matrix: alength= 4 w= 9 
 0.25 0.25 0.25 0.25
 0.25 0.25 0.25 0.25
 0.25 0.25 0.25 0.25
 0.25 0.25 0.25 0.25
 0.25 0.25 0.25 0.25
 0.25 0.25 0.25 0.25
 0.25 0.25 0.25 0.25
 0.25 0.25 0.25 0.25
 0.25 0.25 0.25 0.25

MOTIF MMPA_l3_238
letter-probability matrix: alength= 4 w= 9 
 0.25 0.25 0.25 0.25
 0.25 0.25 0.25 0.25
 0.25 0.25 0.25 0.25
 0.25 0.25 0.25 0.25
 0.25 0.25 0.25 0.25
 0.25 0.25 0.25 0.25
 0.25 0.25 0.25 0.25
 0.25 0.25 0.25 0.25
 0.25 0.25 0.25 0.25

MOTIF MMPA_l3_239
letter-probability matrix: alength= 4 w= 9 
 0.25 0.25 0.25 0.25
 0.25 0.25 0.25 0.25
 0.25 0.25 0.25 0.25
 0.25 0.25 0.25 0.25
 0.25 0.25 0.25 0.25
 0.25 0.25 0.25 0.25
 0.25 0.25 0.25 0.25
 0.25 0.25 0.25 0.25
 0.25 0.25 0.25 0.25

MOTIF MMPA_l3_240
letter-probability matrix: alength= 4 w= 9 
 0.25 0.25 0.25 0.25
 0.25 0.25 0.25 0.25
 0.25 0.25 0.25 0.25
 0.25 0.25 0.25 0.25
 0.25 0.25 0.25 0.25
 0.25 0.25 0.25 0.25
 0.25 0.25 0.25 0.25
 0.25 0.25 0.25 0.25
 0.25 0.25 0.25 0.25

MOTIF MMPA_l3_241
letter-probability matrix: alength= 4 w= 9 
 0.25 0.25 0.25 0.25
 0.25 0.25 0.25 0.25
 0.25 0.25 0.25 0.25
 0.25 0.25 0.25 0.25
 0.25 0.25 0.25 0.25
 0.25 0.25 0.25 0.25
 0.25 0.25 0.25 0.25
 0.25 0.25 0.25 0.25
 0.25 0.25 0.25 0.25

MOTIF MMPA_l3_242
letter-probability matrix: alength= 4 w= 9 
 0.25 0.25 0.25 0.25
 0.25 0.25 0.25 0.25
 0.25 0.25 0.25 0.25
 0.25 0.25 0.25 0.25
 0.25 0.25 0.25 0.25
 0.25 0.25 0.25 0.25
 0.25 0.25 0.25 0.25
 0.25 0.25 0.25 0.25
 0.25 0.25 0.25 0.25

MOTIF MMPA_l3_243
letter-probability matrix: alength= 4 w= 9 
 0.25 0.25 0.25 0.25
 0.25 0.25 0.25 0.25
 0.25 0.25 0.25 0.25
 0.25 0.25 0.25 0.25
 0.25 0.25 0.25 0.25
 0.25 0.25 0.25 0.25
 0.25 0.25 0.25 0.25
 0.25 0.25 0.25 0.25
 0.25 0.25 0.25 0.25

MOTIF MMPA_l3_244
letter-probability matrix: alength= 4 w= 9 
 0.25 0.25 0.25 0.25
 0.25 0.25 0.25 0.25
 0.25 0.25 0.25 0.25
 0.25 0.25 0.25 0.25
 0.25 0.25 0.25 0.25
 0.25 0.25 0.25 0.25
 0.25 0.25 0.25 0.25
 0.25 0.25 0.25 0.25
 0.25 0.25 0.25 0.25

MOTIF MMPA_l3_245
letter-probability matrix: alength= 4 w= 9 
 0.25 0.25 0.25 0.25
 0.25 0.25 0.25 0.25
 0.25 0.25 0.25 0.25
 0.25 0.25 0.25 0.25
 0.25 0.25 0.25 0.25
 0.25 0.25 0.25 0.25
 0.25 0.25 0.25 0.25
 0.25 0.25 0.25 0.25
 0.25 0.25 0.25 0.25

MOTIF MMPA_l3_246
letter-probability matrix: alength= 4 w= 9 
 0.25 0.25 0.25 0.25
 0.25 0.25 0.25 0.25
 0.25 0.25 0.25 0.25
 0.25 0.25 0.25 0.25
 0.25 0.25 0.25 0.25
 0.25 0.25 0.25 0.25
 0.25 0.25 0.25 0.25
 0.25 0.25 0.25 0.25
 0.25 0.25 0.25 0.25

MOTIF MMPA_l3_247
letter-probability matrix: alength= 4 w= 9 
 0.25 0.25 0.25 0.25
 0.25 0.25 0.25 0.25
 0.25 0.25 0.25 0.25
 0.25 0.25 0.25 0.25
 0.25 0.25 0.25 0.25
 0.25 0.25 0.25 0.25
 0.25 0.25 0.25 0.25
 0.25 0.25 0.25 0.25
 0.25 0.25 0.25 0.25

MOTIF MMPA_l3_248
letter-probability matrix: alength= 4 w= 9 
 0.25 0.25 0.25 0.25
 0.25 0.25 0.25 0.25
 0.25 0.25 0.25 0.25
 0.25 0.25 0.25 0.25
 0.25 0.25 0.25 0.25
 0.25 0.25 0.25 0.25
 0.25 0.25 0.25 0.25
 0.25 0.25 0.25 0.25
 0.25 0.25 0.25 0.25

MOTIF MMPA_l3_249
letter-probability matrix: alength= 4 w= 9 
 0.25 0.25 0.25 0.25
 0.25 0.25 0.25 0.25
 0.25 0.25 0.25 0.25
 0.25 0.25 0.25 0.25
 0.25 0.25 0.25 0.25
 0.25 0.25 0.25 0.25
 0.25 0.25 0.25 0.25
 0.25 0.25 0.25 0.25
 0.25 0.25 0.25 0.25

MOTIF MMPA_l3_250
letter-probability matrix: alength= 4 w= 9 
 0.25 0.25 0.25 0.25
 0.25 0.25 0.25 0.25
 0.25 0.25 0.25 0.25
 0.25 0.25 0.25 0.25
 0.25 0.25 0.25 0.25
 0.25 0.25 0.25 0.25
 0.25 0.25 0.25 0.25
 0.25 0.25 0.25 0.25
 0.25 0.25 0.25 0.25

MOTIF MMPA_l3_251
letter-probability matrix: alength= 4 w= 9 
 0.25 0.25 0.25 0.25
 0.25 0.25 0.25 0.25
 0.25 0.25 0.25 0.25
 0.25 0.25 0.25 0.25
 0.25 0.25 0.25 0.25
 0.25 0.25 0.25 0.25
 0.25 0.25 0.25 0.25
 0.25 0.25 0.25 0.25
 0.25 0.25 0.25 0.25

MOTIF MMPA_l3_252
letter-probability matrix: alength= 4 w= 9 
 0.25 0.25 0.25 0.25
 0.25 0.25 0.25 0.25
 0.25 0.25 0.25 0.25
 0.25 0.25 0.25 0.25
 0.25 0.25 0.25 0.25
 0.25 0.25 0.25 0.25
 0.25 0.25 0.25 0.25
 0.25 0.25 0.25 0.25
 0.25 0.25 0.25 0.25

MOTIF MMPA_l3_253
letter-probability matrix: alength= 4 w= 9 
 0.25 0.25 0.25 0.25
 0.25 0.25 0.25 0.25
 0.25 0.25 0.25 0.25
 0.25 0.25 0.25 0.25
 0.25 0.25 0.25 0.25
 0.25 0.25 0.25 0.25
 0.25 0.25 0.25 0.25
 0.25 0.25 0.25 0.25
 0.25 0.25 0.25 0.25

MOTIF MMPA_l3_254
letter-probability matrix: alength= 4 w= 9 
 0.25 0.25 0.25 0.25
 0.25 0.25 0.25 0.25
 0.25 0.25 0.25 0.25
 0.25 0.25 0.25 0.25
 0.25 0.25 0.25 0.25
 0.25 0.25 0.25 0.25
 0.25 0.25 0.25 0.25
 0.25 0.25 0.25 0.25
 0.25 0.25 0.25 0.25

MOTIF MMPA_l3_255
letter-probability matrix: alength= 4 w= 9 
 0.25 0.25 0.25 0.25
 0.25 0.25 0.25 0.25
 0.25 0.25 0.25 0.25
 0.25 0.25 0.25 0.25
 0.25 0.25 0.25 0.25
 0.25 0.25 0.25 0.25
 0.25 0.25 0.25 0.25
 0.25 0.25 0.25 0.25
 0.25 0.25 0.25 0.25
