MEME version 5.4.1

ALPHABET= ACGT

strands: + -

Background letter frequencies
A 0.25 C 0.25 G 0.25 T 0.25

MOTIF human_l3_f_0
letter-probability matrix: alength= 4 w= 9 
 0.2457265  0.06374644 0.20121083 0.48931624
 0.33653846 0.12962963 0.27457265 0.25925926
 0.42948718 0.14173789 0.22115385 0.20762108
 0.28311966 0.09366097 0.04665242 0.57656695
 0.45904558 0.0548433  0.34722222 0.13888889
 0.38141026 0.1502849  0.31410256 0.15420228
 0.00569801 0.02029915 0.05163818 0.92236467
 0.81873219 0.04202279 0.09009972 0.0491453 
 0.59793447 0.02777778 0.36324786 0.01103989

MOTIF human_l3_f_1
letter-probability matrix: alength= 4 w= 9 
 0.14180805 0.28057736 0.29298557 0.28462902
 0.5697645  0.17447455 0.1068625  0.14889846
 0.18890858 0.14434034 0.55862244 0.10812864
 0.00759686 0.03013421 0.3560395  0.60622943
 0.08888326 0.42567739 0.22765257 0.25778678
 0.00911623 0.01038238 0.65130413 0.32919727
 0.04203596 0.49075715 0.1086351  0.35857179
 0.37503165 0.13522411 0.40972398 0.08002026
 0.04608762 0.06305394 0.50037984 0.3904786 

MOTIF human_l3_f_3
letter-probability matrix: alength= 4 w= 9 
 0.16921534 0.21208323 0.36299825 0.25570318
 8.52343946e-02 2.50689396e-04 2.09325646e-01 7.05189270e-01
 0.46202056 0.165455   0.22361494 0.1489095 
 0.21684633 0.24266734 0.09300577 0.44748057
 0.07696164 0.1228378  0.34469792 0.45550263
 0.21784908 0.56831286 0.07345199 0.14038606
 0.56279769 0.1135623  0.08799198 0.23564803
 0.6264728  0.06066683 0.20180496 0.1110554 
 0.25670594 0.27350213 0.13487089 0.33492103

MOTIF human_l3_f_5
letter-probability matrix: alength= 4 w= 9 
 0.22821053 0.04084211 0.22147368 0.50947368
 0.34021053 0.04463158 0.57389474 0.04126316
 0.45557895 0.05978947 0.22863158 0.256     
 0.05557895 0.03452632 0.46231579 0.44757895
 0.46357895 0.01389474 0.18652632 0.336     
 0.23621053 0.00589474 0.27621053 0.48168421
 0.34021053 0.00168421 0.04926316 0.60884211
 0.44463158 0.16547368 0.27915789 0.11073684
 0.51831579 0.00378947 0.37726316 0.10063158

MOTIF human_l3_f_6
letter-probability matrix: alength= 4 w= 9 
 0.41084882 0.20642893 0.36865897 0.01406328
 0.50627825 0.27975892 0.17177298 0.04218985
 0.48618785 0.18633852 0.32697137 0.00050226
 0.75891512 0.03013561 0.15118031 0.05976896
 0.62280261 0.06328478 0.03616273 0.27774987
 0.25565043 0.08739327 0.21446509 0.44249121
 0.09542943 0.17930688 0.38221999 0.3430437 
 0.18181818 0.35107986 0.46007032 0.00703164
 0.10045203 0.58211954 0.28679056 0.03063787

MOTIF human_l3_f_8
letter-probability matrix: alength= 4 w= 9 
 0.00728155 0.09587379 0.05825243 0.83859223
 0.00728155 0.0157767  0.05339806 0.92354369
 0.36893204 0.01699029 0.16140777 0.4526699 
 0.04126214 0.22451456 0.07281553 0.66140777
 0.85800971 0.03276699 0.00121359 0.10800971
 0.02305825 0.02063107 0.05825243 0.89805825
 0.37014563 0.0473301  0.00121359 0.58131068
 0.00364078 0.00849515 0.28762136 0.70024272
 0.08980583 0.11771845 0.0631068  0.72936893

MOTIF human_l3_f_11
letter-probability matrix: alength= 4 w= 9 
 0.47071353 0.05750799 0.29641463 0.17536386
 0.22080227 0.06034789 0.29037984 0.42847   
 6.88320909e-01 3.54987575e-04 3.10969116e-01 3.54987575e-04
 0.36705715 0.21902733 0.27050053 0.14341498
 0.14022009 0.07916223 0.05324814 0.72736954
 2.39616613e-01 7.41569045e-01 1.81043663e-02 7.09975151e-04
 0.39652112 0.04401846 0.01277955 0.54668087
 0.42917998 0.01845935 0.11785588 0.43450479
 0.13560525 0.19346823 0.10649627 0.56443024

MOTIF human_l3_f_13
letter-probability matrix: alength= 4 w= 9 
 0.30445732 0.28682951 0.19063208 0.21808109
 0.63636364 0.11961722 0.20020146 0.04381768
 0.21606648 0.16973055 0.16670864 0.44749433
 0.00302191 0.10501133 0.07479224 0.81717452
 0.03701838 0.0430622  0.08587258 0.83404684
 0.01435407 0.00277008 0.5645933  0.41828255
 0.22588769 0.02870813 0.60135986 0.14404432
 0.70284563 0.14278519 0.0841098  0.07025938
 0.13094938 0.08209519 0.3062201  0.48073533

MOTIF human_l3_f_14
letter-probability matrix: alength= 4 w= 9 
 0.34198646 0.22996614 0.28301354 0.14503386
 0.29345372 0.13656885 0.18030474 0.38967269
 0.38346501 0.10411964 0.12923251 0.38318284
 0.10750564 0.00564334 0.61992099 0.26693002
 0.19356659 0.13967269 0.1755079  0.49125282
 0.14080135 0.06094808 0.60327314 0.19497743
 0.40914221 0.00536117 0.04486456 0.54063205
 2.07392777e-01 5.92550790e-02 5.64334086e-04 7.32787810e-01
 0.29119639 0.0265237  0.03978555 0.64249436

MOTIF human_l3_f_15
letter-probability matrix: alength= 4 w= 9 
 0.31874145 0.35321477 0.05335157 0.2746922 
 0.15075239 0.38248974 0.23283174 0.23392613
 0.21860465 0.20984952 0.38002736 0.19151847
 2.73597811e-04 3.00957592e-03 2.73597811e-04 9.96443228e-01
 0.2377565  0.00109439 0.72010944 0.04103967
 0.74610123 0.01012312 0.18604651 0.05772914
 0.59616963 0.34281806 0.01039672 0.0506156 
 0.10150479 0.24021888 0.33461012 0.32366621
 0.21997264 0.29411765 0.32777018 0.15813953

MOTIF human_l3_f_16
letter-probability matrix: alength= 4 w= 9 
 0.14254953 0.20198105 0.20757967 0.44788975
 0.07795004 0.03100775 0.55943152 0.33161068
 0.40223945 0.04478898 0.5292851  0.02368648
 0.00430663 0.02799311 0.46296296 0.5047373 
 0.29457364 0.02583979 0.00258398 0.67700258
 0.27174849 0.01421189 0.2833764  0.43066322
 3.01464255e-03 4.30663221e-04 4.30663221e-04 9.96124031e-01
 0.36261843 0.0327304  0.21533161 0.38931955
 0.14039621 0.03229974 0.12446167 0.70284238

MOTIF human_l3_f_17
letter-probability matrix: alength= 4 w= 9 
 0.23823925 0.27587366 0.20799731 0.27788978
 0.19186828 0.23454301 0.23823925 0.33534946
 0.08467742 0.01310484 0.0483871  0.85383065
 0.74462366 0.02385753 0.15725806 0.07426075
 0.2983871  0.04401882 0.59744624 0.06014785
 0.13205645 0.0530914  0.41431452 0.40053763
 0.41834677 0.01680108 0.45194892 0.11290323
 0.28897849 0.00907258 0.44959677 0.25235215
 0.31518817 0.1078629  0.36626344 0.21068548

MOTIF human_l3_f_19
letter-probability matrix: alength= 4 w= 9 
 0.17981073 0.05126183 0.08044164 0.6884858 
 0.47371188 0.04100946 0.33044164 0.15483701
 0.53470032 0.05415352 0.24132492 0.16982124
 0.11908517 0.04153523 0.05546793 0.78391167
 0.50788644 0.04810726 0.22923239 0.21477392
 0.48895899 0.0615142  0.26025237 0.18927445
 0.11566772 0.05888538 0.06361725 0.76182965
 0.61251314 0.06046267 0.18690852 0.14011567
 0.55625657 0.05651945 0.25525762 0.13196635

MOTIF human_l3_f_22
letter-probability matrix: alength= 4 w= 9 
 0.80650805 0.0843247  0.06822953 0.04093772
 0.35864241 0.34184745 0.17529741 0.12421274
 0.253324   0.68859342 0.03184045 0.02624213
 0.18859342 0.52169349 0.28761372 0.00209937
 0.29041288 0.36773968 0.10286914 0.23897831
 0.28971309 0.19944017 0.10601819 0.40482855
 0.33275017 0.04058782 0.25927222 0.36738978
 0.31175647 0.04968509 0.16724983 0.47130861
 0.36878936 0.11056683 0.19104269 0.32960112

MOTIF human_l3_f_25
letter-probability matrix: alength= 4 w= 9 
 0.28108108 0.2072973  0.44540541 0.06621622
 0.2527027  0.57783784 0.06594595 0.10351351
 0.11864865 0.14567568 0.58486486 0.15081081
 0.30891892 0.20594595 0.15351351 0.33162162
 2.70270270e-04 3.65405405e-01 1.57027027e-01 4.77297297e-01
 0.11351351 0.11540541 0.1672973  0.60378378
 0.14459459 0.03891892 0.73027027 0.08621622
 0.22621622 0.08108108 0.29027027 0.40243243
 0.45324324 0.14945946 0.09513514 0.30216216

MOTIF human_l3_f_26
letter-probability matrix: alength= 4 w= 9 
 0.11538462 0.38461538 0.11018711 0.38981289
 0.32744283 0.3981289  0.08523909 0.18918919
 0.55613306 0.15592516 0.28690229 0.0010395 
 0.19022869 0.35031185 0.33887734 0.12058212
 0.25779626 0.13201663 0.28378378 0.32640333
 0.64137214 0.01871102 0.33887734 0.0010395 
 0.0010395  0.37318087 0.0010395  0.62474012
 0.00831601 0.27442827 0.6975052  0.01975052
 0.2037422  0.14345114 0.43555094 0.21725572

MOTIF human_l3_f_27
letter-probability matrix: alength= 4 w= 9 
 0.22452547 0.06543457 0.40434565 0.30569431
 0.00899101 0.32392607 0.28071928 0.38636364
 0.00999001 0.26848152 0.01273726 0.70879121
 1.51848152e-01 9.99000999e-03 8.37912088e-01 2.49750250e-04
 0.44505495 0.18681319 0.0506993  0.31743257
 0.34265734 0.21203796 0.13336663 0.31193806
 0.52622378 0.26373626 0.14535465 0.06468531
 0.28371628 0.42932068 0.14585415 0.14110889
 0.17882118 0.1510989  0.30594406 0.36413586

MOTIF human_l3_f_32
letter-probability matrix: alength= 4 w= 9 
 0.67741935 0.11490269 0.07704612 0.13063183
 2.66595575e-04 4.31884831e-02 5.11596907e-01 4.44948014e-01
 0.01173021 0.08691016 0.07971208 0.82164756
 0.00826446 0.00239936 0.96747534 0.02186084
 0.0122634  0.13383098 0.0239936  0.82991202
 0.14876033 0.02186084 0.22527326 0.60410557
 0.16049054 0.00693148 0.19328179 0.63929619
 0.33751    0.15489203 0.1444948  0.36310317
 0.20394561 0.0423887  0.17035457 0.58331112

MOTIF human_l3_f_35
letter-probability matrix: alength= 4 w= 9 
 0.07903313 0.46442151 0.13307985 0.32346551
 0.01222162 0.56246605 0.05730581 0.36800652
 0.60972298 0.03394894 0.30092341 0.05540467
 0.42449756 0.23872895 0.29413362 0.04263987
 0.36094514 0.45898968 0.03177621 0.14828897
 0.43807713 0.21591526 0.10809343 0.23791418
 0.25258012 0.54752852 0.15317762 0.04671374
 0.21917436 0.14258555 0.20640956 0.43183053
 0.15181966 0.25882672 0.2661597  0.32319392

MOTIF human_l3_f_36
letter-probability matrix: alength= 4 w= 9 
 0.54466687 0.11741858 0.09769943 0.24021512
 0.37287123 0.10098596 0.0549746  0.47116821
 0.07618763 0.09710188 0.04093218 0.78577831
 2.98775022e-04 4.03346280e-02 2.98775022e-04 9.59067822e-01
 0.01165223 0.43143113 0.00806693 0.54884972
 0.19898416 0.73827308 0.02420078 0.03854198
 0.35703615 0.28503137 0.06035255 0.29757992
 0.27098895 0.07768151 0.09740066 0.55392889
 0.14341201 0.19002091 0.29997012 0.36659695

MOTIF human_l3_f_37
letter-probability matrix: alength= 4 w= 9 
 0.14587085 0.24466169 0.31772575 0.2917417 
 0.28942629 0.27630563 0.0895292  0.34473887
 0.14638539 0.00977618 0.39413429 0.44970414
 0.1263185  0.39361976 0.36326216 0.11679959
 0.26524312 0.20246977 0.02727039 0.50501672
 0.02444044 0.33547723 0.28428094 0.35580139
 0.07280679 0.33830718 0.09904811 0.48983792
 0.17211217 0.21044507 0.43529714 0.18214561
 0.22536661 0.4172884  0.1342938  0.2230512 

MOTIF human_l3_f_38
letter-probability matrix: alength= 4 w= 9 
 0.08593156 0.18377693 0.1148289  0.61546261
 0.6661597  0.00278834 0.26134347 0.06970849
 0.19974651 0.03295311 0.02230672 0.74499366
 0.43396705 0.03320659 0.22205323 0.31077313
 0.13206591 0.22737643 0.02103929 0.61951838
 0.11229404 0.69936629 0.08314322 0.10519645
 0.45272497 0.02560203 0.21267427 0.30899873
 0.40608365 0.13231939 0.12623574 0.33536122
 0.19721166 0.05855513 0.17693283 0.56730038

MOTIF human_l3_f_39
letter-probability matrix: alength= 4 w= 9 
 0.24724357 0.19913131 0.1937855  0.35983963
 0.42298697 0.08553291 0.13264283 0.35883729
 0.47410625 0.09856331 0.26729034 0.16004009
 0.24791179 0.0130304  0.01770799 0.72134982
 0.16137655 0.12863348 0.09455396 0.61543602
 3.34112930e-04 3.34112930e-04 3.34112930e-04 9.98997661e-01
 7.85833612e-01 3.34112930e-04 2.13498162e-01 3.34112930e-04
 8.00200468e-01 3.34112930e-04 1.99131306e-01 3.34112930e-04
 0.27764784 0.19244905 0.22519211 0.30471099

MOTIF human_l3_f_40
letter-probability matrix: alength= 4 w= 9 
 0.28427222 0.02865516 0.49332465 0.19374796
 0.04916965 0.05958971 0.02246825 0.86877239
 0.04591338 0.01497883 0.19960925 0.73949853
 0.00097688 0.06089222 0.27775969 0.66037121
 0.01758385 0.06642787 0.08694236 0.82904591
 0.02474764 0.10094432 0.822859   0.05144904
 0.02572452 0.10843373 0.01725822 0.84858352
 0.09150114 0.06903289 0.39140345 0.44806252
 0.0182351  0.00683816 0.13774015 0.83718658

MOTIF human_l3_f_42
letter-probability matrix: alength= 4 w= 9 
 0.16717886 0.57129687 0.09096497 0.17055931
 0.4127228  0.25353411 0.04087277 0.29287031
 0.23448064 0.09250154 0.39674247 0.27627535
 0.14904733 0.40934235 0.09895513 0.34265519
 0.33466503 0.13491088 0.21511985 0.31530424
 0.28272895 0.35740627 0.11739398 0.24247081
 0.18961278 0.037185   0.2771973  0.49600492
 0.29348494 0.32237246 0.19084204 0.19330055
 0.1484327  0.3755378  0.17762754 0.29840197

MOTIF human_l3_f_43
letter-probability matrix: alength= 4 w= 9 
 0.07909887 0.02553191 0.4931164  0.40225282
 0.08811014 0.43829787 0.00876095 0.46483104
 0.0698373  0.00350438 0.48060075 0.44605757
 0.0583229  0.13166458 0.3028786  0.50713392
 0.1281602  0.07158949 0.2718398  0.52841051
 0.24956195 0.0583229  0.05531915 0.63679599
 0.05356696 0.16270338 0.18998748 0.59374218
 0.24205257 0.18573217 0.00300375 0.56921151
 0.06858573 0.14743429 0.07534418 0.70863579

MOTIF human_l3_f_44
letter-probability matrix: alength= 4 w= 9 
 0.2735  0.10375 0.11875 0.504  
 0.1005  0.22875 0.09375 0.577  
 0.1355  0.00125 0.46025 0.403  
 0.3425 0.087  0.3265 0.244 
 0.26825 0.126   0.17575 0.43   
 0.06025 0.11475 0.314   0.511  
 0.05275 0.58475 0.161   0.2015 
 0.053   0.31125 0.15125 0.4845 
 0.245   0.25175 0.191   0.31225

MOTIF human_l3_f_47
letter-probability matrix: alength= 4 w= 9 
 0.34379671 0.0941704  0.10881913 0.45321375
 0.24843049 0.12705531 0.07623318 0.54828102
 0.23437967 0.14110613 0.12585949 0.49865471
 0.41973094 0.08281016 0.12585949 0.3715994 
 0.35814649 0.17339312 0.21853513 0.24992526
 0.30762332 0.10044843 0.06487294 0.52705531
 0.18355755 0.01973094 0.53751868 0.25919283
 0.10612855 0.08400598 0.77339312 0.03647235
 0.12526158 0.16233184 0.54857997 0.16382661

MOTIF human_l3_f_48
letter-probability matrix: alength= 4 w= 9 
 0.3011988  0.18431568 0.29295704 0.22152847
 0.59040959 0.03196803 0.06793207 0.30969031
 0.20104895 0.21278721 0.5472028  0.03896104
 0.49325674 0.21953047 0.15284715 0.13436563
 0.11313686 0.0034965  0.45204795 0.43131868
 0.33191808 0.02872128 0.03621379 0.60314685
 0.34415584 0.19905095 0.1023976  0.3543956 
 0.24975025 0.07242757 0.12262737 0.55519481
 0.09015984 0.35164835 0.1038961  0.4542957 

MOTIF human_l3_f_50
letter-probability matrix: alength= 4 w= 9 
 0.4735987  0.09558624 0.11237476 0.31844029
 0.06661251 0.42783645 0.10912537 0.39642567
 0.00649878 0.50609261 0.07202816 0.41538045
 0.53750338 0.00054157 0.39805037 0.06390468
 0.08340103 0.01191443 0.43731384 0.4673707 
 0.24749526 0.35824533 0.01408069 0.38017872
 0.27890604 0.02518278 0.42512862 0.27078256
 0.06146764 0.40644462 0.41998375 0.11210398
 0.3679935  0.25074465 0.21554292 0.16571893

MOTIF human_l3_f_52
letter-probability matrix: alength= 4 w= 9 
 0.36124837 0.07074122 0.17425228 0.39375813
 0.00416125 0.15162549 0.06137841 0.78283485
 0.03172952 0.01352406 0.29648895 0.65825748
 0.00130039 0.27516255 0.02418726 0.6993498 
 0.48478544 0.26579974 0.089987   0.15942783
 0.15240572 0.19401821 0.15318596 0.50039012
 0.14304291 0.14148244 0.04915475 0.6663199 
 0.00260078 0.35188557 0.15786736 0.48764629
 0.22548765 0.2023407  0.27854356 0.29362809

MOTIF human_l3_f_57
letter-probability matrix: alength= 4 w= 9 
 0.43406593 0.07267732 0.21503497 0.27822178
 0.37112887 0.21028971 0.26748252 0.1510989 
 0.18331668 0.15959041 0.06643357 0.59065934
 0.09040959 0.17332667 0.21478521 0.52147852
 0.20779221 0.18081918 0.14285714 0.46853147
 0.10789211 0.16458541 0.17957043 0.54795205
 0.04245754 0.27872128 0.00649351 0.67232767
 0.21103896 0.41583417 0.02397602 0.34915085
 0.06943057 0.12112887 0.06393606 0.7455045 

MOTIF human_l3_f_59
letter-probability matrix: alength= 4 w= 9 
 0.06554019 0.1172555  0.21505376 0.60215054
 0.14080901 0.04761905 0.13517665 0.67639529
 5.68868408e-01 1.22887865e-02 4.18330773e-01 5.12032770e-04
 0.0296979  0.00460829 0.17101895 0.79467486
 4.60829493e-03 8.75576037e-02 5.12032770e-04 9.07322069e-01
 0.02252944 0.07424475 0.07987711 0.82334869
 0.0593958  0.03328213 0.06041987 0.8469022 
 0.52022529 0.0952381  0.36815156 0.01638505
 0.14592934 0.05478751 0.14234511 0.65693804

MOTIF human_l3_f_62
letter-probability matrix: alength= 4 w= 9 
 0.24295302 0.09530201 0.24026846 0.42147651
 0.07449664 0.06208054 0.5204698  0.34295302
 3.35570470e-04 1.51677852e-01 1.44295302e-02 8.33557047e-01
 0.27315436 0.01040268 0.04597315 0.6704698 
 0.03456376 0.01610738 0.14127517 0.80805369
 0.62013423 0.36073826 0.01040268 0.00872483
 0.12416107 0.03624161 0.08959732 0.75      
 0.03355705 0.01912752 0.2738255  0.67348993
 0.2795302  0.12013423 0.05939597 0.5409396 

MOTIF human_l3_f_67
letter-probability matrix: alength= 4 w= 9 
 0.35240398 0.1383293  0.37389202 0.1353747 
 0.32634972 0.3199033  0.11603546 0.23771152
 0.46414182 0.11173785 0.05694333 0.36717701
 0.25060435 0.13000269 0.16599517 0.4533978 
 0.40639269 0.03250067 0.20843406 0.35267258
 0.45071179 0.24630674 0.01181843 0.29116304
 0.62664518 0.05694333 0.21864088 0.09777062
 0.56271824 0.06661295 0.36744561 0.00322321
 0.19742143 0.16304056 0.13913511 0.5004029 

MOTIF human_l3_f_69
letter-probability matrix: alength= 4 w= 9 
 0.36682243 0.06191589 0.12694704 0.44431464
 0.27920561 0.05218069 0.2161215  0.45249221
 0.43886293 0.105919   0.09423676 0.36098131
 0.91433022 0.02453271 0.03738318 0.02375389
 0.24143302 0.0385514  0.02375389 0.69626168
 3.89408100e-04 2.12227414e-01 2.29750779e-02 7.64408100e-01
 0.23520249 0.09929907 0.18457944 0.480919  
 0.00077882 0.06035826 0.59073209 0.34813084
 0.52570093 0.07476636 0.26518692 0.13434579

MOTIF human_l3_f_74
letter-probability matrix: alength= 4 w= 9 
 0.4296074  0.09027257 0.21330333 0.2668167 
 0.048012   0.04076019 0.05301325 0.85821455
 0.01325331 0.00625156 0.14503626 0.83545886
 0.94098525 0.00675169 0.01925481 0.03300825
 0.02675669 0.08902226 0.01175294 0.87246812
 0.1667917  0.26256564 0.00325081 0.56739185
 0.06276569 0.04351088 0.55413853 0.3395849 
 0.26981745 0.06626657 0.06251563 0.60140035
 0.30907727 0.06376594 0.16054014 0.46661665

MOTIF human_l3_f_76
letter-probability matrix: alength= 4 w= 9 
 0.25884732 0.17829457 0.21469498 0.34816313
 0.21435794 0.26626222 0.30637007 0.21300977
 0.06639703 0.00707786 0.04280418 0.88372093
 0.4314122  0.03572632 0.4735423  0.05931918
 0.69632626 0.00572969 0.28715875 0.01078531
 0.01752612 0.04010785 0.23491743 0.7074486 
 0.55072464 0.08965285 0.32423323 0.03538928
 0.64812942 0.07347489 0.23929896 0.03909673
 0.30535895 0.14930907 0.22109875 0.32423323

MOTIF human_l3_f_77
letter-probability matrix: alength= 4 w= 9 
 0.43910673 0.112698   0.29732537 0.1508699 
 0.38197871 0.24149572 0.06336017 0.31316541
 0.55544015 0.13840561 0.05089587 0.25525837
 0.7364321  0.01324331 0.03401714 0.21630745
 0.53882109 0.09555959 0.05167489 0.31394443
 0.1241236  0.2368216  0.01480135 0.62425344
 0.32407167 0.03193976 0.13165412 0.51233446
 0.02259153 0.19189821 0.6323033  0.15320696
 0.01116593 0.46663204 0.07037133 0.45183069

MOTIF human_l3_f_78
letter-probability matrix: alength= 4 w= 9 
 0.31134222 0.16152096 0.12447189 0.40266493
 0.05654859 0.39096523 0.10757231 0.44491388
 0.57101072 0.12284693 0.1358466  0.17029574
 3.24991875e-04 2.22944426e-01 1.73220669e-01 6.03509912e-01
 0.35684108 0.04192395 0.31556711 0.28566786
 0.05979851 0.78843029 0.01007475 0.14169646
 6.69808255e-01 3.24991875e-04 2.00519987e-01 1.29346766e-01
 0.67078323 0.06174846 0.15274618 0.11472213
 0.34351641 0.0438739  0.23919402 0.37341566

MOTIF human_l3_f_79
letter-probability matrix: alength= 4 w= 9 
 0.15840841 0.1524024  0.17892893 0.51026026
 0.0975976  0.13288288 0.18318318 0.58633634
 0.00800801 0.0533033  0.00725726 0.93143143
 5.76576577e-01 2.50250250e-04 3.20320320e-01 1.02852853e-01
 0.53753754 0.08358358 0.26226226 0.11661662
 0.28928929 0.00125125 0.05455455 0.6549049 
 0.73123123 0.0025025  0.19169169 0.07457457
 0.53378378 0.02827828 0.20920921 0.22872873
 0.23973974 0.13888889 0.21496496 0.40640641

MOTIF human_l3_f_81
letter-probability matrix: alength= 4 w= 9 
 0.28346653 0.14335664 0.15784216 0.41533467
 0.18456543 0.12162837 0.09215784 0.60164835
 0.09965035 0.13986014 0.18856144 0.57192807
 0.07292707 0.03971029 0.06768232 0.81968032
 0.47077922 0.00074925 0.1958042  0.33266733
 0.44305694 0.04395604 0.36363636 0.14935065
 0.22927073 0.02722278 0.04995005 0.69355644
 0.65434565 0.03821179 0.23051948 0.07692308
 0.61538462 0.01723277 0.23226773 0.13511489

MOTIF human_l3_f_82
letter-probability matrix: alength= 4 w= 9 
 0.24259259 0.13544974 0.31269841 0.30925926
 0.14021164 0.06402116 0.4952381  0.3005291 
 0.23412698 0.16507937 0.23756614 0.36322751
 0.16640212 0.16216931 0.51190476 0.15952381
 0.7521164  0.08597884 0.13835979 0.02354497
 0.28703704 0.03703704 0.03624339 0.63968254
 0.26296296 0.01349206 0.68201058 0.04153439
 0.43121693 0.20132275 0.10978836 0.25767196
 0.16058201 0.11005291 0.16269841 0.56666667

MOTIF human_l3_f_83
letter-probability matrix: alength= 4 w= 9 
 0.20274771 0.2510408  0.15320566 0.39300583
 0.15570358 0.48667777 0.2214821  0.13613655
 0.26144879 0.1519567  0.58534555 0.00124896
 0.00666112 0.13988343 0.31890092 0.53455454
 0.10699417 0.02664446 0.49958368 0.36677769
 0.00124896 0.08243131 0.61865112 0.29766861
 0.377602   0.2868443  0.24146545 0.09408826
 0.26769359 0.01040799 0.27019151 0.45170691
 0.27685262 0.17235637 0.13696919 0.41382182

MOTIF human_l3_f_84
letter-probability matrix: alength= 4 w= 9 
 0.00128535 0.33001285 0.27313625 0.39556555
 0.02345758 0.07551414 0.07583548 0.8251928 
 0.07937018 0.2464653  0.6346401  0.03952442
 0.02956298 0.19473008 0.11118252 0.66452442
 0.06008997 0.03984576 0.31940874 0.58065553
 0.08676093 0.43155527 0.09318766 0.38849614
 0.47493573 0.01638817 0.27313625 0.23553985
 0.18412596 0.4003856  0.28374036 0.13174807
 0.3094473  0.03727506 0.42416452 0.22911311

MOTIF human_l3_f_86
letter-probability matrix: alength= 4 w= 9 
 0.21819111 0.03883495 0.50102197 0.24195197
 7.66479305e-03 4.45835462e-01 5.10986203e-04 5.45988758e-01
 0.04496679 0.3553909  0.19443025 0.40521206
 0.41900869 0.08073582 0.10807358 0.39218191
 0.15763924 0.35283597 0.18421053 0.30531426
 0.57562596 0.0332141  0.18727644 0.2038835 
 0.1816556  0.16964742 0.30505876 0.34363822
 0.16274911 0.20030659 0.4629535  0.1739908 
 0.22432294 0.32473173 0.27899847 0.17194686

MOTIF human_l3_f_87
letter-probability matrix: alength= 4 w= 9 
 0.54101266 0.14405063 0.12835443 0.18658228
 0.4921519  0.18455696 0.11670886 0.20658228
 0.34075949 0.15341772 0.09443038 0.41139241
 0.16151899 0.00405063 0.01493671 0.81949367
 0.13443038 0.21316456 0.21493671 0.43746835
 0.32278481 0.37443038 0.05772152 0.24506329
 0.5435443  0.18911392 0.09620253 0.17113924
 0.53113924 0.17848101 0.12227848 0.16810127
 0.7756962  0.05240506 0.06101266 0.11088608

MOTIF human_l3_f_89
letter-probability matrix: alength= 4 w= 9 
 0.01810437 0.23003195 0.32587859 0.42598509
 0.02236422 0.00319489 0.00106496 0.97337593
 0.4771033  0.00745474 0.51011715 0.00532481
 0.67412141 0.00319489 0.32161874 0.00106496
 0.0085197  0.27795527 0.06709265 0.64643237
 0.56230032 0.22896699 0.12992545 0.07880724
 0.65282215 0.07667732 0.18530351 0.08519702
 0.53248136 0.03833866 0.16826411 0.26091587
 0.19382322 0.07028754 0.13951012 0.59637913

MOTIF human_l3_f_90
letter-probability matrix: alength= 4 w= 9 
 0.2590621  0.16882129 0.11077313 0.46134347
 0.27503169 0.24512041 0.11356147 0.36628644
 0.11685678 0.36983523 0.0486692  0.46463878
 0.33409379 0.27934094 0.01292776 0.37363752
 0.08948035 0.52091255 0.03422053 0.35538657
 0.10925222 0.71330798 0.08212928 0.09531052
 6.45120406e-01 1.38149556e-01 5.06970849e-04 2.16223067e-01
 0.35665399 0.35031686 0.04385298 0.24917617
 0.3756654  0.35209125 0.10291508 0.16932826

MOTIF human_l3_f_91
letter-probability matrix: alength= 4 w= 9 
 0.18517575 0.1360163  0.0899134  0.58889455
 0.15078961 0.07666836 0.40906775 0.36347427
 0.26974019 0.04737646 0.14060112 0.54228222
 0.36092715 0.17422313 0.06749873 0.39735099
 0.17014773 0.03285787 0.21930718 0.57768721
 0.19740194 0.35099338 0.1151299  0.33647478
 0.11665818 0.3430973  0.40703006 0.13321447
 0.04151808 0.15868569 0.12277127 0.67702496
 0.21064697 0.30998472 0.37977585 0.09959246

MOTIF human_l3_f_92
letter-probability matrix: alength= 4 w= 9 
 0.07271326 0.13078109 0.18705036 0.60945529
 0.20298047 0.245889   0.03108941 0.52004111
 0.12589928 0.09892086 0.21120247 0.56397739
 0.48997945 0.05729702 0.09275437 0.35996917
 0.51618705 0.14311408 0.07887975 0.26181912
 0.2934224  0.08581706 0.01541624 0.6053443 
 0.51901336 0.23869476 0.07553957 0.16675231
 0.61536485 0.23843782 0.09198356 0.05421377
 0.3684481  0.2196814  0.21659815 0.19527235

MOTIF human_l3_f_96
letter-probability matrix: alength= 4 w= 9 
 0.15338446 0.1723908  0.17039013 0.50383461
 0.12570857 0.2204068  0.20940313 0.44448149
 0.02600867 0.32410804 0.1237079  0.52617539
 0.08936312 0.29409803 0.08302768 0.53351117
 0.40513505 0.33377793 0.05335112 0.20773591
 0.69589863 0.15205068 0.02034011 0.13171057
 0.1993998  0.37512504 0.00366789 0.42180727
 0.71657219 0.12237412 0.03734578 0.1237079 
 0.64388129 0.08336112 0.19706569 0.0756919 

MOTIF human_l3_f_100
letter-probability matrix: alength= 4 w= 9 
 0.21335227 0.06363636 0.32982955 0.39318182
 0.11193182 0.41221591 0.19346591 0.28238636
 0.20568182 0.44460227 0.171875   0.17784091
 0.07528409 0.2375     0.63551136 0.05170455
 0.04744318 0.35369318 0.15454545 0.44431818
 0.26846591 0.04431818 0.40255682 0.28465909
 0.21278409 0.07414773 0.02784091 0.68522727
 0.04829545 0.35028409 0.20880682 0.39261364
 0.09204545 0.34289773 0.36960227 0.19545455

MOTIF human_l3_f_101
letter-probability matrix: alength= 4 w= 9 
 0.35455487 0.15942029 0.20445135 0.2815735 
 0.10559006 0.07401656 0.04658385 0.77380952
 0.63612836 0.00569358 0.11490683 0.24327122
 0.35973085 0.07298137 0.55538302 0.01190476
 2.58799172e-03 5.17598344e-04 1.81159420e-02 9.78778468e-01
 5.31055901e-01 5.17598344e-04 4.49275362e-01 1.91511387e-02
 0.84679089 0.00983437 0.13354037 0.00983437
 0.36594203 0.10144928 0.10351967 0.42908903
 0.14544513 0.0942029  0.27277433 0.48757764

MOTIF human_l3_f_103
letter-probability matrix: alength= 4 w= 9 
 0.22052947 0.44555445 0.15909091 0.17482517
 0.07717283 0.39160839 0.23376623 0.29745255
 0.13411588 0.13436563 0.06193806 0.66958042
 0.02122877 0.08941059 0.16333666 0.72602398
 0.23001998 0.02097902 0.03546454 0.71353646
 0.82767233 0.0457043  0.03546454 0.09115884
 0.10864136 0.67132867 0.00999001 0.21003996
 0.09090909 0.35314685 0.20204795 0.3538961 
 0.2544955  0.24250749 0.13986014 0.36313686

MOTIF human_l3_f_106
letter-probability matrix: alength= 4 w= 9 
 0.00965251 0.14230557 0.03585218 0.81218974
 0.03309432 0.05405405 0.22062879 0.69222284
 0.00937672 0.01268616 0.38554881 0.59238831
 0.01930502 0.01406509 0.01434087 0.95228902
 0.07391065 0.03171539 0.05653613 0.83783784
 0.02151131 0.067016   0.00827358 0.90319912
 0.10810811 0.28957529 0.0452289  0.5570877 
 0.32901269 0.08797573 0.04964148 0.5333701 
 0.04467733 0.2007722  0.14423607 0.6103144 

MOTIF human_l3_f_111
letter-probability matrix: alength= 4 w= 9 
 0.46909667 0.09614369 0.35367142 0.08108822
 0.33333333 0.21104068 0.28077126 0.17485473
 0.59746434 0.01743265 0.13180137 0.25330164
 0.35921817 0.07052298 0.1933439  0.37691495
 0.1141046  0.09482303 0.00528262 0.78578975
 0.09931326 0.55916535 0.098785   0.2427364 
 0.5340729  0.03433703 0.33016376 0.10142631
 0.09535129 0.29793978 0.1217644  0.48494453
 0.31378764 0.1737982  0.25515055 0.2572636 

MOTIF human_l3_f_120
letter-probability matrix: alength= 4 w= 9 
 0.41424802 0.0474934  0.52506596 0.01319261
 0.13192612 0.00263852 0.8469657  0.01846966
 0.39050132 0.31926121 0.27176781 0.01846966
 0.44063325 0.33509235 0.21635884 0.00791557
 0.34564644 0.33509235 0.09762533 0.22163588
 0.38258575 0.53034301 0.02110818 0.06596306
 0.58047493 0.36411609 0.01055409 0.04485488
 0.16094987 0.27968338 0.55672823 0.00263852
 0.00263852 0.00791557 0.98680739 0.00263852

MOTIF human_l3_f_121
letter-probability matrix: alength= 4 w= 9 
 0.26955141 0.23898372 0.19888845 0.29257642
 0.22389837 0.325526   0.26558158 0.18499405
 3.96982930e-04 3.96982930e-04 3.96982930e-04 9.98809051e-01
 7.22905915e-01 3.96982930e-04 2.76300119e-01 3.96982930e-04
 4.79555379e-01 3.96982930e-04 5.19650655e-01 3.96982930e-04
 0.02580389 0.80547836 0.04922588 0.11949186
 0.10559746 0.3326717  0.16951171 0.39221913
 0.1139341  0.30170703 0.23660183 0.34775705
 0.11710996 0.41564113 0.1651449  0.30210401

MOTIF human_l3_f_126
letter-probability matrix: alength= 4 w= 9 
 0.10757479 0.28835137 0.1521324  0.45194144
 0.17186505 0.21323997 0.28325907 0.3316359 
 0.0222788  0.09993635 0.50541057 0.37237428
 0.00063654 0.56651814 0.00063654 0.43220878
 0.12730745 0.30999363 0.0821133  0.48058561
 0.06301719 0.25843412 0.38001273 0.29853596
 0.52768937 0.02418842 0.00063654 0.44748568
 0.00381922 0.01145767 0.3214513  0.6632718 
 0.00445576 0.03628262 0.84532145 0.11394017

MOTIF human_l3_f_128
letter-probability matrix: alength= 4 w= 9 
 0.27447368 0.09657895 0.11921053 0.50973684
 0.32710526 0.02342105 0.01368421 0.63578947
 0.13921053 0.14078947 0.38921053 0.33078947
 0.15157895 0.08184211 0.28315789 0.48342105
 0.10026316 0.01105263 0.02605263 0.86263158
 0.05552632 0.07736842 0.10763158 0.75947368
 1.24736842e-01 2.63157895e-04 1.04210526e-01 7.70789474e-01
 0.65315789 0.00631579 0.07026316 0.27026316
 0.25078947 0.01105263 0.19657895 0.54157895

MOTIF human_l3_f_129
letter-probability matrix: alength= 4 w= 9 
 0.005997   0.15117441 0.04972514 0.79310345
 0.0089955  0.02298851 0.08395802 0.88405797
 0.0169915  0.00224888 0.29710145 0.68365817
 0.21289355 0.11569215 0.35657171 0.31484258
 0.00624688 0.06246877 0.15342329 0.77786107
 0.03173413 0.10369815 0.21389305 0.65067466
 0.05272364 0.07296352 0.12693653 0.74737631
 0.16841579 0.16066967 0.02523738 0.64567716
 0.35357321 0.31934033 0.22188906 0.1051974 

MOTIF human_l3_f_130
letter-probability matrix: alength= 4 w= 9 
 0.11281023 0.00902482 0.08373026 0.7944347 
 0.02331411 0.01629481 0.26873903 0.69165204
 0.06492855 0.01554274 0.32890449 0.59062422
 0.54424668 0.25595387 0.02155929 0.17824016
 0.17924292 0.13838055 0.371271   0.31110554
 0.06367511 0.28929556 0.39884683 0.2481825 
 0.40235648 0.34244171 0.1702181  0.08498371
 0.09049887 0.11306092 0.48658812 0.30985209
 0.21634495 0.26272249 0.12333918 0.39759338

MOTIF human_l3_f_134
letter-probability matrix: alength= 4 w= 9 
 0.38584646 0.12728182 0.27381845 0.21305326
 0.69642411 0.05226307 0.17329332 0.0780195 
 0.28982246 0.10077519 0.1527882  0.45661415
 0.00675169 0.44386097 0.01275319 0.53663416
 0.27606902 0.26581645 0.12453113 0.3335834 
 0.11002751 0.26381595 0.30157539 0.32458115
 0.30932733 0.08752188 0.49887472 0.10427607
 0.06476619 0.36184046 0.21805451 0.35533883
 0.13553388 0.07626907 0.58589647 0.20230058

MOTIF human_l3_f_135
letter-probability matrix: alength= 4 w= 9 
 0.72370446 0.08337609 0.08311955 0.1097999 
 0.61159569 0.03694202 0.24371473 0.10774756
 0.34812724 0.15443817 0.19651103 0.30092355
 0.10954336 0.28732683 0.00384813 0.59928168
 0.03848127 0.01770139 0.16495639 0.77886095
 0.40097486 0.20472037 0.10107748 0.2932273 
 0.52411493 0.19471524 0.17008722 0.11108261
 0.28373525 0.10364289 0.21241662 0.40020523
 0.6067214  0.03694202 0.28886609 0.0674705 

MOTIF human_l3_f_136
letter-probability matrix: alength= 4 w= 9 
 0.40421053 0.15157895 0.23789474 0.20631579
 0.30315789 0.14105263 0.50315789 0.05263158
 0.45894737 0.04421053 0.49473684 0.00210526
 0.09894737 0.89684211 0.00210526 0.00210526
 0.17473684 0.00210526 0.58526316 0.23789474
 0.12842105 0.00842105 0.00421053 0.85894737
 0.08       0.21263158 0.31157895 0.39578947
 0.00210526 0.00210526 0.00631579 0.98947368
 0.51157895 0.20421053 0.18315789 0.10105263

MOTIF human_l3_f_137
letter-probability matrix: alength= 4 w= 9 
 0.39485514 0.28646354 0.06193806 0.25674326
 0.32267732 0.06043956 0.42182817 0.19505495
 2.49750250e-04 1.13636364e-01 1.53346653e-01 7.32767233e-01
 0.20254745 0.19805195 0.09165834 0.50774226
 0.251998   0.0994006  0.33741259 0.31118881
 0.38386613 0.33191808 0.12087912 0.16333666
 0.19955045 0.07642358 0.24675325 0.47727273
 0.08191808 0.11488511 0.33141858 0.47177822
 0.19705295 0.29745255 0.28371628 0.22177822

MOTIF human_l3_f_138
letter-probability matrix: alength= 4 w= 9 
 0.02035127 0.37580151 0.06021745 0.54362977
 0.16559799 0.22497909 0.18594926 0.42347365
 0.38221355 0.23863953 0.32088096 0.05826596
 0.50459994 0.05101756 0.35656537 0.08781712
 0.59102314 0.13325899 0.01338166 0.26233621
 0.08753833 0.78840256 0.05603568 0.06802342
 0.27237246 0.25731809 0.10147756 0.36883189
 0.26010594 0.45413995 0.02759967 0.25815445
 0.39197101 0.20936716 0.13437413 0.26428771

MOTIF human_l3_f_139
letter-probability matrix: alength= 4 w= 9 
 0.03325416 0.08313539 0.63182898 0.25178147
 0.24465558 0.32304038 0.1543943  0.27790974
 0.44655582 0.33016627 0.21852732 0.00475059
 0.62470309 0.29691211 0.0023753  0.0760095 
 0.0023753  0.4584323  0.17814727 0.36104513
 0.51306413 0.0023753  0.00712589 0.47743468
 0.21615202 0.00950119 0.5415677  0.2327791 
 0.08551069 0.82660333 0.04513064 0.04275534
 0.00950119 0.40617577 0.38954869 0.19477435

MOTIF human_l3_f_142
letter-probability matrix: alength= 4 w= 9 
 0.02085928 0.5239726  0.01681196 0.43835616
 0.02708593 0.50996264 0.16625156 0.29669988
 0.30666252 0.33312578 0.1139477  0.24626401
 0.51089664 0.17403487 0.04358655 0.27148194
 0.25404732 0.3630137  0.21575342 0.16718555
 0.08374844 0.01681196 0.51369863 0.38574097
 0.19645081 0.23505604 0.19894147 0.36955168
 0.28580324 0.24034869 0.15286426 0.32098381
 0.02303861 0.48785803 0.09651308 0.39259029

MOTIF human_l3_f_143
letter-probability matrix: alength= 4 w= 9 
 0.09012748 0.19804328 0.10821227 0.60361696
 0.20071153 0.25111177 0.19478209 0.3533946 
 0.8010673  0.00385414 0.07144975 0.12362882
 0.03439075 0.01808479 0.35161577 0.59590869
 0.03883783 0.09783575 0.04091313 0.82241328
 0.16039134 0.09753928 0.53246368 0.20960569
 0.03350133 0.32345093 0.01956715 0.62348058
 0.28876371 0.06611325 0.04536021 0.59976282
 0.11740291 0.09664987 0.12007115 0.66587607

MOTIF human_l3_f_146
letter-probability matrix: alength= 4 w= 9 
 0.1489842  0.11988964 0.49987459 0.23125157
 0.52997241 0.16854778 0.03661901 0.2648608 
 0.56408327 0.13819915 0.20265864 0.09505894
 0.59468272 0.22498119 0.00526712 0.17506897
 0.76774517 0.10609481 0.06471031 0.06144971
 0.13318284 0.04665162 0.21620266 0.60396288
 0.15926762 0.01254076 0.27363933 0.55455229
 0.18108854 0.00551793 0.71055932 0.10283421
 0.08226737 0.12866817 0.34361675 0.44544771

MOTIF human_l3_f_147
letter-probability matrix: alength= 4 w= 9 
 0.19364332 0.20953502 0.10888758 0.48793408
 0.44555621 0.10888758 0.20129488 0.24426133
 0.19599765 0.27251324 0.35550324 0.17598587
 7.13360800e-01 2.52501471e-01 3.35491466e-02 5.88581519e-04
 2.31312537e-01 8.41671572e-02 6.83931725e-01 5.88581519e-04
 8.99352560e-01 5.88581519e-04 9.65273690e-02 3.53148911e-03
 6.19776339e-01 5.88581519e-03 3.73749264e-01 5.88581519e-04
 0.21542084 0.02825191 0.2642731  0.49205415
 0.68334314 0.01765745 0.06592113 0.23307828

MOTIF human_l3_f_148
letter-probability matrix: alength= 4 w= 9 
 0.26601116 0.34626628 0.2726548  0.11506777
 0.35450438 0.34546904 0.07175126 0.22827531
 0.22641509 0.01435025 0.6436354  0.11559926
 0.17804943 0.54929577 0.04358225 0.22907255
 0.33537071 0.4722296  0.07121977 0.12117991
 0.59500399 0.11931969 0.22375764 0.06191868
 0.53202232 0.3797502  0.07440872 0.01381876
 0.17140579 0.3739038  0.14323678 0.31145363
 0.72176455 0.02418283 0.16555939 0.08849322

MOTIF human_l3_f_151
letter-probability matrix: alength= 4 w= 9 
 0.19005994 0.02447552 0.09465534 0.69080919
 0.16733267 0.0492008  0.31718282 0.46628372
 0.00599401 0.00524476 0.24725275 0.74150849
 0.06118881 0.09665335 0.01898102 0.82317682
 0.35464535 0.06068931 0.18581419 0.39885115
 4.05094905e-01 1.51848152e-01 2.49750250e-04 4.42807193e-01
 0.08591409 0.0999001  0.16108891 0.6530969 
 0.11613387 0.02322677 0.04445554 0.81618382
 0.13136863 0.01098901 0.27197802 0.58566434

MOTIF human_l3_f_153
letter-probability matrix: alength= 4 w= 9 
 0.1354106  0.27810134 0.06493885 0.52154921
 0.09114735 0.58794409 0.00553291 0.31537566
 0.38293535 0.10017472 0.17384974 0.34304019
 0.06523005 0.00728014 0.5518346  0.37565521
 0.07105416 0.20675597 0.16103669 0.56115317
 0.0832848  0.49242865 0.0154339  0.40885265
 0.16977286 0.09755387 0.2970297  0.43564356
 0.43942924 0.31188119 0.00669773 0.24199185
 0.14764123 0.3022714  0.14997088 0.40011648

MOTIF human_l3_f_155
letter-probability matrix: alength= 4 w= 9 
 0.25502513 0.19572864 0.23693467 0.31231156
 0.62939698 0.0638191  0.06708543 0.23969849
 0.54346734 0.01909548 0.06155779 0.3758794 
 1.98994975e-01 6.35678392e-02 2.51256281e-04 7.37185930e-01
 0.13090452 0.17713568 0.16180905 0.53015075
 0.2678392  0.05728643 0.18015075 0.49472362
 0.24974874 0.01256281 0.29472362 0.44296482
 0.20653266 0.40552764 0.1160804  0.2718593 
 0.32713568 0.17964824 0.18567839 0.30753769

MOTIF human_l3_f_156
letter-probability matrix: alength= 4 w= 9 
 0.24343914 0.14571357 0.24093977 0.36990752
 0.24868783 0.15396151 0.15671082 0.44063984
 0.04073982 0.063984   0.02524369 0.87003249
 0.16845789 0.03374156 0.43064234 0.36715821
 0.18070482 0.02749313 0.18020495 0.6115971 
 0.11497126 0.5416146  0.011997   0.33141715
 0.08547863 0.07823044 0.33716571 0.49912522
 0.07323169 0.28067983 0.15696076 0.48912772
 0.04698825 0.38265434 0.27418145 0.29617596

MOTIF human_l3_f_157
letter-probability matrix: alength= 4 w= 9 
 0.17001271 0.09047014 0.11486658 0.62465057
 0.43710292 0.05463787 0.24930114 0.25895807
 0.27903431 0.25412961 0.31308767 0.15374841
 0.16874206 0.04421855 0.06632783 0.72071156
 0.51664549 0.04777637 0.26099111 0.17458704
 0.49453621 0.09377382 0.29174079 0.11994917
 0.09631512 0.11130877 0.08106734 0.71130877
 0.55857687 0.14917408 0.21499365 0.0772554 
 0.6454892  0.07217281 0.18246506 0.09987294

MOTIF human_l3_f_159
letter-probability matrix: alength= 4 w= 9 
 0.16456922 0.31655373 0.1713456  0.34753146
 0.23814134 0.07986447 0.31848984 0.36350436
 0.16795741 0.303485   0.09583737 0.43272023
 1.31171346e-01 8.59148112e-01 4.84027106e-04 9.19651500e-03
 0.36205227 0.17037754 0.33639884 0.13117135
 0.09390126 0.07405615 0.23378509 0.5982575 
 0.10551791 0.02178122 0.08180058 0.79090029
 0.32090997 0.05566312 0.38286544 0.24056147
 0.03436592 0.09970958 0.15053243 0.71539206

MOTIF human_l3_f_160
letter-probability matrix: alength= 4 w= 9 
 0.22272255 0.36300658 0.21440942 0.19986145
 0.04987877 0.53411846 0.39729823 0.01870454
 0.11776931 0.24593003 0.41877381 0.21752684
 0.11707655 0.11846207 0.67648078 0.0879806 
 0.52234153 0.19709041 0.09317631 0.18739176
 6.71977832e-02 3.46380326e-04 2.20644267e-01 7.11811569e-01
 1.25736058e-01 3.11742293e-03 3.46380326e-04 8.70800139e-01
 0.04606858 0.36300658 0.08901974 0.50190509
 0.10287496 0.30412193 0.15552477 0.43747835

MOTIF human_l3_f_162
letter-probability matrix: alength= 4 w= 9 
 0.29059829 0.0997151  0.17871018 0.43097643
 0.47138047 0.05309505 0.15384615 0.32167832
 0.05775706 0.48407148 0.15125615 0.30691531
 0.32685833 0.36907537 0.06656307 0.23750324
 0.24734525 0.21289821 0.44366744 0.0960891 
 0.16187516 0.35172235 0.3038073  0.18259518
 0.17845118 0.03522404 0.38668739 0.3996374 
 0.45040145 0.04713805 0.25925926 0.24320124
 0.49443149 0.03056203 0.23180523 0.24320124

MOTIF human_l3_f_164
letter-probability matrix: alength= 4 w= 9 
 0.61038961 0.10739261 0.08516484 0.19705295
 0.43081918 0.12037962 0.11188811 0.33691309
 0.09065934 0.19805195 0.07892108 0.63236763
 0.46428571 0.001998   0.49075924 0.04295704
 0.18881119 0.03596404 0.09040959 0.68481518
 5.64435564e-02 2.49750250e-04 1.68081918e-01 7.75224775e-01
 0.04795205 0.04545455 0.22827173 0.67832168
 0.05244755 0.06943057 0.2465035  0.63161838
 0.22777223 0.20579421 0.31168831 0.25474525

MOTIF human_l3_f_165
letter-probability matrix: alength= 4 w= 9 
 0.39866844 0.05938748 0.03861518 0.50332889
 0.10972037 0.04553928 0.09507324 0.74966711
 0.11770972 0.1150466  0.23701731 0.53022636
 0.00719041 0.38828229 0.41225033 0.19227696
 0.00905459 0.01438083 0.35898802 0.61757656
 0.27563249 0.14700399 0.0069241  0.57043941
 0.16697736 0.07030626 0.13209055 0.63062583
 0.12596538 0.02556591 0.07749667 0.77097204
 0.40426099 0.01011984 0.12889481 0.45672437

MOTIF human_l3_f_166
letter-probability matrix: alength= 4 w= 9 
 0.14202172 0.26037316 0.12392091 0.47368421
 0.20607073 0.38234475 0.07435255 0.33723197
 0.1882484  0.17209691 0.1005291  0.53912559
 0.33973823 0.1539961  0.17738791 0.32887775
 0.20077973 0.25146199 0.16485659 0.3829017 
 0.25090504 0.16736285 0.13645224 0.44527987
 0.19548872 0.21748816 0.04455583 0.54246728
 0.17293233 0.26649958 0.12976887 0.43079922
 0.44695071 0.08549151 0.01587302 0.45168477

MOTIF human_l3_f_169
letter-probability matrix: alength= 4 w= 9 
 0.19293117 0.03109221 0.12729205 0.64868456
 2.65745416e-04 1.51474887e-02 1.45628488e-01 8.38958278e-01
 0.04065905 0.06191868 0.02843476 0.86898751
 0.06324741 0.3393569  0.07201701 0.52537869
 0.17512623 0.05341483 0.10629817 0.66516078
 0.19930906 0.00850385 0.61360617 0.17858092
 0.07334573 0.05341483 0.1942599  0.67897954
 2.82487377e-01 2.65745416e-04 1.35530162e-02 7.03693861e-01
 0.12436885 0.12490035 0.08052086 0.67020994

MOTIF human_l3_f_170
letter-probability matrix: alength= 4 w= 9 
 0.26519053 0.04788877 0.07415036 0.61277034
 0.29454171 0.05870237 0.02059732 0.6261586 
 2.16271885e-02 5.14933059e-04 2.94541710e-01 6.83316169e-01
 0.04273944 0.04634398 0.24871267 0.66220391
 0.27445932 0.02368692 0.17610711 0.52574665
 0.26879506 0.43254377 0.08135942 0.21730175
 0.64984552 0.10144181 0.03141092 0.21730175
 0.46755922 0.03810505 0.20854789 0.28578785
 0.09474768 0.22399588 0.34294542 0.33831102

MOTIF human_l3_f_171
letter-probability matrix: alength= 4 w= 9 
 0.15334665 0.43631369 0.05919081 0.35114885
 0.16008991 0.26148851 0.37412587 0.2042957 
 0.19180819 0.17157842 0.4532967  0.18331668
 0.16133866 0.27397602 0.07342657 0.49125874
 0.13261738 0.03321678 0.28271728 0.55144855
 0.44105894 0.11088911 0.22352647 0.22452547
 0.56193806 0.03846154 0.23476523 0.16483516
 0.09015984 0.26048951 0.35864136 0.29070929
 0.27597403 0.13261738 0.38011988 0.21128871

MOTIF human_l3_f_172
letter-probability matrix: alength= 4 w= 9 
 0.44191919 0.06944444 0.45454545 0.03409091
 0.51388889 0.07070707 0.12247475 0.29292929
 0.54292929 0.05429293 0.40151515 0.00126263
 0.67045455 0.04292929 0.21085859 0.07575758
 0.92045455 0.00126263 0.0770202  0.00126263
 0.60479798 0.01641414 0.05808081 0.32070707
 0.20707071 0.00126263 0.00631313 0.78535354
 0.29671717 0.03409091 0.00126263 0.66792929
 0.20580808 0.0959596  0.10353535 0.59469697

MOTIF human_l3_f_174
letter-probability matrix: alength= 4 w= 9 
 0.17404709 0.34837444 0.14938341 0.32819507
 0.36491031 0.25644619 0.02382287 0.35482063
 0.18974215 0.22225336 0.15779148 0.430213  
 0.16087444 0.21300448 0.22785874 0.39826233
 0.14573991 0.09865471 0.39545964 0.36014574
 0.22982063 0.07202915 0.44086323 0.257287  
 0.28026906 0.13845291 0.32118834 0.26008969
 0.30297085 0.27746637 0.24467489 0.17488789
 0.125      0.30829596 0.2309417  0.33576233

MOTIF human_l3_f_178
letter-probability matrix: alength= 4 w= 9 
 0.11563437 0.25774226 0.11938062 0.50724276
 0.06068931 0.65984016 0.06968032 0.20979021
 0.3021978  0.17457542 0.0034965  0.51973027
 0.39410589 0.33141858 0.0954046  0.17907093
 0.29470529 0.24875125 0.03521479 0.42132867
 0.36788212 0.19155844 0.07792208 0.36263736
 0.3026973  0.05144855 0.08991009 0.55594406
 0.31193806 0.09090909 0.35839161 0.23876124
 0.1983017  0.08816184 0.46153846 0.251998  

MOTIF human_l3_f_181
letter-probability matrix: alength= 4 w= 9 
 0.20406039 0.14029151 0.41124414 0.24440396
 0.10697553 0.24804789 0.19312858 0.451848  
 0.2079646  0.52837064 0.09083811 0.17282665
 0.06715252 0.04164498 0.77485685 0.11634565
 0.10150963 0.11790734 0.21056741 0.57001562
 0.07964602 0.78448725 0.05023425 0.08563248
 0.02238417 0.0950026  0.25351379 0.62909943
 0.13066111 0.51119209 0.11061947 0.24752733
 0.27876106 0.45262884 0.10905778 0.15955232

MOTIF human_l3_f_185
letter-probability matrix: alength= 4 w= 9 
 0.2145749  0.10634278 0.15060729 0.52847503
 0.0928475  0.00431849 0.33468286 0.56815115
 0.10850202 0.08933873 0.05479082 0.74736842
 0.00242915 0.17381916 0.68933873 0.13441296
 0.19217274 0.18569501 0.09797571 0.52415655
 6.88259109e-02 1.90553306e-01 2.69905533e-04 7.40350877e-01
 0.03238866 0.03562753 0.12955466 0.80242915
 2.69905533e-04 6.20782726e-03 1.65991903e-01 8.27530364e-01
 0.03076923 0.02672065 0.34412955 0.59838057

MOTIF human_l3_f_186
letter-probability matrix: alength= 4 w= 9 
 0.26473526 0.27872128 0.35689311 0.09965035
 0.50749251 0.08916084 0.12512488 0.27822178
 0.248002   0.03171828 0.6003996  0.11988012
 0.52322677 0.19280719 0.15609391 0.12787213
 0.23276723 0.13011988 0.14210789 0.495005  
 0.35814186 0.06043956 0.18206793 0.39935065
 0.17407592 0.56318681 0.1525974  0.11013986
 0.3494006  0.37537463 0.06743257 0.20779221
 0.46678322 0.14160839 0.21153846 0.18006993

MOTIF human_l3_f_187
letter-probability matrix: alength= 4 w= 9 
 0.03029126 0.34679612 0.00582524 0.61708738
 0.44427184 0.01941748 0.44466019 0.09165049
 0.11883495 0.26446602 0.1223301  0.49436893
 0.18990291 0.15339806 0.22368932 0.43300971
 0.14990291 0.50407767 0.17825243 0.16776699
 0.59067961 0.05087379 0.2376699  0.1207767 
 0.21980583 0.14990291 0.3184466  0.31184466
 0.2368932  0.02834951 0.17980583 0.55495146
 0.24932039 0.10097087 0.33825243 0.31145631

MOTIF human_l3_f_188
letter-probability matrix: alength= 4 w= 9 
 0.41283716 0.11063936 0.21228771 0.26423576
 0.01623377 0.08091908 0.36088911 0.54195804
 0.002997   0.03021978 0.00749251 0.95929071
 3.86613387e-01 2.49750250e-04 3.84865135e-01 2.28271728e-01
 0.76173826 0.04795205 0.00799201 0.18231768
 0.71378621 0.18206793 0.00974026 0.09440559
 0.22827173 0.17482517 0.17182817 0.42507493
 0.31718282 0.34215784 0.22952048 0.11113886
 0.35714286 0.11163836 0.28521479 0.246004  

MOTIF human_l3_f_189
letter-probability matrix: alength= 4 w= 9 
 0.17975078 0.26978193 0.19470405 0.35576324
 0.33613707 0.18224299 0.02772586 0.45389408
 0.45358255 0.22336449 0.005919   0.31713396
 0.43115265 0.04049844 0.45358255 0.07476636
 0.17445483 0.17476636 0.42492212 0.2258567 
 0.0317757  0.56728972 0.1623053  0.23862928
 0.35077882 0.31152648 0.24517134 0.09252336
 0.03208723 0.46292835 0.13489097 0.37009346
 0.08255452 0.45856698 0.0847352  0.3741433 

MOTIF human_l3_f_191
letter-probability matrix: alength= 4 w= 9 
 0.12348121 0.1367618  0.28341339 0.4563436 
 0.03079966 0.34331732 0.04323255 0.58265047
 0.31675615 0.02345295 0.29697655 0.36281435
 0.06046906 0.00932467 0.40604691 0.52415937
 0.18168974 0.23057361 0.18395027 0.40378638
 0.13337101 0.12348121 0.39587454 0.34727324
 0.05481775 0.11274371 0.19327494 0.63916361
 0.37129133 0.05736084 0.13450127 0.43684657
 0.00706414 0.01384572 0.23735519 0.74173495

MOTIF human_l3_f_192
letter-probability matrix: alength= 4 w= 9 
 0.28246753 0.07992008 0.20679321 0.43081918
 0.11763237 0.05769231 0.48151848 0.34315684
 0.0034965  0.001998   0.11563437 0.87887113
 0.00649351 0.003996   0.12037962 0.86913087
 0.0034965  0.05794206 0.02347652 0.91508492
 0.07842158 0.00799201 0.00599401 0.90759241
 0.07442557 0.00224775 0.33041958 0.59290709
 0.02497502 0.26998002 0.16483516 0.54020979
 0.16408591 0.05294705 0.15909091 0.62387612

MOTIF human_l3_f_196
letter-probability matrix: alength= 4 w= 9 
 0.31509076 0.34109997 0.13573557 0.20807369
 0.40016256 0.1896505  0.053644   0.35654294
 0.3237605  0.11514495 0.00433487 0.55675969
 0.39068003 0.01327554 0.3015443  0.29450014
 0.12056353 0.28718504 0.07531834 0.51693308
 0.05879166 0.10430778 0.34949878 0.48740179
 0.15063668 0.06502303 0.18937957 0.59496072
 0.68003251 0.11433216 0.12814955 0.07748578
 0.05391493 0.07694392 0.06366838 0.80547277

MOTIF human_l3_f_197
letter-probability matrix: alength= 4 w= 9 
 0.45874091 0.08828693 0.21971407 0.23325809
 0.54502132 0.11738149 0.21946326 0.11813394
 0.23200401 0.22824179 0.30925508 0.23049912
 0.82894407 0.09505894 0.03937798 0.03661901
 0.2284926  0.13368447 0.18610484 0.45171808
 0.08552797 0.17832957 0.09305242 0.64309004
 0.39503386 0.24905944 0.30875345 0.04715325
 0.20767494 0.19187359 0.17406571 0.42638575
 0.40255831 0.06696764 0.05191874 0.4785553 

MOTIF human_l3_f_202
letter-probability matrix: alength= 4 w= 9 
 0.1089983  0.06757216 0.07368421 0.74974533
 0.40441426 0.03497453 0.25398981 0.30662139
 0.34601019 0.09235993 0.38438031 0.17724958
 0.01833616 0.00305603 0.00237691 0.9762309 
 0.48013582 0.03870968 0.48047538 0.00067912
 0.82071307 0.00203735 0.15415959 0.02308998
 0.45297114 0.15382003 0.13548387 0.25772496
 0.18777589 0.08658744 0.13174873 0.59388795
 0.17928693 0.19898132 0.16298812 0.45874363

MOTIF human_l3_f_205
letter-probability matrix: alength= 4 w= 9 
 0.14364947 0.17720466 0.38019967 0.2989462 
 0.18607876 0.38408209 0.30837493 0.12146423
 7.62617859e-02 2.77315585e-04 1.83305602e-01 7.40155297e-01
 2.93122573e-01 2.77315585e-04 7.04381586e-01 2.21852468e-03
 0.49057127 0.00221852 0.26372712 0.24348308
 0.25707155 0.14032169 0.20354964 0.39905713
 0.12673322 0.38103161 0.35163616 0.140599  
 0.17720466 0.08569052 0.13782585 0.59927898
 0.281198   0.08319468 0.15529673 0.48031059

MOTIF human_l3_f_206
letter-probability matrix: alength= 4 w= 9 
 0.35374494 0.0708502  0.00177126 0.5736336 
 0.06401822 0.45192308 0.12626518 0.35779352
 0.11158907 0.17864372 0.0457996  0.66396761
 0.1819332  0.10602227 0.40890688 0.30313765
 0.4020749  0.01973684 0.2965587  0.28162955
 0.20698381 0.03491903 0.14119433 0.61690283
 0.40460526 0.02505061 0.07768219 0.49266194
 0.14726721 0.07287449 0.09261134 0.68724696
 0.30288462 0.41396761 0.07616397 0.20698381

MOTIF human_l3_f_208
letter-probability matrix: alength= 4 w= 9 
 0.11055572 0.08820935 0.10438106 0.69685387
 0.3387239  0.12466921 0.00205822 0.53454866
 0.28550426 0.103793   0.02793296 0.58276977
 0.48632755 0.13231403 0.14642752 0.2349309 
 0.0593943  0.11173184 0.12819759 0.70067627
 0.06468686 0.13290209 0.20199941 0.60041164
 0.13231403 0.17142017 0.23316672 0.46309909
 0.21111438 0.12584534 0.00441047 0.65862981
 0.16377536 0.21464275 0.09761835 0.52396354

MOTIF human_l3_f_209
letter-probability matrix: alength= 4 w= 9 
 0.4393404  0.07008245 0.18963486 0.30094229
 0.02709069 0.13898704 0.04946996 0.7844523 
 0.37073027 0.06007067 0.35689046 0.2123086 
 0.05447585 0.46584217 0.06595995 0.41372203
 0.22261484 0.15783274 0.22732627 0.39222615
 0.35865724 0.20877503 0.2081861  0.22438163
 0.34628975 0.00971731 0.27237927 0.37161366
 0.0762662  0.12514723 0.19081272 0.60777385
 0.14517079 0.17903416 0.34687868 0.32891637

MOTIF human_l3_f_210
letter-probability matrix: alength= 4 w= 9 
 0.10098065 0.09912536 0.12960509 0.67028889
 0.35011927 0.06440498 0.12668964 0.45878611
 0.22157434 0.05327326 0.02464882 0.70050358
 1.05221309e-01 2.65041081e-04 8.26928174e-02 8.11820832e-01
 0.07686191 0.10522131 0.32202491 0.49589186
 0.61940101 0.07818712 0.09727008 0.2051418 
 0.16909621 0.11502783 0.05724887 0.65862709
 0.26159555 0.07924728 0.27776305 0.38139412
 0.3967665  0.09673999 0.15107342 0.35542009

MOTIF human_l3_f_217
letter-probability matrix: alength= 4 w= 9 
 0.69713359 0.21038399 0.02271498 0.06976744
 0.68631693 0.11627907 0.01352082 0.18388318
 0.34937804 0.16495403 0.17198486 0.31368307
 0.003245   0.32125473 0.00757166 0.66792861
 0.17901568 0.24661979 0.08653326 0.48783126
 0.39102217 0.23958897 0.13142239 0.23796647
 0.07625744 0.595457   0.14115738 0.18712818
 0.23418064 0.0378583  0.11249324 0.61546782
 0.01730665 0.14656571 0.62033532 0.21579232

MOTIF human_l3_f_218
letter-probability matrix: alength= 4 w= 9 
 0.33291708 0.05769231 0.16658342 0.44280719
 0.31843157 0.01298701 0.24975025 0.41883117
 0.26623377 0.05494505 0.1540959  0.52472527
 0.11863137 0.01923077 0.2967033  0.56543457
 0.10864136 0.06318681 0.12687313 0.7012987 
 0.19605395 0.11388611 0.51348651 0.17657343
 0.55669331 0.0954046  0.22777223 0.12012987
 0.30719281 0.36588412 0.12987013 0.19705295
 0.13936064 0.30869131 0.14260739 0.40934066

MOTIF human_l3_f_220
letter-probability matrix: alength= 4 w= 9 
 0.01831299 0.02663707 0.13068812 0.82436182
 0.02108768 0.00249723 0.27941176 0.69700333
 0.13873474 0.18063263 0.11348502 0.56714761
 0.15288568 0.01331853 0.36376249 0.4700333 
 0.06354051 0.03052164 0.01775805 0.8881798 
 0.49278579 0.01498335 0.07602664 0.41620422
 0.03718091 0.13734739 0.04661487 0.77885683
 0.2727525  0.24195339 0.13790233 0.34739179
 0.49722531 0.24112098 0.09100999 0.17064373

MOTIF human_l3_f_225
letter-probability matrix: alength= 4 w= 9 
 0.25028377 0.06867196 0.27525539 0.40578888
 0.05334847 0.46481271 0.08683314 0.39500568
 0.7122588  0.07661748 0.11918275 0.09194098
 0.56242906 0.08229285 0.0953462  0.2599319 
 0.60669694 0.1645857  0.04029512 0.18842225
 5.85698070e-01 2.62769580e-01 5.67536890e-04 1.50964813e-01
 0.56469921 0.00056754 0.00567537 0.42905789
 0.31611805 0.02043133 0.62939841 0.03405221
 0.20374574 0.03405221 0.65266742 0.10953462

MOTIF human_l3_f_226
letter-probability matrix: alength= 4 w= 9 
 0.38536464 0.1461039  0.02647353 0.44205794
 0.28271728 0.25724276 0.2032967  0.25674326
 0.18306693 0.28296703 0.09915085 0.43481518
 0.27547453 0.41033966 0.12837163 0.18581419
 0.21603397 0.26473526 0.16958042 0.34965035
 0.28721279 0.25899101 0.18156843 0.27222777
 0.48151848 0.07592408 0.34915085 0.09340659
 0.23251748 0.17032967 0.4507992  0.14635365
 0.32742258 0.15534466 0.36938062 0.14785215

MOTIF human_l3_f_231
letter-probability matrix: alength= 4 w= 9 
 0.4070325  0.03409696 0.22962174 0.3292488 
 0.10761854 0.03116676 0.64677677 0.21443793
 0.03702717 0.09989345 0.03063399 0.83244539
 0.00825786 0.42434736 0.07831646 0.48907832
 0.50665956 0.02450719 0.04155567 0.42727757
 0.16568993 0.48561534 0.00293021 0.34576452
 0.38492275 0.26345232 0.08470964 0.26691529
 0.21443793 0.27916889 0.32232286 0.18407032
 0.265317   0.38359084 0.08257858 0.26851359

MOTIF human_l3_f_233
letter-probability matrix: alength= 4 w= 9 
 0.26787741 0.23410897 0.16600454 0.33200908
 0.13479001 0.05874007 0.19977299 0.60669694
 0.10357548 0.28093076 0.23155505 0.38393871
 0.13479001 0.46140749 0.13479001 0.26901249
 0.10584563 0.25879682 0.04511918 0.59023837
 0.22190692 0.31044268 0.30760499 0.1600454 
 0.51163451 0.24801362 0.06980704 0.17054484
 0.36577753 0.16884222 0.28348468 0.18189557
 0.30419977 0.25794552 0.2392168  0.19863791

MOTIF human_l3_f_236
letter-probability matrix: alength= 4 w= 9 
 0.82938508 0.06779234 0.00705645 0.09576613
 0.55997984 0.00302419 0.1313004  0.30569556
 0.0922379  0.11743952 0.02923387 0.76108871
 0.05040323 0.05241935 0.15221774 0.74495968
 0.08845766 0.08543347 0.16935484 0.65675403
 0.32510081 0.28881048 0.34954637 0.03654234
 0.21270161 0.07787298 0.07686492 0.63256048
 0.16834677 0.04284274 0.10887097 0.67993952
 0.14969758 0.11920363 0.17943548 0.55166331

MOTIF human_l3_f_237
letter-probability matrix: alength= 4 w= 9 
 0.69305694 0.15809191 0.0511988  0.09765235
 0.67907093 0.14060939 0.11013986 0.07017982
 0.30994006 0.33241758 0.16458541 0.19305694
 0.05244755 0.10464535 0.08166833 0.76123876
 0.13761239 0.09240759 0.14585415 0.62412587
 0.34965035 0.08266733 0.1953047  0.37237762
 0.57642358 0.16783217 0.0457043  0.21003996
 0.27447552 0.33266733 0.31393606 0.07892108
 0.26148851 0.18856144 0.35889111 0.19105894

MOTIF human_l3_f_238
letter-probability matrix: alength= 4 w= 9 
 0.18983791 0.22381546 0.26184539 0.32450125
 0.14962594 0.4201995  0.10349127 0.32668329
 0.11003741 0.27992519 0.19856608 0.41147132
 0.25935162 0.08011222 0.25374065 0.40679551
 0.11034913 0.55205736 0.23285536 0.10473815
 3.11720698e-04 3.11720698e-04 4.05236908e-03 9.95324190e-01
 4.64775561e-01 3.11720698e-04 5.34600998e-01 3.11720698e-04
 8.84975062e-01 3.11720698e-04 1.10660848e-01 4.05236908e-03
 0.34663342 0.10255611 0.26839152 0.28241895

MOTIF human_l3_f_240
letter-probability matrix: alength= 4 w= 9 
 0.12001124 0.14080944 0.32265318 0.41652614
 0.12113547 0.07026419 0.1306914  0.67790894
 0.24283305 0.05958404 0.06548623 0.63209668
 0.09471613 0.02192243 0.00618325 0.87717819
 0.55649241 0.00421585 0.16104553 0.27824621
 0.18015739 0.43338954 0.12788083 0.25857223
 0.27346824 0.10427206 0.26644182 0.35581788
 0.36509275 0.12647555 0.28049466 0.22793704
 0.28274311 0.03007307 0.0663294  0.62085441

MOTIF human_l3_f_243
letter-probability matrix: alength= 4 w= 9 
 0.22611465 0.19002123 0.12845011 0.45541401
 0.22239915 0.24814225 0.45408705 0.07537155
 0.5403397  0.29087049 0.09049894 0.07829087
 0.61173036 0.02123142 0.30122081 0.06581741
 0.58784501 0.21947983 0.00928875 0.18338641
 0.65153928 0.25345011 0.02733546 0.06767516
 0.36066879 0.32829087 0.27521231 0.03582803
 0.39888535 0.14171975 0.32696391 0.132431  
 0.46257962 0.30360934 0.19426752 0.03954352

MOTIF human_l3_f_244
letter-probability matrix: alength= 4 w= 9 
 0.17987958 0.12343201 0.15454089 0.54214752
 0.03788259 0.20998495 0.07150025 0.68063221
 0.42147516 0.07576518 0.38509784 0.11766182
 0.07977923 0.08605118 0.14826894 0.68590065
 0.12543904 0.08379328 0.03010537 0.76066232
 0.17837431 0.00727546 0.05243352 0.76191671
 0.17109885 0.0835424  0.17134972 0.57400903
 0.20948319 0.01881586 0.49322629 0.27847466
 0.14676367 0.03763171 0.1751129  0.64049172

MOTIF human_l3_f_245
letter-probability matrix: alength= 4 w= 9 
 0.03955749 0.1575595  0.09520617 0.70767684
 0.1575595  0.08079115 0.32685216 0.43479718
 0.08380825 0.27187395 0.28293664 0.36138116
 0.44317801 0.53067382 0.00502849 0.02111968
 0.82266175 0.00972176 0.09621187 0.07140463
 0.37143815 0.02145491 0.09118337 0.51592357
 0.22996983 0.13241703 0.13945692 0.49815622
 0.52531009 0.0995642  0.00670466 0.36842105
 0.00771036 0.13442843 0.00670466 0.85115655

MOTIF human_l3_f_246
letter-probability matrix: alength= 4 w= 9 
 0.40067625 0.17864187 0.17976895 0.24091293
 0.36404621 0.11158073 0.50295858 0.02141448
 0.85686109 0.06959707 0.04480135 0.02874049
 0.65652296 0.01239786 0.10340941 0.22766977
 0.5581854  0.10171879 0.10030995 0.23978586
 0.14539307 0.17300648 0.24711186 0.43448859
 0.23978586 0.14623838 0.16145393 0.45252184
 0.50324035 0.05071851 0.41279234 0.0332488 
 0.61594815 0.11496196 0.06903353 0.20005635

MOTIF human_l3_f_248
letter-probability matrix: alength= 4 w= 9 
 0.11299227 0.02465955 0.18181818 0.68053   
 0.50680898 0.14979757 0.2326095  0.11078395
 0.41810821 0.01361796 0.47110784 0.09716599
 0.01398601 0.02649982 0.06256901 0.89694516
 0.62053736 0.01729849 0.34339345 0.0187707 
 0.63268311 0.0062569  0.33934487 0.02171513
 0.30842841 0.20353331 0.23003312 0.25800515
 0.23150534 0.20132499 0.21163047 0.3555392 
 0.19138756 0.22598454 0.22892897 0.35369893

MOTIF human_l3_f_249
letter-probability matrix: alength= 4 w= 9 
 0.06221198 0.03686636 0.13133641 0.76958525
 0.58294931 0.07834101 0.3202765  0.01843318
 0.23732719 0.00230415 0.75806452 0.00230415
 0.02534562 0.84792627 0.01382488 0.11290323
 0.03225806 0.39631336 0.01843318 0.55299539
 0.02764977 0.359447   0.61059908 0.00230415
 0.61751152 0.16129032 0.20276498 0.01843318
 0.07142857 0.35483871 0.50230415 0.07142857
 0.10829493 0.29262673 0.37327189 0.22580645

MOTIF human_l3_f_252
letter-probability matrix: alength= 4 w= 9 
 0.51000253 0.17624715 0.11369967 0.20005065
 0.66725753 0.15801469 0.04760699 0.12712079
 0.57077741 0.05343125 0.231451   0.14434034
 0.46847303 0.27576602 0.21954925 0.0362117 
 0.14788554 0.48543935 0.13952899 0.22714611
 0.01342112 0.29349202 0.15573563 0.53735123
 0.14358065 0.06507977 0.58166624 0.20967334
 0.35578628 0.22765257 0.19650544 0.22005571
 0.11901747 0.40238035 0.16307926 0.31552292

MOTIF human_l3_f_253
letter-probability matrix: alength= 4 w= 9 
 0.07768469 0.36532115 0.2185834  0.33841076
 0.41457223 0.25590251 0.25488703 0.07463823
 0.48667174 0.20817466 0.01777101 0.28738258
 0.23914699 0.48692562 0.14216806 0.13175933
 0.43691292 0.00685453 0.35110434 0.20512821
 0.25361767 0.23305407 0.11144961 0.40187865
 0.04848946 0.28687484 0.61157654 0.05305915
 0.44275197 0.08352374 0.33257172 0.14115258
 0.15384615 0.27291191 0.12820513 0.44503681
