MEME version 5.4.1

ALPHABET= ACGT

strands: + -

Background letter frequencies
A 0.25 C 0.25 G 0.25 T 0.25

MOTIF human_l3_f_7
letter-probability matrix: alength= 4 w= 9 
 0.06991127 0.02769562 0.02662006 0.87577306
 1.62947029e-01 6.18445819e-03 2.68889486e-04 8.30599624e-01
 0.03146007 0.01640226 0.02500672 0.92713095
 5.91556870e-03 2.68889486e-04 2.60285023e-01 7.33530519e-01
 4.78623286e-02 5.37778973e-04 2.67276150e-01 6.84323743e-01
 0.26243614 0.00537779 0.07690239 0.65528368
 0.22909384 0.00268889 0.10029578 0.66792148
 0.20489379 0.08254907 0.05431568 0.65824146
 0.28529175 0.09653133 0.08308685 0.53509008

MOTIF human_l3_f_9
letter-probability matrix: alength= 4 w= 9 
 1.07033639e-02 2.54841998e-04 6.88073394e-03 9.82161060e-01
 2.07951070e-01 9.93883792e-03 2.54841998e-04 7.81855250e-01
 0.02522936 0.03669725 0.27930683 0.65876656
 2.90519878e-02 2.54841998e-04 5.35168196e-03 9.65341488e-01
 0.54485219 0.01019368 0.41437309 0.03058104
 0.02471967 0.004842   0.01172273 0.9587156 
 2.54841998e-04 2.54841998e-03 6.11620795e-02 9.36034659e-01
 0.19571865 0.01121305 0.16615698 0.62691131
 0.10321101 0.04969419 0.15570846 0.69138634

MOTIF human_l3_f_10
letter-probability matrix: alength= 4 w= 9 
 0.31749403 0.17069286 0.13963366 0.37217945
 0.10379612 0.00637112 0.13989912 0.74993363
 0.16485267 0.19325723 0.10512344 0.53676666
 0.02574993 0.75126095 0.05495089 0.16803823
 0.35412795 0.16936554 0.2476772  0.22882931
 0.24183701 0.00822936 0.37271038 0.37722325
 0.11680382 0.03477568 0.06344571 0.78497478
 0.180515   0.01858243 0.43164322 0.36925936
 0.09211574 0.07831165 0.23201487 0.59755774

MOTIF human_l3_f_12
letter-probability matrix: alength= 4 w= 9 
 0.08716629 0.01415246 0.07172724 0.826954  
 0.18044387 0.09971052 0.30363461 0.416211  
 0.02605339 0.04856867 0.06947572 0.85590222
 0.10807334 0.29977485 0.1724027  0.41974912
 0.08780959 0.61209392 0.03956256 0.26053393
 0.22450949 0.12833709 0.08137665 0.56577678
 0.63911225 0.05210679 0.0302348  0.27854616
 0.33193953 0.11836603 0.04310068 0.50659376
 0.28272757 0.17561917 0.09778064 0.44387263

MOTIF human_l3_f_13
letter-probability matrix: alength= 4 w= 9 
 0.24287548 0.18973042 0.43080873 0.13658537
 0.32400513 0.20308087 0.02567394 0.44724005
 0.55661104 0.04775353 0.17612323 0.2195122 
 0.01129653 0.00564827 0.65750963 0.32554557
 0.08061617 0.02644416 0.0254172  0.86752246
 0.08985879 0.13299101 0.56174583 0.21540436
 0.55455712 0.0267009  0.03928113 0.37946085
 0.54017972 0.17098845 0.06238768 0.22644416
 0.15121951 0.0860077  0.05571245 0.70706033

MOTIF human_l3_f_18
letter-probability matrix: alength= 4 w= 9 
 0.50127291 0.11659878 0.18559063 0.19653768
 0.12169043 0.1700611  0.29887984 0.40936864
 0.21410387 0.07942974 0.33248473 0.37398167
 0.64867617 0.05804481 0.02698574 0.26629328
 0.05906314 0.08273931 0.03156823 0.82662933
 0.25280041 0.02087576 0.375      0.35132383
 0.23421589 0.09215886 0.57281059 0.10081466
 0.06033605 0.10997963 0.5697556  0.25992872
 0.32255601 0.0740835  0.3240835  0.27927699

MOTIF human_l3_f_20
letter-probability matrix: alength= 4 w= 9 
 0.13027295 0.24689826 0.26054591 0.36228288
 0.58064516 0.00124069 0.00372208 0.41439206
 0.24193548 0.08312655 0.3573201  0.31761787
 0.27171216 0.36600496 0.02109181 0.34119107
 0.0248139  0.41687345 0.41687345 0.14143921
 0.92555831 0.01364764 0.0471464  0.01364764
 0.06699752 0.26923077 0.24193548 0.42183623
 0.08312655 0.33995037 0.12034739 0.45657568
 0.35111663 0.32754342 0.17493797 0.14640199

MOTIF human_l3_f_23
letter-probability matrix: alength= 4 w= 9 
 0.1491009  0.23926074 0.53096903 0.08066933
 0.16808192 0.2032967  0.34340659 0.28521479
 0.12412587 0.05194805 0.29995005 0.52397602
 0.07217782 0.09365634 0.6466034  0.18756244
 0.19655345 0.27897103 0.11388611 0.41058941
 0.18281718 0.71503497 0.05344655 0.0487013 
 0.03346653 0.4473027  0.04045954 0.47877123
 0.25974026 0.41008991 0.00874126 0.32142857
 0.3503996  0.31268731 0.03596404 0.30094905

MOTIF human_l3_f_24
letter-probability matrix: alength= 4 w= 9 
 0.49314024 0.17327236 0.26219512 0.07139228
 0.13313008 0.04852642 0.2652439  0.55309959
 0.02413618 0.04979675 0.09832317 0.8277439 
 3.59247967e-01 2.54065041e-04 2.15447154e-01 4.25050813e-01
 0.08206301 0.06986789 0.3691565  0.4789126 
 0.1097561  0.09044715 0.01803862 0.78175813
 0.76295732 0.05132114 0.0777439  0.10797764
 0.4695122 0.0101626 0.2390752 0.28125  
 0.32444106 0.07596545 0.24314024 0.35645325

MOTIF human_l3_f_27
letter-probability matrix: alength= 4 w= 9 
 0.09532428 0.36199095 0.13031674 0.41236802
 0.2561086  0.27511312 0.38642534 0.08235294
 0.09200603 0.773454   0.04464555 0.08989442
 0.12307692 0.29803922 0.01508296 0.5638009 
 0.0546003  0.72428356 0.14781297 0.07330317
 0.31312217 0.05550528 0.19969834 0.43167421
 0.56591252 0.0760181  0.3239819  0.03408748
 0.12669683 0.19457014 0.25339367 0.42533937
 0.55143288 0.25037707 0.10135747 0.09683258

MOTIF human_l3_f_28
letter-probability matrix: alength= 4 w= 9 
 0.08379447 0.06482213 0.49328063 0.35810277
 0.07193676 0.59051383 0.1770751  0.16047431
 0.27272727 0.36996047 0.28063241 0.07667984
 0.27035573 0.54071146 0.00711462 0.18181818
 0.14387352 0.69644269 0.00158103 0.15810277
 0.10592885 0.66166008 0.0055336  0.22687747
 0.02687747 0.48537549 0.08142292 0.40632411
 0.13675889 0.23478261 0.45849802 0.16996047
 0.00474308 0.38656126 0.29881423 0.30988142

MOTIF human_l3_f_29
letter-probability matrix: alength= 4 w= 9 
 0.26747174 0.17034943 0.37204522 0.19013361
 0.04496403 0.21428571 0.12692703 0.61382323
 0.00847893 0.48741007 0.05241521 0.45169579
 5.13874615e-04 6.01233299e-02 5.53699897e-01 3.85662898e-01
 0.10765673 0.03340185 0.83299075 0.02595067
 0.47944502 0.00668037 0.3946557  0.11921891
 0.51798561 0.11998972 0.24717369 0.11485098
 0.34301131 0.04496403 0.34480987 0.2672148 
 0.22918808 0.18268243 0.29033916 0.29779034

MOTIF human_l3_f_30
letter-probability matrix: alength= 4 w= 9 
 0.0382935  0.05345669 0.13132871 0.7769211 
 0.14546389 0.03289643 0.40452326 0.41711642
 0.11976356 0.28244667 0.10639938 0.49139039
 0.72577744 0.0460036  0.00179902 0.22641994
 0.09894629 0.06810589 0.31688512 0.51606271
 0.23772809 0.41480339 0.10871241 0.2387561 
 0.44076073 0.24363917 0.1613981  0.154202  
 0.20817271 0.22025186 0.01413518 0.55744025
 0.11462349 0.1308147  0.13235672 0.62220509

MOTIF human_l3_f_35
letter-probability matrix: alength= 4 w= 9 
 0.12013084 0.14451383 0.14600059 0.58935474
 0.0166518  0.05501041 0.14689266 0.78144514
 0.05203687 0.00267618 0.00475766 0.94052929
 0.08415106 0.09366637 0.42848647 0.3936961 
 0.20695807 0.02824859 0.10080285 0.66399048
 0.27267321 0.07523045 0.35414808 0.29794826
 7.16027357e-01 2.97353553e-04 2.65536723e-01 1.81385668e-02
 0.5646744  0.01784121 0.12221231 0.29527208
 0.28129646 0.07641986 0.05709188 0.58519179

MOTIF human_l3_f_38
letter-probability matrix: alength= 4 w= 9 
 0.72222222 0.01736111 0.13648504 0.12393162
 0.04166667 0.01709402 0.37152778 0.56971154
 0.00721154 0.13167735 0.0042735  0.85683761
 0.27377137 0.03926282 0.19257479 0.49439103
 0.09214744 0.12286325 0.0357906  0.74919872
 0.65384615 0.08012821 0.10817308 0.15785256
 0.08012821 0.14049145 0.18536325 0.59401709
 0.12606838 0.24599359 0.21848291 0.40945513
 0.1517094  0.1028312  0.38087607 0.36458333

MOTIF human_l3_f_40
letter-probability matrix: alength= 4 w= 9 
 0.11873351 0.42480211 0.39050132 0.06596306
 0.14775726 0.00263852 0.31134565 0.53825858
 0.00263852 0.00263852 0.99208443 0.00263852
 0.00263852 0.01583113 0.54881266 0.43271768
 0.01846966 0.54617414 0.20580475 0.22955145
 0.44591029 0.00263852 0.50131926 0.05013193
 0.0474934  0.27440633 0.0817942  0.59630607
 0.08707124 0.7994723  0.05013193 0.06332454
 0.31398417 0.40633245 0.08443272 0.19525066

MOTIF human_l3_f_49
letter-probability matrix: alength= 4 w= 9 
 0.07610887 0.10282258 0.05519153 0.76587702
 0.08341734 0.03402218 0.15549395 0.72706653
 0.16078629 0.00655242 0.09904234 0.73361895
 2.52016129e-04 1.03326613e-02 4.89415323e-01 5.00000000e-01
 3.57862903e-02 7.56048387e-04 1.64818548e-01 7.98639113e-01
 0.05745968 0.11970766 0.10660282 0.71622984
 0.08770161 0.015625   0.85458669 0.04208669
 0.04662298 0.1968246  0.03150202 0.7250504 
 0.10534274 0.07560484 0.21471774 0.60433468

MOTIF human_l3_f_50
letter-probability matrix: alength= 4 w= 9 
 0.21028971 0.24225774 0.15484515 0.39260739
 0.38036963 0.41483516 0.03846154 0.16633367
 0.0536963  0.34115884 0.13086913 0.47427572
 1.52847153e-01 1.04895105e-02 2.49750250e-04 8.36413586e-01
 0.08566434 0.17432567 0.00124875 0.73876124
 0.06593407 0.20829171 0.01423576 0.71153846
 0.37737263 0.10264735 0.4532967  0.06668332
 0.01148851 0.13111888 0.1515984  0.70579421
 0.23126873 0.17057942 0.21278721 0.38536464

MOTIF human_l3_f_51
letter-probability matrix: alength= 4 w= 9 
 0.24855054 0.13687925 0.24224855 0.37232165
 0.16259138 0.03554323 0.04159314 0.76027225
 0.01008319 0.15477691 0.28636249 0.54877741
 1.00831863e-03 2.52079657e-04 2.52079657e-04 9.98487522e-01
 2.49810940e-01 2.52079657e-04 7.42626670e-01 7.31031006e-03
 8.65137383e-01 1.00831863e-03 1.33602218e-01 2.52079657e-04
 0.32140156 0.12200655 0.15956642 0.39702546
 0.35417192 0.08847996 0.19410134 0.36324679
 0.29518528 0.17065793 0.18502647 0.34913033

MOTIF human_l3_f_56
letter-probability matrix: alength= 4 w= 9 
 0.09344386 0.25973374 0.30394373 0.34287867
 4.39588043e-02 6.02863602e-03 5.02386335e-04 9.49510173e-01
 5.74227581e-01 2.83848279e-02 3.97136398e-01 2.51193168e-04
 6.30746044e-01 2.51193168e-04 3.22783220e-01 4.62195428e-02
 0.1542326  0.36222055 0.21401658 0.26953027
 0.14920874 0.257473   0.10524994 0.48806832
 0.2685255  0.11052499 0.38156242 0.23938709
 0.46269781 0.2979151  0.17709118 0.06229591
 0.16779704 0.15373022 0.18111027 0.49736247

MOTIF human_l3_f_57
letter-probability matrix: alength= 4 w= 9 
 0.16846307 0.28902196 0.38163673 0.16087824
 0.24710579 0.36087824 0.07984032 0.31217565
 0.53892216 0.09860279 0.30818363 0.05429142
 0.1992016  0.09860279 0.66187625 0.04031936
 0.48383234 0.00239521 0.09101796 0.42275449
 0.31656687 0.06427146 0.43592814 0.18323353
 0.05548902 0.00798403 0.7005988  0.23592814
 0.13013972 0.16806387 0.58163673 0.12015968
 0.05548902 0.15528942 0.6742515  0.11497006

MOTIF human_l3_f_58
letter-probability matrix: alength= 4 w= 9 
 0.35914086 0.14360639 0.27172827 0.22552448
 0.46153846 0.1515984  0.08966034 0.2972028 
 0.18106893 0.06643357 0.2017982  0.5506993 
 0.32367632 0.02322677 0.45254745 0.20054945
 0.28871129 0.01098901 0.01573427 0.68456543
 0.01323676 0.06493506 0.41383616 0.50799201
 0.41508492 0.06618382 0.30719281 0.21153846
 0.39085914 0.14635365 0.28271728 0.18006993
 0.10764236 0.12762238 0.12762238 0.63711289

MOTIF human_l3_f_60
letter-probability matrix: alength= 4 w= 9 
 0.10474508 0.09868753 0.06057547 0.73599192
 0.23599192 0.06940939 0.25593135 0.43866734
 0.12014134 0.07193337 0.01993942 0.78798587
 0.61585058 0.00328117 0.24861181 0.13225644
 0.37582029 0.04139324 0.3412418  0.24154467
 0.37253912 0.02094902 0.21125694 0.39525492
 0.4656739  0.02826855 0.19560828 0.31044927
 0.41519435 0.13225644 0.15648662 0.29606259
 0.21832408 0.07218576 0.24028269 0.46920747

MOTIF human_l3_f_61
letter-probability matrix: alength= 4 w= 9 
 0.14403974 0.13874172 0.46456954 0.25264901
 0.12417219 0.44834437 0.17980132 0.24768212
 0.29503311 0.19172185 0.25298013 0.2602649 
 0.01523179 0.07483444 0.01854305 0.89139073
 0.17251656 0.30397351 0.18675497 0.33675497
 0.05860927 0.21655629 0.03708609 0.68774834
 0.6513245  0.01390728 0.28377483 0.05099338
 0.51456954 0.10430464 0.33675497 0.04437086
 0.71556291 0.05198675 0.15695364 0.07549669

MOTIF human_l3_f_66
letter-probability matrix: alength= 4 w= 9 
 0.2027972  0.18181818 0.19805195 0.41733267
 0.02947053 0.01048951 0.10664336 0.8533966 
 0.03871129 0.02847153 0.54945055 0.38336663
 0.34815185 0.29270729 0.26073926 0.0984016 
 0.51523477 0.03546454 0.10114885 0.34815185
 0.43106893 0.1038961  0.01923077 0.4458042 
 0.28546454 0.13211788 0.0452048  0.53721279
 0.32792208 0.14135864 0.27772228 0.252997  
 0.25124875 0.12712288 0.36513487 0.25649351

MOTIF human_l3_f_67
letter-probability matrix: alength= 4 w= 9 
 0.24123989 0.05283019 0.34770889 0.35822102
 0.01078167 0.71832884 0.00404313 0.26684636
 0.05013477 0.02533693 0.52857143 0.39595687
 0.16603774 0.21859838 0.50215633 0.11320755
 0.19649596 0.0425876  0.24663073 0.51428571
 0.20592992 0.2180593  0.06765499 0.5083558 
 0.19002695 0.02884097 0.41859838 0.36253369
 0.04204852 0.15013477 0.21752022 0.5902965 
 0.22749326 0.1245283  0.31671159 0.33126685

MOTIF human_l3_f_69
letter-probability matrix: alength= 4 w= 9 
 0.25824321 0.06647323 0.05829596 0.6169876 
 0.11606436 0.04457927 0.28514904 0.55420733
 0.02057505 0.02664205 0.29121604 0.66156687
 0.13954102 0.0258507  0.23054603 0.60406225
 0.16064363 0.02848853 0.00896861 0.80189924
 0.10155632 0.01477183 0.12371406 0.75995779
 0.07491427 0.00316539 0.1458718  0.77604854
 0.06884727 0.12476919 0.09443419 0.71194935
 0.22500659 0.05222896 0.09759958 0.62516486

MOTIF human_l3_f_70
letter-probability matrix: alength= 4 w= 9 
 0.2922314  0.16958678 0.47966942 0.0585124 
 0.0122314  0.12165289 0.0446281  0.8214876 
 0.08892562 0.09752066 0.02578512 0.7877686 
 0.01057851 0.05917355 0.21983471 0.71041322
 0.00661157 0.02975207 0.21785124 0.74578512
 3.30578512e-04 6.61157025e-04 3.30578512e-04 9.98677686e-01
 0.11867769 0.11404959 0.37355372 0.39371901
 0.19008264 0.10842975 0.20066116 0.50082645
 0.21950413 0.08231405 0.03438017 0.66380165

MOTIF human_l3_f_74
letter-probability matrix: alength= 4 w= 9 
 0.24300699 0.41758242 0.14635365 0.19305694
 0.00824176 0.4527972  0.18606394 0.3528971 
 0.03321678 0.73876124 0.02447552 0.20354645
 2.49750250e-04 2.67982018e-01 1.89810190e-02 7.12787213e-01
 6.29370629e-02 2.80969031e-01 2.49750250e-04 6.55844156e-01
 0.27322677 0.59265734 0.0516983  0.08241758
 7.16033966e-01 1.31368631e-01 2.49750250e-04 1.52347652e-01
 0.39685315 0.23676324 0.14485514 0.22152847
 0.37512488 0.28871129 0.18981019 0.14635365

MOTIF human_l3_f_82
letter-probability matrix: alength= 4 w= 9 
 0.27155172 0.19318182 0.18142633 0.35384013
 0.12029781 0.04780564 0.02115987 0.81073668
 5.75626959e-01 3.91849530e-04 2.12382445e-01 2.11598746e-01
 0.41418495 0.03918495 0.52899687 0.01763323
 0.0015674  0.01489028 0.01371473 0.96982759
 0.68495298 0.0015674  0.29075235 0.02272727
 0.63401254 0.0015674  0.36363636 0.0007837 
 0.28644201 0.13597179 0.14733542 0.43025078
 0.23550157 0.15399687 0.19278997 0.4177116 

MOTIF human_l3_f_85
letter-probability matrix: alength= 4 w= 9 
 0.04389313 0.51853871 0.16194111 0.27562704
 0.05561614 0.12159215 0.44247546 0.38031625
 0.25081788 0.02262814 0.19193021 0.53462377
 0.00708833 0.54389313 0.10986914 0.3391494 
 0.17884406 0.13876772 0.05670665 0.62568157
 0.06733915 0.31761178 0.08696838 0.5280807 
 0.02671756 0.74509269 0.15348964 0.07470011
 0.39122137 0.14749182 0.17666303 0.28462377
 0.45065431 0.20092694 0.10278081 0.24563795

MOTIF human_l3_f_86
letter-probability matrix: alength= 4 w= 9 
 0.26775812 0.22841299 0.14576182 0.35806707
 0.33614999 0.11988381 0.159493   0.3844732 
 0.14708212 0.13123845 0.24478479 0.47689464
 0.12226036 0.11433853 0.02376551 0.7396356 
 0.43226829 0.0763137  0.15526802 0.33614999
 0.32294692 0.11750726 0.09004489 0.46950092
 3.43279641e-03 2.64061262e-04 2.64061262e-04 9.96039081e-01
 6.23976763e-01 2.64061262e-04 3.71006073e-01 4.75310272e-03
 8.32585160e-01 2.64061262e-04 1.66886718e-01 2.64061262e-04

MOTIF human_l3_f_87
letter-probability matrix: alength= 4 w= 9 
 0.0181615  0.0729254  0.03688181 0.87203129
 0.0474993  0.24867281 0.18524728 0.51858061
 0.35540654 0.36155351 0.2190556  0.06398435
 0.3830679  0.52640402 0.0402347  0.05029338
 0.55685946 0.06119028 0.07404303 0.30790724
 0.47583124 0.1897178  0.12880693 0.20564403
 0.06230791 0.24336407 0.17574742 0.51858061
 0.31461302 0.41324392 0.0583962  0.21374686
 0.22911428 0.11707181 0.05895502 0.5948589 

MOTIF human_l3_f_89
letter-probability matrix: alength= 4 w= 9 
 0.16080819 0.05673955 0.17962912 0.60282314
 0.02407971 0.16080819 0.01743703 0.79767506
 0.27760864 0.09355107 0.14115693 0.48768337
 0.2435649  0.2640465  0.26376972 0.22861888
 0.44312206 0.2181013  0.01328536 0.32549128
 0.26293939 0.02020482 0.01494603 0.70190977
 0.23194022 0.21007473 0.3609189  0.19706615
 0.09714918 0.07722115 0.26598395 0.55964572
 0.7716579  0.03930252 0.09133684 0.09770274

MOTIF human_l3_f_95
letter-probability matrix: alength= 4 w= 9 
 0.36782218 0.13522096 0.16432919 0.33262768
 0.27255888 0.14607039 0.11590368 0.46546705
 0.34003705 0.45250066 0.07224133 0.13522096
 0.69330511 0.01005557 0.09341096 0.20322837
 0.31966129 0.00529241 0.51944959 0.15559672
 0.0992326  0.01852342 0.05636412 0.82587986
 0.24239217 0.34374173 0.06933051 0.34453559
 0.01508336 0.10478963 0.67054776 0.20957925
 0.19820058 0.26038635 0.07118285 0.47023022

MOTIF human_l3_f_97
letter-probability matrix: alength= 4 w= 9 
 0.26284585 0.2001694  0.23009599 0.30688876
 0.3190288  0.42744212 0.13805759 0.11547149
 0.43732355 0.50677583 0.01298701 0.04291361
 0.18605308 0.12930548 0.65782044 0.02682101
 0.02060982 0.08893281 0.16516093 0.72529644
 0.13579898 0.0417843  0.3961039  0.42631282
 0.00931677 0.12450593 0.49237719 0.37380011
 0.35770751 0.12055336 0.41304348 0.10869565
 0.40513834 0.08921513 0.24929418 0.25635234

MOTIF human_l3_f_100
letter-probability matrix: alength= 4 w= 9 
 0.3489491  0.29526462 0.11445936 0.24132692
 0.53380603 0.29450494 0.13649025 0.03519878
 0.19827805 0.17903267 0.37173968 0.25094961
 0.04912636 0.06001519 0.2190428  0.67181565
 0.00936946 0.04786022 0.27576602 0.6670043 
 0.19422639 0.03064067 0.63940238 0.13573056
 1.15219043e-01 2.53228665e-04 7.51329450e-01 1.33198278e-01
 0.26791593 0.33679413 0.17877944 0.21651051
 0.08736389 0.23398329 0.21549759 0.46315523

MOTIF human_l3_f_101
letter-probability matrix: alength= 4 w= 9 
 0.52868491 0.13680494 0.26831421 0.06619594
 0.50794351 0.01235658 0.27581642 0.2038835 
 0.44616064 0.24007061 0.01941748 0.29435128
 4.45719329e-02 6.30185349e-01 4.41306267e-04 3.24801412e-01
 0.15931156 0.16857899 0.08561342 0.58649603
 0.07899382 0.46646072 0.00485437 0.44969109
 0.20829656 0.19638129 0.21624007 0.37908208
 0.23124448 0.02162401 0.38879082 0.35834069
 0.10635481 0.24757282 0.36496028 0.28111209

MOTIF human_l3_f_113
letter-probability matrix: alength= 4 w= 9 
 0.16781731 0.35847053 0.0685077  0.40520446
 0.17126925 0.33696229 0.06080722 0.43096123
 0.2748274  0.05868295 0.06425916 0.60223048
 0.01327669 0.2952735  0.03027084 0.66117897
 2.65533723e-04 6.25862985e-01 1.14976102e-01 2.58895380e-01
 0.58682953 0.21879979 0.01619756 0.17817313
 0.85103558 0.0464684  0.01221455 0.09028147
 0.60143388 0.2928837  0.02177377 0.08390866
 0.19277748 0.28173128 0.05071694 0.4747743 

MOTIF human_l3_f_115
letter-probability matrix: alength= 4 w= 9 
 0.84172662 0.00719424 0.00719424 0.14388489
 0.02877698 0.00719424 0.12230216 0.84172662
 0.1294964  0.00719424 0.85611511 0.00719424
 0.0647482  0.04316547 0.14388489 0.74820144
 0.12230216 0.05035971 0.03597122 0.79136691
 0.42446043 0.00719424 0.00719424 0.56115108
 0.54676259 0.00719424 0.00719424 0.43884892
 0.43884892 0.00719424 0.00719424 0.54676259
 0.23021583 0.05035971 0.64748201 0.07194245

MOTIF human_l3_f_123
letter-probability matrix: alength= 4 w= 9 
 0.49948427 0.13769985 0.23388345 0.12893244
 0.2738525  0.14517793 0.23336772 0.34760186
 0.23182053 0.14672512 0.36926251 0.25219185
 0.18308406 0.08457968 0.11887571 0.61346055
 0.33238783 0.08509541 0.2650851  0.31743167
 0.43037648 0.12970603 0.35740072 0.08251676
 0.09154203 0.01134605 0.03120165 0.86591026
 0.58767406 0.04461062 0.34863332 0.019082  
 0.64543579 0.02475503 0.31768953 0.01211965

MOTIF human_l3_f_126
letter-probability matrix: alength= 4 w= 9 
 0.53190921 0.11668892 0.03818425 0.31321762
 0.09212283 0.34632844 0.17036048 0.39118825
 0.18504673 0.15781041 0.27556742 0.38157543
 0.35594126 0.23391188 0.02536716 0.38477971
 0.62803738 0.09639519 0.27343124 0.00213618
 0.03150868 0.69265688 0.0411215  0.23471295
 0.23444593 0.37196262 0.25981308 0.13377837
 0.1481976  0.03925234 0.46595461 0.34659546
 0.34339119 0.19866489 0.37596796 0.08197597

MOTIF human_l3_f_127
letter-probability matrix: alength= 4 w= 9 
 0.83681885 0.1095729  0.02415317 0.02945508
 0.50751105 0.13902798 0.26391753 0.08954345
 0.09896907 0.16259205 0.06597938 0.6724595 
 0.01325479 0.11752577 0.21060383 0.65861561
 0.24300442 0.00412371 0.54108984 0.21178203
 0.23681885 0.02945508 0.54756996 0.18615611
 0.34108984 0.03387334 0.1802651  0.44477172
 0.16789396 0.19528719 0.27069219 0.36612666
 0.16494845 0.28718704 0.30427099 0.24359352

MOTIF human_l3_f_131
letter-probability matrix: alength= 4 w= 9 
 0.27077888 0.06403555 0.18661788 0.47856769
 0.05880815 0.18452692 0.28985886 0.46680606
 0.26842656 0.02352326 0.01986409 0.6881861 
 2.61369577e-04 1.01934135e-02 6.25457397e-01 3.64087820e-01
 0.20256142 0.24307371 0.00365917 0.5507057 
 0.56116048 0.00104548 0.00784109 0.42995295
 0.21380031 0.00914794 0.29064297 0.48640878
 0.16518557 0.19968636 0.02143231 0.61369577
 0.20203868 0.16858338 0.29691584 0.3324621 

MOTIF human_l3_f_136
letter-probability matrix: alength= 4 w= 9 
 0.27147591 0.14198318 0.10833546 0.47820546
 0.31557482 0.07978588 0.04307928 0.56156003
 0.09329595 0.17639562 0.17817996 0.55212847
 0.00331379 0.16798369 0.13484578 0.69385674
 0.34743819 0.33647719 0.03594188 0.28014275
 0.45398929 0.4504206  0.01707877 0.07851134
 0.34641856 0.2380831  0.02778486 0.38771348
 0.70838644 0.16339536 0.03798114 0.09023706
 0.91103747 0.04078511 0.00509814 0.04307928

MOTIF human_l3_f_138
letter-probability matrix: alength= 4 w= 9 
 0.73861336 0.05060729 0.15106275 0.0597166 
 0.33375506 0.01543522 0.15384615 0.49696356
 0.12753036 0.05895749 0.07768219 0.73582996
 0.0708502  0.02732794 0.01088057 0.8909413 
 0.05794534 0.40789474 0.20546559 0.32869433
 1.80668016e-01 8.13006073e-01 6.07287449e-03 2.53036437e-04
 0.24671053 0.2090081  0.07110324 0.47317814
 0.18168016 0.03314777 0.17864372 0.60652834
 0.16953441 0.15334008 0.19762146 0.47950405

MOTIF human_l3_f_139
letter-probability matrix: alength= 4 w= 9 
 0.66900175 0.01401051 0.28196147 0.03502627
 0.61821366 0.19089317 0.17162872 0.01926445
 0.99474606 0.00175131 0.00175131 0.00175131
 0.99474606 0.00175131 0.00175131 0.00175131
 0.00175131 0.00175131 0.00175131 0.99474606
 0.16812609 0.00175131 0.00175131 0.82837128
 0.76707531 0.00175131 0.19089317 0.04028021
 0.00175131 0.22942207 0.14711033 0.62171629
 0.67425569 0.22591944 0.09807356 0.00175131

MOTIF human_l3_f_140
letter-probability matrix: alength= 4 w= 9 
 0.3211527  0.14379085 0.10606061 0.42899584
 0.63428402 0.12032086 0.11051693 0.13487819
 0.32828283 0.23618538 0.26530006 0.17023173
 0.07338087 0.08972074 0.04991087 0.78698752
 0.16458705 0.04842543 0.26619133 0.5207962 
 0.08526441 0.81045752 0.00326797 0.1010101 
 0.2979798  0.22311349 0.15745692 0.32144979
 0.25014854 0.46524064 0.13874034 0.14587047
 0.42988711 0.18954248 0.20499109 0.17557932

MOTIF human_l3_f_146
letter-probability matrix: alength= 4 w= 9 
 0.20564764 0.11663597 0.29588705 0.38182934
 0.23879681 0.03898097 0.06813996 0.65408226
 0.66912216 0.08133824 0.04051565 0.20902394
 0.03284223 0.0475752  0.14947821 0.77010436
 0.17372621 0.05003069 0.0417434  0.73449969
 0.43677103 0.25751995 0.26089626 0.04481277
 0.01565378 0.00245549 0.17372621 0.80816452
 0.63321056 0.13443831 0.0834868  0.14886433
 0.34499693 0.01872314 0.33977901 0.29650092

MOTIF human_l3_f_147
letter-probability matrix: alength= 4 w= 9 
 0.54808893 0.03347489 0.12865351 0.28978266
 0.51411441 0.15638271 0.07444417 0.25505871
 0.39895079 0.06894829 0.00474644 0.52735448
 0.42018486 0.04796403 0.01348988 0.51836123
 0.10667    0.05770672 0.14664002 0.68898326
 0.28828379 0.23732201 0.00099925 0.47339495
 0.33549838 0.00624532 0.03697227 0.62128404
 0.12940295 0.0374719  0.32225831 0.51086685
 0.11291531 0.06295279 0.03597302 0.78815888

MOTIF human_l3_f_148
letter-probability matrix: alength= 4 w= 9 
 0.15266393 0.21567623 0.07223361 0.55942623
 0.15701844 0.04380123 0.69697746 0.10220287
 0.02689549 0.0420082  0.07940574 0.85169057
 0.17161885 0.07069672 0.10911885 0.64856557
 0.15599385 0.01331967 0.41547131 0.41521516
 0.0048668  0.47694672 0.04456967 0.4736168 
 0.09246926 0.42085041 0.19646516 0.29021516
 0.53278689 0.11910861 0.27228484 0.07581967
 0.00717213 0.12704918 0.29328893 0.57248975

MOTIF human_l3_f_149
letter-probability matrix: alength= 4 w= 9 
 0.31424242 0.1569697  0.24212121 0.28666667
 0.23818182 0.16333333 0.24090909 0.35757576
 0.08       0.1169697  0.05666667 0.74636364
 0.45212121 0.12393939 0.21030303 0.21363636
 0.4730303  0.0730303  0.24121212 0.21272727
 4.54545455e-03 7.87878788e-03 3.03030303e-04 9.87272727e-01
 0.5630303  0.00787879 0.41878788 0.01030303
 0.71090909 0.00393939 0.26909091 0.01606061
 0.28636364 0.10818182 0.31212121 0.29333333

MOTIF human_l3_f_150
letter-probability matrix: alength= 4 w= 9 
 0.06824012 0.28296562 0.05105182 0.59774243
 0.27988712 0.21652129 0.11159569 0.3919959 
 0.0736275  0.64622884 0.04412519 0.23601847
 0.51128784 0.13750641 0.11877886 0.23242689
 2.69368907e-02 7.69625449e-04 1.57003592e-01 8.15289892e-01
 3.33760903e-01 1.33401744e-02 2.56541816e-04 6.52642381e-01
 0.19805028 0.22216521 0.06695741 0.51282709
 0.2147255  0.67701385 0.00461775 0.10364289
 0.19702411 0.44586968 0.09953822 0.25756798

MOTIF human_l3_f_152
letter-probability matrix: alength= 4 w= 9 
 0.14911001 0.01108842 0.0726583  0.76714327
 0.06040268 0.00817041 0.31747884 0.61394806
 2.30522323e-02 2.91800409e-04 2.91800409e-04 9.76364167e-01
 1.00087540e-01 2.91800409e-04 1.40647797e-01 7.58972863e-01
 1.54070616e-01 2.91800409e-04 8.66647213e-02 7.58972863e-01
 0.0738255  0.02392763 0.04756347 0.8546834 
 0.04931427 0.0700321  0.05952728 0.82112635
 0.02421943 0.05544208 0.1406478  0.77969069
 0.11672016 0.03472425 0.16749343 0.68106215

MOTIF human_l3_f_154
letter-probability matrix: alength= 4 w= 9 
 0.11901141 0.16692015 0.221673   0.49239544
 0.19467681 0.25095057 0.05323194 0.50114068
 0.44372624 0.13764259 0.32357414 0.09505703
 1.21292776e-01 3.80228137e-04 2.66539924e-01 6.11787072e-01
 0.12547529 0.22927757 0.15209125 0.49315589
 3.80228137e-04 3.80228137e-04 4.79087452e-02 9.51330798e-01
 0.46121673 0.03802281 0.45665399 0.04410646
 9.62737643e-01 1.14068441e-03 3.57414449e-02 3.80228137e-04
 0.19391635 0.09809886 0.29011407 0.41787072

MOTIF human_l3_f_158
letter-probability matrix: alength= 4 w= 9 
 0.05416982 0.08062484 0.19501134 0.670194  
 0.01965231 0.02670698 0.13454271 0.81909801
 0.07911313 0.00655077 0.22549761 0.6888385 
 0.04661124 0.00579491 0.41748551 0.53010834
 0.27437642 0.04661124 0.24137062 0.43764172
 0.27261275 0.01511716 0.28571429 0.42655581
 0.2297808  0.07558579 0.0808768  0.61375661
 0.19450743 0.04333585 0.16099773 0.60115898
 0.12421265 0.0670194  0.13605442 0.67271353

MOTIF human_l3_f_162
letter-probability matrix: alength= 4 w= 9 
 0.15216138 0.01440922 0.03170029 0.80172911
 0.50835735 0.01729107 0.31757925 0.15677233
 0.59481268 0.01902017 0.31181556 0.07435159
 0.03688761 0.00172911 0.00634006 0.95504323
 0.69279539 0.02363112 0.26685879 0.0167147 
 0.69855908 0.01037464 0.28818444 0.00288184
 0.40864553 0.15619597 0.16138329 0.27377522
 0.23112392 0.1556196  0.14985591 0.46340058
 0.28126801 0.15158501 0.18616715 0.38097983

MOTIF human_l3_f_167
letter-probability matrix: alength= 4 w= 9 
 0.29169309 0.22067216 0.07989854 0.40773621
 0.10621433 0.05580216 0.483513   0.35447051
 0.065948   0.47717185 0.11223843 0.34464172
 3.85542169e-01 6.13506658e-01 6.34115409e-04 3.17057705e-04
 0.50729233 0.03043754 0.4137603  0.04850983
 0.4258085  0.17121116 0.23589093 0.16708941
 0.43246671 0.13950539 0.29042486 0.13760304
 0.90646798 0.03931516 0.01490171 0.03931516
 0.02853519 0.04850983 0.06975269 0.85320228

MOTIF human_l3_f_168
letter-probability matrix: alength= 4 w= 9 
 0.15593306 0.05273834 0.1209432  0.6703854 
 0.10522312 0.01014199 0.43661258 0.44802231
 0.13970588 0.00938134 0.46526369 0.38564909
 0.56972617 0.11029412 0.08874239 0.23123732
 0.1663286  0.01191684 0.36206897 0.4596856 
 0.11916836 0.12880325 0.23199797 0.52003043
 0.13488844 0.38945233 0.13919878 0.33646045
 0.17368154 0.11105477 0.12043611 0.59482759
 0.19523327 0.11257606 0.16810345 0.52408722

MOTIF human_l3_f_172
letter-probability matrix: alength= 4 w= 9 
 0.18970676 0.2962298  0.18850987 0.32555356
 0.16696589 0.33632555 0.21424297 0.28246559
 5.98444045e-04 3.14781568e-01 1.07719928e-02 6.73847995e-01
 0.28007181 0.37881508 0.16995811 0.171155  
 0.22561341 0.2716936  0.34530221 0.15739078
 5.98444045e-04 1.02333932e-01 7.18132855e-03 8.89886296e-01
 0.85757032 0.00418911 0.06223818 0.07600239
 0.46918013 0.1561939  0.3111909  0.06343507
 0.41113106 0.20526631 0.17414722 0.20945542

MOTIF human_l3_f_173
letter-probability matrix: alength= 4 w= 9 
 0.25193399 0.26895307 0.35043837 0.12867457
 0.75502837 0.02578649 0.00593089 0.21325425
 0.64130995 0.23027334 0.04718927 0.08122744
 0.20783909 0.36952037 0.10598247 0.31665807
 0.52217638 0.20887055 0.14285714 0.12609593
 0.14698298 0.20732336 0.37931924 0.26637442
 0.52166065 0.0814853  0.3267148  0.07013925
 0.26250645 0.26302218 0.3986591  0.07581227
 0.02243424 0.35404848 0.3708097  0.25270758

MOTIF human_l3_f_175
letter-probability matrix: alength= 4 w= 9 
 0.0988024  0.15568862 0.0508982  0.69461078
 0.16467066 0.24550898 0.12874251 0.46107784
 0.26646707 0.15568862 0.29341317 0.28443114
 0.7005988  0.16766467 0.08083832 0.0508982 
 0.01197605 0.03293413 0.07185629 0.88323353
 0.17065868 0.0988024  0.72754491 0.00299401
 0.58682635 0.23952096 0.15868263 0.01497006
 0.04491018 0.00299401 0.26646707 0.68562874
 0.0508982  0.04790419 0.89221557 0.00898204

MOTIF human_l3_f_178
letter-probability matrix: alength= 4 w= 9 
 0.24023946 0.19000521 0.42113483 0.14862051
 0.50208225 0.29229568 0.19599167 0.0096304 
 0.51847996 0.01327434 0.23919833 0.22904737
 0.49401353 0.01067153 0.16319625 0.33211869
 0.3250911  0.13430505 0.31363873 0.22696512
 0.05309735 0.00728787 0.82196773 0.11764706
 0.36933889 0.06871421 0.16475794 0.39718896
 0.34383134 0.00910984 0.34669443 0.30036439
 0.1142634  0.00338365 0.37064029 0.51171265

MOTIF human_l3_f_180
letter-probability matrix: alength= 4 w= 9 
 0.30376812 0.15594203 0.12463768 0.41565217
 5.79710145e-04 5.79710145e-04 5.79710145e-04 9.98260870e-01
 7.50144928e-01 5.79710145e-04 2.48695652e-01 5.79710145e-04
 5.90724638e-01 5.79710145e-04 4.08115942e-01 5.79710145e-04
 5.79710145e-04 5.79710145e-04 5.79710145e-04 9.98260870e-01
 6.73043478e-01 5.79710145e-04 3.25797101e-01 5.79710145e-04
 7.23478261e-01 5.79710145e-04 2.75362319e-01 5.79710145e-04
 0.2915942  0.09565217 0.12695652 0.4857971 
 0.22318841 0.13391304 0.18434783 0.45855072

MOTIF human_l3_f_181
letter-probability matrix: alength= 4 w= 9 
 0.17117117 0.28746929 0.19000819 0.35135135
 0.01801802 0.68550369 0.21539722 0.08108108
 0.16461916 0.08845209 0.04422604 0.7027027 
 0.000819   0.56756757 0.33742834 0.09418509
 0.06142506 0.6961507  0.03112203 0.21130221
 8.19000819e-04 9.77886978e-01 2.04750205e-02 8.19000819e-04
 0.003276   0.47829648 0.51760852 0.000819  
 0.04750205 0.54954955 0.25143325 0.15151515
 0.24651925 0.44144144 0.17854218 0.13349713

MOTIF human_l3_f_182
letter-probability matrix: alength= 4 w= 9 
 0.29113924 0.16174402 0.14064698 0.40646976
 0.19156118 0.23938115 0.42672293 0.14233474
 0.22559775 0.16933896 0.43178622 0.17327707
 2.81293952e-04 3.02953586e-01 4.99578059e-01 1.97187060e-01
 0.2790436  0.34767932 0.26216596 0.11111111
 0.0835443  0.01237693 0.01828411 0.88579466
 0.06272855 0.18509142 0.00337553 0.7488045 
 2.81293952e-04 1.57805907e-01 2.81293952e-03 8.39099859e-01
 0.0556962  0.20225035 0.47651195 0.26554149

MOTIF human_l3_f_188
letter-probability matrix: alength= 4 w= 9 
 0.25414224 0.13102218 0.11649248 0.4983431 
 0.08080551 0.26867193 0.20902371 0.44149885
 0.0731583  0.27708386 0.02651032 0.62324751
 0.06066786 0.00866684 0.84934999 0.08131532
 0.04002039 0.41524344 0.1243946  0.42034158
 0.08513892 0.00586286 0.08641346 0.82258476
 0.00305888 0.11215906 0.14912057 0.73566148
 0.03084374 0.01529442 0.54499108 0.40887076
 0.12413969 0.16798369 0.2342595  0.47361713

MOTIF human_l3_f_189
letter-probability matrix: alength= 4 w= 9 
 0.30081515 0.10307652 0.28161977 0.31448856
 0.14567447 0.08151459 0.01551407 0.75729687
 0.58795688 0.06179332 0.21667105 0.13357875
 0.63528793 0.06363397 0.22087825 0.08019984
 0.20220878 0.06100447 0.03155404 0.70523271
 0.7396792  0.03812779 0.18064686 0.04154615
 0.5180121  0.03839074 0.40283986 0.0407573 
 0.18879832 0.08545885 0.15382593 0.57191691
 0.27899027 0.08703655 0.343939   0.29003418

MOTIF human_l3_f_194
letter-probability matrix: alength= 4 w= 9 
 0.10942515 0.31660344 0.12022177 0.45374964
 0.31689524 0.20046688 0.27487598 0.20776189
 0.08199591 0.1400642  0.42048439 0.3574555 
 1.41523198e-01 7.25707616e-01 2.91800409e-04 1.32477385e-01
 0.21826671 0.14881821 0.58681062 0.04610446
 0.03735045 0.00992121 0.58009921 0.37262912
 0.00729501 0.27283338 0.01138022 0.70849139
 0.23023052 0.04989787 0.33060986 0.38926174
 0.23694193 0.22702072 0.02421943 0.51181792

MOTIF human_l3_f_204
letter-probability matrix: alength= 4 w= 9 
 0.74797965 0.0541754  0.05148159 0.14636336
 0.2196947  0.02454355 0.09787489 0.65788686
 0.36635738 0.05716851 0.06764442 0.50882969
 0.61837773 0.0179587  0.02903322 0.33463035
 0.15294822 0.04190362 0.04010775 0.76504041
 0.43011075 0.02184975 0.00478899 0.54325052
 0.07422927 0.01526489 0.02005388 0.89045196
 0.49955103 0.02274768 0.16073032 0.31697097
 0.2274768  0.06884166 0.26938043 0.43430111

MOTIF human_l3_f_205
letter-probability matrix: alength= 4 w= 9 
 0.17322419 0.48270399 0.03300766 0.31106417
 0.09426987 0.2590441  0.02693425 0.61975178
 0.01214682 0.3306047  0.14734618 0.5099023 
 0.17956166 0.28888302 0.0176921  0.51386322
 0.11064167 0.2017428  0.08397148 0.60364405
 0.10536044 0.30921574 0.52125693 0.06416689
 0.0293108  0.25825191 0.01874835 0.69368894
 0.16107737 0.29205176 0.06839187 0.47847901
 0.08819646 0.35278585 0.06812781 0.49088989

MOTIF human_l3_f_210
letter-probability matrix: alength= 4 w= 9 
 0.07894737 0.22368421 0.40460526 0.29276316
 0.07565789 0.43092105 0.25986842 0.23355263
 0.21710526 0.65131579 0.07894737 0.05263158
 0.02631579 0.96710526 0.00328947 0.00328947
 0.04276316 0.94078947 0.00328947 0.01315789
 0.00328947 0.00328947 0.00328947 0.99013158
 0.625      0.00328947 0.36842105 0.00328947
 0.54605263 0.00328947 0.44736842 0.00328947
 0.32894737 0.125      0.47368421 0.07236842

MOTIF human_l3_f_213
letter-probability matrix: alength= 4 w= 9 
 0.42264434 0.05623594 0.1272182  0.39390152
 0.41214696 0.12221945 0.10122469 0.3644089 
 0.12171957 0.68632842 0.05848538 0.13346663
 0.61609598 0.10522369 0.26268433 0.015996  
 0.12021995 0.18995251 0.19870032 0.49112722
 0.02149463 0.24393902 0.11947013 0.61509623
 0.11347163 0.02099475 0.13271682 0.7328168 
 0.08697826 0.08372907 0.31017246 0.51912022
 0.44263934 0.05748563 0.48537866 0.01449638

MOTIF human_l3_f_218
letter-probability matrix: alength= 4 w= 9 
 0.23286181 0.25190424 0.19749728 0.31773667
 0.21817193 0.02230686 0.44069641 0.31882481
 0.52611534 0.11806311 0.19205658 0.16376496
 0.3835691  0.27203482 0.24156692 0.10282916
 0.04134929 0.11316649 0.35908596 0.48639826
 0.14581066 0.49075082 0.13492927 0.22850925
 0.15070729 0.03808487 0.6289445  0.18226333
 0.12078346 0.11751904 0.02937976 0.73231774
 0.55767138 0.17355822 0.03155604 0.23721436

MOTIF human_l3_f_219
letter-probability matrix: alength= 4 w= 9 
 0.42090175 0.08887151 0.22726088 0.26296586
 0.0398749  0.40317957 0.25175919 0.30518634
 0.36955955 0.01485536 0.05603336 0.55955173
 0.06984623 0.02475893 0.13838937 0.76700547
 0.08913213 0.02606203 0.00469116 0.88011467
 0.12379463 0.10607245 0.06228825 0.70784467
 0.18582226 0.0372687  0.10346625 0.67344279
 0.59056555 0.01381287 0.07818608 0.3174355 
 0.09799322 0.06567631 0.05994266 0.7763878 

MOTIF human_l3_f_220
letter-probability matrix: alength= 4 w= 9 
 0.44763514 0.11599099 0.03969595 0.39667793
 0.29926802 0.06447072 0.24577703 0.39048423
 0.1981982  0.00816441 0.23254505 0.56109234
 0.06334459 0.06221847 0.14836712 0.72606982
 0.05940315 0.31052928 0.14161036 0.48845721
 0.19031532 0.1875     0.25563063 0.36655405
 0.44087838 0.01576577 0.16779279 0.37556306
 0.35332207 0.02477477 0.1463964  0.47550676
 0.0678491  0.07601351 0.31503378 0.5411036 

MOTIF human_l3_f_221
letter-probability matrix: alength= 4 w= 9 
 0.19768665 0.47423764 0.17560463 0.15247108
 0.61409043 0.04206099 0.33543638 0.0084122 
 0.0084122  0.41955836 0.27024185 0.30178759
 0.04626709 0.35856993 0.52891693 0.06624606
 0.00105152 0.00105152 0.00105152 0.99684543
 0.553102   0.00105152 0.44479495 0.00105152
 0.81598318 0.00105152 0.18191377 0.00105152
 0.33543638 0.25762355 0.33333333 0.07360673
 0.20504732 0.18822292 0.30914826 0.29758149

MOTIF human_l3_f_229
letter-probability matrix: alength= 4 w= 9 
 0.07577671 0.08815357 0.26067189 0.57539783
 0.26875474 0.28744632 0.24475878 0.19904016
 0.45440768 0.09421571 0.00378884 0.44758777
 2.27582723e-01 2.52589038e-04 5.84491033e-01 1.87673655e-01
 0.04950745 0.10684516 0.19979793 0.64384946
 0.12099015 0.22884567 0.09017429 0.5599899 
 0.26648143 0.05380147 0.06339985 0.61631725
 0.48471836 0.04723415 0.26698661 0.20106087
 0.10659257 0.24475878 0.24677949 0.40186916

MOTIF human_l3_f_233
letter-probability matrix: alength= 4 w= 9 
 0.21440173 0.13183541 0.16404981 0.48971305
 0.34298863 0.11667569 0.34271792 0.19761776
 0.45073091 0.1548457  0.25067677 0.14374662
 0.23253925 0.09149973 0.15078506 0.52517596
 0.35760693 0.10368165 0.25527883 0.28343259
 0.32485111 0.12804548 0.3743909  0.17271251
 0.0146183  0.00216567 0.00406064 0.97915539
 0.69328641 0.00541419 0.29047103 0.01082837
 0.71142393 0.0029778  0.28153763 0.00406064

MOTIF human_l3_f_234
letter-probability matrix: alength= 4 w= 9 
 0.17731309 0.10627327 0.23403036 0.48238327
 0.00286451 0.16700086 0.15783443 0.6723002 
 5.72901747e-04 7.44772272e-03 8.53623604e-02 9.06617015e-01
 0.15468347 0.02033801 0.69750788 0.12747064
 0.08908622 0.04525924 0.07390433 0.79175021
 0.27527929 0.28329991 0.04468634 0.39673446
 0.05585792 0.08135205 0.19163563 0.6711544 
 0.12689774 0.17588084 0.20108851 0.49613291
 0.13090805 0.22199943 0.17215698 0.47493555

MOTIF human_l3_f_243
letter-probability matrix: alength= 4 w= 9 
 0.15684238 0.13554921 0.15268761 0.5549208 
 0.31056868 0.10516749 0.28304337 0.30122046
 0.3438068  0.0085692  0.11815113 0.52947286
 0.1041288  0.24980525 0.19813036 0.4479356 
 0.07945988 0.01713841 0.01739808 0.88600364
 0.41210075 0.08205661 0.42534407 0.08049857
 7.42404570e-01 2.59672812e-04 3.45364840e-02 2.22799273e-01
 0.35003895 0.04388471 0.27759024 0.32848611
 0.46221761 0.07374708 0.12204622 0.34198909

MOTIF human_l3_f_246
letter-probability matrix: alength= 4 w= 9 
 0.11488439 0.06719653 0.17485549 0.64306358
 0.13150289 0.11921965 0.05491329 0.69436416
 0.08742775 0.11343931 0.44653179 0.35260116
 0.01806358 0.67630058 0.29552023 0.01011561
 0.30346821 0.07875723 0.01156069 0.60621387
 7.22543353e-04 1.95086705e-02 1.27167630e-01 8.52601156e-01
 0.09754335 0.00867052 0.00216763 0.8916185 
 0.06791908 0.02456647 0.22904624 0.67846821
 7.22543353e-04 1.03323699e-01 1.51734104e-02 8.80780347e-01

MOTIF human_l3_f_248
letter-probability matrix: alength= 4 w= 9 
 0.22516046 0.09062901 0.05186136 0.63234917
 0.05802311 0.2860077  0.05519897 0.60077022
 0.04338896 0.20231065 0.05905006 0.69525032
 0.01052632 0.00308087 0.94326059 0.04313222
 3.54300385e-02 2.56739409e-04 4.00513479e-02 9.24261874e-01
 0.00102696 0.08215661 0.50783055 0.40898588
 0.1804878  0.12734275 0.00231065 0.68985879
 0.11373556 0.25442875 0.40667522 0.22516046
 0.17432606 0.18767651 0.22747112 0.41052632

MOTIF human_l3_f_250
letter-probability matrix: alength= 4 w= 9 
 0.27082796 0.19293268 0.38405984 0.15217952
 0.09930359 0.29791076 0.0838277  0.51895796
 0.04204282 0.05364973 0.29791076 0.6063967 
 0.13102915 0.03275729 0.12638638 0.70982719
 0.0394635  0.03559453 0.25612587 0.66881609
 1.93448543e-02 2.57931390e-04 1.74877483e-01 8.05519732e-01
 0.50735104 0.22156306 0.1281919  0.14289399
 0.06860975 0.0887284  0.04281661 0.79984524
 0.18493681 0.0657725  0.05777663 0.69151406
