MEME version 5.4.1

ALPHABET= ACGT

strands: + -

Background letter frequencies
A 0.25 C 0.25 G 0.25 T 0.25

MOTIF human_l3_f_2
letter-probability matrix: alength= 4 w= 9 
 0.2777634  0.08749676 0.15169557 0.48304427
 0.60937096 0.02278022 0.16593321 0.20191561
 0.5500906  0.09992234 0.0711882  0.27879886
 0.68366554 0.13279834 0.03054621 0.1529899 
 0.16826301 0.50453016 0.05720942 0.26999741
 0.0015532  0.37380274 0.35671758 0.26792648
 0.03028734 0.18871344 0.21356459 0.56743464
 0.06834067 0.29588403 0.55630339 0.07947191
 0.35024592 0.16386228 0.30054362 0.18534817

MOTIF human_l3_f_5
letter-probability matrix: alength= 4 w= 9 
 0.59097222 0.21666667 0.17361111 0.01875   
 0.73680556 0.07916667 0.04444444 0.13958333
 0.50347222 0.07013889 0.27708333 0.14930556
 0.16041667 0.26666667 0.02986111 0.54305556
 0.0625     0.03819444 0.05763889 0.84166667
 0.62152778 0.08819444 0.21458333 0.07569444
 0.47847222 0.02986111 0.48611111 0.00555556
 0.09375    0.13333333 0.21111111 0.56180556
 0.32430556 0.13958333 0.21458333 0.32152778

MOTIF human_l3_f_8
letter-probability matrix: alength= 4 w= 9 
 0.09131849 0.14335752 0.08406305 0.68126095
 0.11833875 0.20340255 0.00175131 0.67650738
 0.11183388 0.008006   0.13985489 0.74030523
 0.08531399 0.01501126 0.15411559 0.74555917
 0.00700525 0.20465349 0.01075807 0.77758319
 0.15886915 0.03302477 0.05153865 0.75656743
 2.40180135e-02 2.50187641e-04 2.07905929e-01 7.67825869e-01
 0.04303227 0.02852139 0.35401551 0.57443082
 0.04903678 0.04403302 0.17588191 0.73104829

MOTIF human_l3_f_10
letter-probability matrix: alength= 4 w= 9 
 0.0889538  0.20419543 0.08470526 0.62214551
 0.00345194 0.11763144 0.20924057 0.66967605
 0.32474774 0.09798194 0.07806691 0.4992034 
 0.07806691 0.46468401 0.07249071 0.38475836
 0.07249071 0.06956984 0.15480616 0.7031333 
 0.34705258 0.0212427  0.228359   0.40334572
 0.56133829 0.01274562 0.26872013 0.15719596
 0.32262347 0.08709506 0.26978226 0.3204992 
 0.35767392 0.22304833 0.08762613 0.33165162

MOTIF human_l3_f_14
letter-probability matrix: alength= 4 w= 9 
 0.20980616 0.36145952 0.21892816 0.20980616
 0.0336374  0.43842645 0.39566705 0.1322691 
 0.41676169 0.45553022 0.07126568 0.05644242
 0.03876853 0.47377423 0.25655644 0.2309008 
 0.52337514 0.4013683  0.00057013 0.07468643
 3.42075257e-03 5.70125428e-04 8.05587229e-01 1.90421893e-01
 0.35290764 0.19840365 0.00741163 0.44127708
 0.32896237 0.05530217 0.35176739 0.26396807
 0.31014823 0.13625998 0.0336374  0.51995439

MOTIF human_l3_f_15
letter-probability matrix: alength= 4 w= 9 
 0.22903034 0.07822725 0.08506841 0.607674  
 0.52290303 0.01249256 0.14901844 0.31558596
 0.35663296 0.09339679 0.23259964 0.31737061
 0.04729328 0.02022606 0.02141582 0.91106484
 0.48245092 0.05413444 0.41820345 0.04521118
 0.77900059 0.01665675 0.18798334 0.01635931
 0.38072576 0.13206425 0.19185009 0.2953599 
 0.25907198 0.16954194 0.13146936 0.43991672
 0.18233195 0.11362284 0.1543724  0.54967281

MOTIF human_l3_f_16
letter-probability matrix: alength= 4 w= 9 
 0.05368732 0.16755162 0.23126844 0.54749263
 0.01356932 0.16932153 0.02831858 0.78879056
 0.05162242 0.07581121 0.51887906 0.35368732
 0.05988201 0.20471976 0.39970501 0.33569322
 0.14306785 0.28879056 0.00117994 0.56696165
 0.3259587  0.15427729 0.31415929 0.20560472
 0.05103245 0.35958702 0.40530973 0.1840708 
 0.0920354  0.40353982 0.21769912 0.28672566
 0.26755162 0.15162242 0.22359882 0.35722714

MOTIF human_l3_f_18
letter-probability matrix: alength= 4 w= 9 
 0.02439024 0.05182927 0.46341463 0.46036585
 0.05106707 0.00685976 0.26753049 0.67454268
 2.54065041e-04 2.54065041e-04 2.23577236e-02 9.77134146e-01
 2.54065041e-04 2.54065041e-04 3.92530488e-01 6.06961382e-01
 0.04192073 0.00533537 0.01498984 0.93775407
 0.02591463 0.03887195 0.17301829 0.76219512
 0.06402439 0.12779472 0.0995935  0.7085874 
 0.16260163 0.02083333 0.05106707 0.76549797
 0.02743902 0.01905488 0.05259146 0.90091463

MOTIF human_l3_f_19
letter-probability matrix: alength= 4 w= 9 
 0.1902105  0.07938118 0.11311184 0.61729647
 0.46487446 0.06543241 0.31016992 0.15952321
 0.52244484 0.0725336  0.24575197 0.15926959
 0.17474005 0.06365711 0.10930763 0.65229521
 0.44357089 0.06213543 0.27162059 0.22267309
 0.43773776 0.08115648 0.32234339 0.15876236
 0.07177276 0.03271621 0.03094091 0.86457012
 0.66167892 0.0362668  0.22318032 0.07887395
 0.65280243 0.03195536 0.23687548 0.07836673

MOTIF human_l3_f_21
letter-probability matrix: alength= 4 w= 9 
 0.16696225 0.103623   0.04028376 0.68913099
 0.22523436 0.12034457 0.39092982 0.26349126
 0.44261464 0.25006334 0.09982265 0.20749937
 0.16974918 0.18444388 0.38839625 0.25741069
 0.05725868 0.16417532 0.19533823 0.58322777
 0.13883963 0.11527743 0.28021282 0.46567013
 0.15201419 0.17152268 0.29642767 0.38003547
 0.0960223  0.26019762 0.50848746 0.13529263
 0.07955409 0.67190271 0.12237142 0.12617178

MOTIF human_l3_f_24
letter-probability matrix: alength= 4 w= 9 
 0.21927409 0.24906133 0.25907384 0.27259074
 0.14443054 0.21952441 0.25607009 0.37997497
 0.06908636 0.1922403  0.39699625 0.3416771 
 0.04630788 0.08911139 0.38923655 0.47534418
 0.16520651 0.36795995 0.08485607 0.38197747
 0.16445557 0.33091364 0.01051314 0.49411765
 0.33892365 0.21702128 0.27784731 0.16620776
 0.32515645 0.26508135 0.27158949 0.13817272
 0.23979975 0.11539424 0.1864831  0.4583229 

MOTIF human_l3_f_25
letter-probability matrix: alength= 4 w= 9 
 0.0861226  0.16209101 0.18653629 0.56525009
 0.03535164 0.23542685 0.12109816 0.60812335
 0.25009402 0.17939075 0.10943964 0.46107559
 0.52275291 0.11508086 0.10605491 0.25611132
 0.58029334 0.00150432 0.01241068 0.40579165
 3.12147424e-02 3.76081234e-04 3.93757052e-01 5.74652125e-01
 0.13952614 0.15306506 0.59157578 0.11583302
 0.30537796 0.15043249 0.14930425 0.3948853 
 0.19142535 0.17939075 0.26814592 0.36103798

MOTIF human_l3_f_28
letter-probability matrix: alength= 4 w= 9 
 0.15607401 0.08205953 0.23169751 0.53016895
 0.17538214 0.09814964 0.538214   0.18825422
 0.4465004  0.11182623 0.38294449 0.05872888
 0.07964602 0.08769107 0.3226066  0.51005632
 0.37650845 0.09090909 0.26307321 0.26950925
 0.00402253 0.10056315 0.04344328 0.85197104
 0.11343524 0.10860821 0.49074819 0.28720837
 0.39179405 0.13193886 0.07964602 0.39662108
 0.13435237 0.03620274 0.30008045 0.52936444

MOTIF human_l3_f_29
letter-probability matrix: alength= 4 w= 9 
 0.15662955 0.10703441 0.05566802 0.68066802
 0.01847166 0.18572874 0.14144737 0.65435223
 0.12297571 0.14245951 0.10652834 0.62803644
 0.0382085  0.00581984 0.67130567 0.28466599
 0.02327935 0.05035425 0.26265182 0.66371457
 0.02074899 0.14043522 0.03846154 0.80035425
 0.0159413  0.10146761 0.46811741 0.41447368
 0.06578947 0.0055668  0.24544534 0.68319838
 0.10273279 0.08780364 0.15258097 0.65688259

MOTIF human_l3_f_31
letter-probability matrix: alength= 4 w= 9 
 0.20640366 0.51114923 0.05660377 0.22584334
 0.38822184 0.46883934 0.04574042 0.0971984 
 0.14636935 0.53916524 0.15208691 0.1623785 
 0.12578616 0.38993711 0.15951973 0.324757  
 0.10806175 0.49456832 0.17895941 0.21841052
 0.11092053 0.34248142 0.1292167  0.41738136
 0.30646083 0.50428816 0.10520297 0.08404803
 0.03887936 0.53173242 0.15437393 0.27501429
 0.17724414 0.57404231 0.07489994 0.17381361

MOTIF human_l3_f_32
letter-probability matrix: alength= 4 w= 9 
 0.41861075 0.05897772 0.07208388 0.45032765
 0.27732634 0.12346003 0.03145478 0.56775885
 1.82175623e-01 2.11271298e-01 2.62123198e-04 6.06290957e-01
 0.42909567 0.05845347 0.20419397 0.30825688
 0.35884666 0.30406291 0.11087811 0.22621232
 0.23486239 0.05294889 0.26841415 0.44377457
 0.48859764 0.00314548 0.29305374 0.21520315
 0.57614679 0.06815203 0.15963303 0.19606815
 0.12529489 0.1095675  0.1706422  0.59449541

MOTIF human_l3_f_33
letter-probability matrix: alength= 4 w= 9 
 0.57522418 0.06144138 0.06675523 0.29657921
 0.35337097 0.04151445 0.41381601 0.19129857
 0.03155098 0.06542677 0.05712388 0.84589837
 0.01760213 0.05812023 0.21022916 0.71404849
 0.15111259 0.15244105 0.1152441  0.58120226
 0.48455663 0.15177682 0.14447028 0.21919628
 0.68382597 0.03553637 0.12553969 0.15509797
 0.3540352  0.04749253 0.23181667 0.3666556 
 0.12952507 0.16871471 0.28628363 0.41547659

MOTIF human_l3_f_35
letter-probability matrix: alength= 4 w= 9 
 0.21108047 0.35347205 0.19252946 0.24291802
 0.40862372 0.25896215 0.09751817 0.23489596
 0.10654299 0.40060165 0.14539985 0.3474555 
 0.11205816 0.06944096 0.02180998 0.7966909 
 0.14941088 0.08548508 0.50789672 0.25720732
 0.13186262 0.05941339 0.44798195 0.36074204
 0.27049386 0.17798947 0.53873151 0.01278516
 0.06969165 0.52920531 0.18149912 0.21960391
 0.06919027 0.34820757 0.23564803 0.34695412

MOTIF human_l3_f_39
letter-probability matrix: alength= 4 w= 9 
 0.39353435 0.14858564 0.03357165 0.42430836
 0.34286602 0.12123096 0.11718993 0.41871309
 4.16537146e-02 5.90612372e-03 3.10848617e-04 9.52129313e-01
 5.94653404e-01 3.10848617e-04 2.48678893e-03 4.02548959e-01
 1.12216351e-01 3.10848617e-04 4.44824371e-01 4.42648430e-01
 0.13957103 0.02486789 0.22412185 0.61143923
 0.13770594 0.1687908  0.03916693 0.65433634
 0.13646254 0.09791731 0.05906124 0.70655891
 0.28473733 0.13615169 0.1342866  0.44482437

MOTIF human_l3_f_40
letter-probability matrix: alength= 4 w= 9 
 0.0219471  0.14687676 0.02504221 0.80613393
 0.00703433 0.092009   0.70343275 0.19752392
 0.05092853 0.0115363  0.48705684 0.45047833
 0.12099043 0.20680923 0.27293191 0.39926843
 0.2844682  0.15053461 0.03404615 0.53095104
 0.33849184 0.06865504 0.15869443 0.43415869
 0.05346089 0.47777153 0.04530107 0.42346652
 0.13843557 0.20315138 0.07456387 0.58384918
 0.21581317 0.28052898 0.05908835 0.4445695 

MOTIF human_l3_f_41
letter-probability matrix: alength= 4 w= 9 
 0.17925311 0.17648686 0.15159059 0.49266943
 0.29045643 0.26915629 0.07496542 0.36542185
 0.12863071 0.08215768 0.15076072 0.6384509 
 0.08990318 0.09598893 0.08990318 0.7242047 
 0.24923928 0.05034578 0.28215768 0.41825726
 0.51175657 0.18644537 0.18146611 0.12033195
 0.0077455  0.02102351 0.00940526 0.96182573
 0.66887967 0.0384509  0.1208852  0.17178423
 0.43098202 0.02102351 0.39474412 0.15325035

MOTIF human_l3_f_44
letter-probability matrix: alength= 4 w= 9 
 0.40824666 0.1333581  0.2615156  0.19687964
 0.16047548 0.20282318 0.45245171 0.18424963
 0.56315007 0.07652303 0.3436107  0.0167162 
 0.15453195 0.05460624 0.20430906 0.58655275
 0.5308321  0.01485884 0.12630015 0.32800892
 0.63261516 0.06983655 0.0768945  0.22065379
 0.0768945  0.00557207 0.03677563 0.8807578 
 0.84843982 0.01485884 0.08952452 0.04717682
 0.58135215 0.04643388 0.32132244 0.05089153

MOTIF human_l3_f_45
letter-probability matrix: alength= 4 w= 9 
 0.12740741 0.18320988 0.20296296 0.48641975
 0.31802469 0.06024691 0.2054321  0.4162963 
 0.2162963  0.10567901 0.13432099 0.5437037 
 0.04938272 0.08       0.19160494 0.67901235
 0.13234568 0.16296296 0.31753086 0.38716049
 0.00197531 0.24493827 0.42024691 0.33283951
 0.03654321 0.55851852 0.00493827 0.4       
 0.33481481 0.07160494 0.05135802 0.54222222
 0.01777778 0.23604938 0.4108642  0.33530864

MOTIF human_l3_f_52
letter-probability matrix: alength= 4 w= 9 
 0.21100671 0.15275168 0.45342282 0.18281879
 0.0042953  0.62738255 0.00161074 0.36671141
 0.03275168 0.26255034 0.61503356 0.08966443
 0.11785235 0.44912752 0.12724832 0.30577181
 0.10899329 0.03328859 0.60912752 0.2485906 
 0.11731544 0.6061745  0.00375839 0.27275168
 0.18845638 0.04       0.09557047 0.67597315
 0.16536913 0.12832215 0.09986577 0.60644295
 0.15946309 0.24993289 0.1661745  0.42442953

MOTIF human_l3_f_54
letter-probability matrix: alength= 4 w= 9 
 0.00387898 0.02715283 0.00905094 0.95991725
 0.01939488 0.00801655 0.21075769 0.76183088
 0.00620636 0.00284458 0.27980347 0.71114559
 0.43444531 0.01370572 0.02560124 0.52624774
 0.10292216 0.05249547 0.13369537 0.71088699
 0.20041376 0.08404448 0.1618826  0.55365917
 0.19705198 0.0651668  0.15567623 0.58210499
 0.27592449 0.09154383 0.40574088 0.22679079
 0.24928885 0.08275149 0.17481252 0.49314714

MOTIF human_l3_f_58
letter-probability matrix: alength= 4 w= 9 
 0.35314685 0.13161838 0.13961039 0.37562438
 0.47602398 0.2002997  0.07967033 0.24400599
 0.17332667 0.34615385 0.01148851 0.46903097
 0.7957043  0.07417582 0.01698302 0.11313686
 0.75       0.01223776 0.11313686 0.12462537
 8.34165834e-02 6.39360639e-02 7.49250749e-04 8.51898102e-01
 0.34140859 0.32942058 0.02547453 0.3036963 
 0.30769231 0.21653347 0.25324675 0.22252747
 0.09490509 0.29070929 0.10364635 0.51073926

MOTIF human_l3_f_59
letter-probability matrix: alength= 4 w= 9 
 0.53534778 0.2118016  0.15079818 0.10205245
 0.37058153 0.327252   0.03648803 0.26567845
 0.65279361 0.13768529 0.06470924 0.14481186
 0.54561003 0.03876853 0.0627138  0.35290764
 0.38312429 0.02280502 0.06185861 0.53221209
 0.56584949 0.20952109 0.1513683  0.07326112
 0.2958951  0.10575827 0.55387685 0.04446978
 0.16448119 0.07611174 0.45752566 0.30188141
 0.70553022 0.05672748 0.12713797 0.11060433

MOTIF human_l3_f_60
letter-probability matrix: alength= 4 w= 9 
 0.03539356 0.08874802 0.01426307 0.86159535
 0.02033809 0.23877443 0.00977285 0.73111463
 0.13549921 0.00475436 0.36634971 0.49339672
 0.12229266 0.30929741 0.00105652 0.56735341
 0.43053354 0.20417327 0.19255151 0.17274168
 0.00950872 0.16138405 0.14131009 0.68779715
 0.08425779 0.04648706 0.26254622 0.60670893
 0.15636556 0.09297412 0.47622821 0.27443212
 0.13021659 0.19809826 0.24643423 0.42525092

MOTIF human_l3_f_62
letter-probability matrix: alength= 4 w= 9 
 0.16070069 0.26732673 0.22010663 0.35186596
 0.17022087 0.37928408 0.20601676 0.24447829
 3.80807312e-04 3.80807312e-04 3.80807312e-04 9.98857578e-01
 5.00761615e-01 3.80807312e-04 4.98476771e-01 3.80807312e-04
 5.77303884e-01 3.80807312e-04 4.21934501e-01 3.80807312e-04
 0.14775324 0.55864433 0.05102818 0.24257426
 0.19649657 0.31683168 0.19421173 0.29246002
 0.23381569 0.37166794 0.19040366 0.20411272
 0.29550647 0.32406702 0.18202589 0.19840061

MOTIF human_l3_f_63
letter-probability matrix: alength= 4 w= 9 
 0.50695825 0.05964215 0.38114172 0.05225788
 0.30076683 0.17069014 0.33484805 0.19369497
 0.28230616 0.39931838 0.2695257  0.04884976
 0.67196819 0.23856859 0.03010508 0.05935814
 0.44333996 0.02130077 0.33371201 0.20164726
 0.49673388 0.15308151 0.05481397 0.29537063
 0.69781312 0.01420051 0.11559216 0.17239421
 0.33541607 0.0249929  0.47003692 0.1695541 
 0.0582221  0.13092871 0.24055666 0.57029253

MOTIF human_l3_f_64
letter-probability matrix: alength= 4 w= 9 
 0.37211938 0.12126936 0.10578013 0.40083113
 0.03362297 0.12769173 0.26105025 0.57763506
 0.04193427 0.03891198 0.08726861 0.83188515
 0.00377786 0.03740083 0.62825841 0.3305629 
 0.11409142 0.32905176 0.469966   0.08689082
 6.24102758e-01 3.62674726e-02 3.39251983e-01 3.77786173e-04
 0.80921798 0.04722327 0.04533434 0.0982244 
 0.5137892  0.12731394 0.06951266 0.28938421
 0.54438988 0.1310918  0.00755572 0.3169626 

MOTIF human_l3_f_71
letter-probability matrix: alength= 4 w= 9 
 0.26487036 0.30554143 0.12430097 0.30528724
 0.14590747 0.04219624 0.53558719 0.2763091 
 0.11057448 0.13802745 0.16827656 0.5831215 
 0.30986274 0.09684799 0.41713269 0.17615658
 3.96034570e-01 2.54194204e-04 2.19369598e-01 3.84341637e-01
 0.05312659 0.67132689 0.08261312 0.1929334 
 0.28012201 0.36756482 0.0088968  0.34341637
 0.35790544 0.33960346 0.14717844 0.15531266
 0.15937977 0.33985765 0.07142857 0.42933401

MOTIF human_l3_f_72
letter-probability matrix: alength= 4 w= 9 
 0.084735   0.23897175 0.30593462 0.37035862
 0.02951444 0.5556966  0.04347826 0.3713107 
 0.60139638 0.03744843 0.17105681 0.19009838
 0.01364646 0.01428118 0.64138369 0.33068867
 0.01586798 0.2818153  0.11266265 0.58965408
 0.1891463  0.21072675 0.24214535 0.35798159
 0.06283719 0.01618534 0.26150428 0.65947318
 0.60012694 0.21009203 0.00952079 0.18026023
 0.1310695  0.28340209 0.15741035 0.42811806

MOTIF human_l3_f_80
letter-probability matrix: alength= 4 w= 9 
 0.31676647 0.22275449 0.24700599 0.21347305
 0.37155689 0.29610778 0.18982036 0.14251497
 0.22095808 0.02814371 0.31077844 0.44011976
 0.15       0.18023952 0.46976048 0.2       
 0.18982036 0.24311377 0.34640719 0.22065868
 0.2491018  0.06976048 0.3002994  0.38083832
 2.15868263e-01 2.99401198e-04 2.93113772e-01 4.90718563e-01
 0.45838323 0.03592814 0.37664671 0.12904192
 0.11556886 0.01706587 0.83413174 0.03323353

MOTIF human_l3_f_81
letter-probability matrix: alength= 4 w= 9 
 0.34883117 0.22961039 0.29038961 0.13116883
 0.04337662 0.23272727 0.43454545 0.28935065
 0.12103896 0.02363636 0.40779221 0.44753247
 0.00155844 0.31012987 0.29324675 0.39506494
 0.28363636 0.25584416 0.25064935 0.20987013
 0.08155844 0.20311688 0.2225974  0.49272727
 0.28285714 0.01844156 0.14857143 0.55012987
 0.04883117 0.03766234 0.51454545 0.39896104
 0.03896104 0.22623377 0.29792208 0.43688312

MOTIF human_l3_f_82
letter-probability matrix: alength= 4 w= 9 
 0.13771997 0.12509564 0.15455241 0.58263198
 0.26511094 0.13198164 0.21231829 0.39058914
 0.10443764 0.44185157 0.07957154 0.37413925
 3.82555471e-04 7.70466718e-01 5.62356542e-02 1.72915073e-01
 0.22838562 0.10979342 0.27429227 0.38752869
 0.00726855 0.10711553 0.15340474 0.73221117
 0.02333588 0.00114767 0.00306044 0.97245601
 0.05623565 0.03634277 0.53672533 0.37069625
 0.10941086 0.07995409 0.26358072 0.54705432

MOTIF human_l3_f_83
letter-probability matrix: alength= 4 w= 9 
 0.1894061  0.03344034 0.01685393 0.76029963
 0.25708935 0.10139112 0.00615302 0.63536651
 0.0882825  0.0034778  0.03183521 0.87640449
 0.22124131 0.011771   0.00561798 0.76136972
 0.23756019 0.13028357 0.00214018 0.63001605
 0.35018727 0.21401819 0.00160514 0.43418941
 0.22632424 0.06768325 0.00267523 0.70331728
 6.15302301e-03 4.01284109e-02 2.67522739e-04 9.53451043e-01
 0.1800428  0.20224719 0.11235955 0.50535045

MOTIF human_l3_f_85
letter-probability matrix: alength= 4 w= 9 
 0.13573265 0.00488432 0.00102828 0.85835476
 0.04858612 0.28226221 0.01748072 0.65167095
 0.02082262 0.00719794 0.01902314 0.9529563 
 3.08483290e-03 7.71208226e-04 9.04884319e-01 9.12596401e-02
 0.06915167 0.01542416 0.18123393 0.73419023
 2.31362468e-01 4.24164524e-02 2.57069409e-04 7.25964010e-01
 0.02570694 0.02622108 0.2933162  0.65475578
 0.18843188 0.05989717 0.20282776 0.54884319
 0.08123393 0.11619537 0.1781491  0.62442159

MOTIF human_l3_f_91
letter-probability matrix: alength= 4 w= 9 
 0.08154506 0.53345115 0.13708659 0.24791719
 0.28376673 0.34460995 0.10527645 0.26634688
 0.24211058 0.06942691 0.16687705 0.52158546
 0.485231   0.20070689 0.1075486  0.20651351
 0.19818228 0.013128   0.08987629 0.69881343
 0.26912396 0.11512244 0.15728351 0.45847008
 0.64377682 0.11789952 0.06437768 0.17394597
 0.23529412 0.24640242 0.07245645 0.44584701
 0.61802575 0.15450644 0.1317849  0.09568291

MOTIF human_l3_f_93
letter-probability matrix: alength= 4 w= 9 
 0.22691579 0.18954779 0.25534796 0.32818846
 0.63688058 0.12103981 0.14189006 0.10018955
 0.49092878 0.31952342 0.05767669 0.13187111
 7.66043867e-01 7.28405091e-02 1.60844842e-01 2.70782562e-04
 0.13891145 0.24668291 0.47657731 0.13782832
 0.00324939 0.24966152 0.59490929 0.1521798 
 0.76198213 0.13836989 0.04603304 0.05361495
 0.18331979 0.06959112 0.14459789 0.6024912 
 0.25724343 0.08989981 0.02897373 0.62388302

MOTIF human_l3_f_95
letter-probability matrix: alength= 4 w= 9 
 0.17936428 0.13345106 0.46871847 0.2184662 
 0.19399596 0.41851665 0.34006054 0.04742684
 0.08577195 0.45156408 0.06962664 0.39303734
 0.0759334  0.05877901 0.15060545 0.71468214
 0.06735621 0.59106963 0.03859738 0.30297679
 0.03077699 0.080222   0.12638749 0.76261352
 0.27774975 0.25327952 0.31432896 0.15464178
 0.59586276 0.10797175 0.03657921 0.25958628
 0.36654894 0.21871847 0.20913219 0.2056004 

MOTIF human_l3_f_96
letter-probability matrix: alength= 4 w= 9 
 0.20260492 0.33256151 0.20173661 0.26309696
 0.2040521  0.37337192 0.22141823 0.20115774
 0.28914616 0.30882779 0.05672938 0.34529667
 0.16642547 0.17771346 0.49175109 0.16410999
 0.11924747 0.42286541 0.13256151 0.32532562
 0.17308249 0.14587554 0.44254703 0.23849493
 0.39884226 0.18321274 0.12329957 0.29464544
 0.44109986 0.0813314  0.35484805 0.12272069
 0.31027496 0.22489146 0.21244573 0.25238784

MOTIF human_l3_f_97
letter-probability matrix: alength= 4 w= 9 
 0.46744363 0.13731948 0.08158095 0.31365594
 0.09019508 0.19584495 0.4846719  0.22928807
 0.22776793 0.07980745 0.01874842 0.67367621
 0.03242969 0.04940461 0.49835318 0.41981252
 0.36204712 0.12971877 0.25741069 0.25082341
 0.23004814 0.12693185 0.33797821 0.3050418 
 0.37547504 0.08487459 0.23004814 0.30960223
 0.08208766 0.01494806 0.07322017 0.82974411
 0.23739549 0.26095769 0.09830251 0.40334431

MOTIF human_l3_f_99
letter-probability matrix: alength= 4 w= 9 
 0.16206395 0.21729651 0.14825581 0.47238372
 0.33502907 0.02906977 0.30232558 0.33357558
 0.35828488 0.13444767 0.37790698 0.12936047
 0.16787791 0.01235465 0.5        0.31976744
 0.39534884 0.44476744 0.1315407  0.02834302
 7.26744186e-04 7.26744186e-04 6.83139535e-02 9.30232558e-01
 0.97601744 0.00872093 0.00436047 0.01090116
 7.75436047e-01 5.08720930e-03 2.18750000e-01 7.26744186e-04
 0.34302326 0.13590116 0.31177326 0.20930233

MOTIF human_l3_f_100
letter-probability matrix: alength= 4 w= 9 
 0.07075472 0.1509434  0.60849057 0.16981132
 0.12264151 0.3254717  0.26886792 0.28301887
 0.85377358 0.00471698 0.13679245 0.00471698
 0.13679245 0.40566038 0.00471698 0.45283019
 0.00471698 0.70754717 0.13679245 0.1509434 
 0.00471698 0.98584906 0.00471698 0.00471698
 0.87735849 0.00471698 0.00471698 0.11320755
 0.66509434 0.25471698 0.0754717  0.00471698
 0.06132075 0.08018868 0.03773585 0.82075472

MOTIF human_l3_f_101
letter-probability matrix: alength= 4 w= 9 
 0.27210135 0.39272928 0.05728449 0.27788488
 0.18342055 0.40842743 0.23134123 0.1768108 
 0.35114294 0.26218673 0.1104379  0.27623244
 0.26328835 0.1063068  0.36326081 0.26714404
 0.10492977 0.37400165 0.12668686 0.39438171
 0.27623244 0.15422749 0.24180666 0.32773341
 0.12117874 0.11098871 0.69209584 0.07573671
 0.16854861 0.05095015 0.24814101 0.53236023
 0.04902231 0.13109336 0.72294134 0.09694299

MOTIF human_l3_f_103
letter-probability matrix: alength= 4 w= 9 
 0.27392073 0.13784398 0.15349659 0.4347387 
 0.30169149 0.11234537 0.26155011 0.32441303
 0.21332997 0.21661197 0.45544055 0.11461752
 0.65816713 0.08659429 0.22847766 0.02676092
 0.33223933 0.10174198 0.26988134 0.29613734
 0.26205504 0.02575107 0.08684676 0.62534713
 0.27442565 0.00454431 0.13582429 0.58520576
 0.3259278  0.0714466  0.23352689 0.36909871
 0.51325423 0.05301691 0.23807119 0.19565766

MOTIF human_l3_f_104
letter-probability matrix: alength= 4 w= 9 
 0.39792593 0.15792593 0.09007407 0.35407407
 0.17748148 0.12355556 0.40148148 0.29748148
 0.37481481 0.16266667 0.04740741 0.41511111
 0.16711111 0.20711111 0.00148148 0.6242963 
 0.22133333 0.15081481 0.13866667 0.48918519
 3.71555556e-01 5.69481481e-01 2.96296296e-04 5.86666667e-02
 2.96296296e-04 4.47407407e-01 3.27703704e-01 2.24592593e-01
 0.05481481 0.18074074 0.06548148 0.69896296
 0.40681481 0.12444444 0.32266667 0.14607407

MOTIF human_l3_f_105
letter-probability matrix: alength= 4 w= 9 
 0.16509434 0.44508086 0.11421833 0.27560647
 0.24595687 0.10006739 0.375      0.27897574
 0.11893531 0.09838275 0.48214286 0.30053908
 8.08625337e-03 2.46293801e-01 3.36927224e-04 7.45283019e-01
 0.18092992 0.0940027  0.71260108 0.01246631
 0.85411051 0.0333558  0.0148248  0.09770889
 0.50909704 0.25269542 0.13645553 0.10175202
 0.13308625 0.0990566  0.18160377 0.58625337
 0.30559299 0.27122642 0.22136119 0.20181941

MOTIF human_l3_f_108
letter-probability matrix: alength= 4 w= 9 
 0.04445635 0.04151044 0.06186395 0.85216926
 0.34627745 0.04151044 0.2271023  0.3851098 
 0.08596679 0.26191751 0.01847884 0.63363685
 0.30074987 0.3650241  0.24397429 0.09025174
 0.39876808 0.2096947  0.068827   0.32271023
 0.24558115 0.10739154 0.33154794 0.31547938
 0.35565078 0.18987681 0.01071237 0.44376004
 0.505624   0.16256026 0.05436529 0.27745046
 0.30396358 0.0171398  0.13417247 0.54472416

MOTIF human_l3_f_109
letter-probability matrix: alength= 4 w= 9 
 0.18229167 0.37644676 0.31741898 0.12384259
 0.11053241 0.2416088  0.43200231 0.21585648
 0.57002315 0.00231481 0.00752315 0.42013889
 0.01591435 0.80960648 0.06568287 0.1087963 
 0.01678241 0.04832176 0.0853588  0.84953704
 0.18142361 0.61516204 0.19762731 0.00578704
 0.50983796 0.04803241 0.13802083 0.3041088 
 0.32841435 0.31857639 0.08825231 0.26475694
 0.35966435 0.12760417 0.12789352 0.38483796

MOTIF human_l3_f_110
letter-probability matrix: alength= 4 w= 9 
 0.2621098  0.16469322 0.1886437  0.38455328
 0.10037675 0.06216362 0.13912809 0.69833154
 0.38159311 0.03498385 0.21017223 0.37325081
 0.39316469 0.02664155 0.55193757 0.02825619
 0.00242196 0.01345533 0.00995694 0.97416577
 0.65823466 0.00726588 0.30570506 0.0287944 
 0.62755651 0.00511302 0.35925727 0.0080732 
 0.35602799 0.13401507 0.15823466 0.35172228
 0.17411195 0.16765339 0.19913886 0.4590958 

MOTIF human_l3_f_111
letter-probability matrix: alength= 4 w= 9 
 0.06843177 0.33075356 0.16782077 0.43299389
 0.05947047 0.41792261 0.23828921 0.28431772
 0.17841141 0.02851324 0.54297352 0.25010183
 0.01262729 0.54826884 0.14338086 0.29572301
 0.31568228 0.36089613 0.26028513 0.06313646
 0.0688391  0.6203666  0.01466395 0.29613035
 0.00855397 0.19837067 0.34460285 0.44847251
 0.22199593 0.28716904 0.05906314 0.43177189
 0.21466395 0.17393075 0.15071283 0.46069246

MOTIF human_l3_f_112
letter-probability matrix: alength= 4 w= 9 
 0.19160753 0.15149645 0.3881518  0.26874421
 0.52236964 0.1135452  0.24930577 0.11477939
 0.26565875 0.43782783 0.12588707 0.17062635
 0.44183894 0.18204258 0.16661524 0.20950324
 0.45880901 0.38074668 0.06263499 0.09780932
 0.26164764 0.56710892 0.16322123 0.00802222
 0.81332922 0.00833076 0.15828448 0.02005554
 0.67016353 0.17062635 0.10675717 0.05245295
 0.57914224 0.11632212 0.12311015 0.18142549

MOTIF human_l3_f_117
letter-probability matrix: alength= 4 w= 9 
 0.19642388 0.38627399 0.16224034 0.25506179
 0.59453063 0.07152248 0.06047857 0.27346831
 0.44990797 0.01577702 0.03313174 0.50118328
 0.77544044 0.00604786 0.01288456 0.20562714
 0.11175388 0.00894031 0.12384959 0.75545622
 0.38048909 0.31054431 0.132264   0.1767026 
 0.16618459 0.07835919 0.54220352 0.2132527 
 0.18248751 0.36234552 0.12253484 0.33263213
 0.21930055 0.15855903 0.33052853 0.29161189

MOTIF human_l3_f_120
letter-probability matrix: alength= 4 w= 9 
 0.1622807  0.22395833 0.15953947 0.45422149
 6.03070175e-03 2.27247807e-01 2.74122807e-04 7.66447368e-01
 0.57593202 0.12911184 0.16200658 0.13294956
 8.19627193e-02 2.74122807e-04 6.13486842e-01 3.04276316e-01
 0.00411184 0.01699561 0.00548246 0.97341009
 0.07483553 0.28865132 0.07017544 0.56633772
 0.06661184 0.02247807 0.45285088 0.45805921
 0.34073465 0.0529057  0.34320175 0.26315789
 0.42379386 0.12171053 0.1814693  0.27302632

MOTIF human_l3_f_122
letter-probability matrix: alength= 4 w= 9 
 0.45953682 0.23445225 0.04111371 0.26489722
 0.16393443 0.39760604 0.11813687 0.32032266
 0.33593547 0.1360916  0.07910487 0.44886807
 0.34374187 0.50221181 0.00806661 0.1459797 
 0.42518865 0.17642467 0.11007026 0.28831642
 0.29690346 0.05022118 0.39916732 0.25370804
 0.27894874 0.15612802 0.0952381  0.46968514
 0.20556857 0.17382253 0.18527192 0.43533698
 0.27088212 0.16003123 0.11709602 0.45199063

MOTIF human_l3_f_123
letter-probability matrix: alength= 4 w= 9 
 0.25178524 0.1798466  0.07458344 0.49378471
 0.31869876 0.21237768 0.04099445 0.42792912
 0.25628141 0.07431896 0.12509918 0.54430045
 8.69611214e-01 5.28960592e-04 2.64480296e-02 1.03411796e-01
 1.63184343e-01 7.06162391e-02 2.64480296e-04 7.65934938e-01
 8.72784978e-03 1.54456493e-01 2.64480296e-04 8.36551177e-01
 0.61994181 0.05818567 0.0523671  0.26950542
 0.04496165 0.49166887 0.06347527 0.39989421
 0.41285374 0.2187252  0.19174821 0.17667284

MOTIF human_l3_f_127
letter-probability matrix: alength= 4 w= 9 
 0.28374285 0.12891282 0.28306967 0.30427465
 0.04375631 0.50891956 0.06058566 0.38673847
 0.27128913 0.22652306 0.29350387 0.20868394
 0.00168294 0.27566476 0.03433187 0.68832043
 0.29855268 0.19656681 0.36115786 0.14372265
 0.64153484 0.01279031 0.1268933  0.21878156
 0.05116123 0.17031303 0.17031303 0.60821272
 0.64422753 0.23964995 0.00976102 0.10636149
 0.31538203 0.12588354 0.4378997  0.12083474

MOTIF human_l3_f_128
letter-probability matrix: alength= 4 w= 9 
 0.12094699 0.06664951 0.05506948 0.75733402
 0.38419969 0.05404014 0.1891405  0.37261966
 0.26531137 0.17061245 0.24575399 0.31832218
 1.77560473e-02 7.72002059e-04 5.14668039e-04 9.80957283e-01
 0.42305713 0.00437468 0.55970149 0.0128667 
 7.40092640e-01 2.57334020e-04 2.59392692e-01 2.57334020e-04
 0.28795677 0.10293361 0.24395265 0.36515697
 0.3116315  0.13046835 0.16366444 0.39423572
 0.28049408 0.18090582 0.1634071  0.375193  

MOTIF human_l3_f_133
letter-probability matrix: alength= 4 w= 9 
 0.22234043 0.2587766  0.20585106 0.31303191
 0.56728723 0.15505319 0.12553191 0.15212766
 0.31702128 0.11303191 0.3837766  0.18617021
 0.20053191 0.14308511 0.14281915 0.51356383
 0.05398936 0.48989362 0.07154255 0.38457447
 2.65957447e-04 2.65957447e-04 2.65957447e-04 9.99202128e-01
 4.43351064e-01 2.65957447e-04 5.56117021e-01 2.65957447e-04
 7.98404255e-01 2.65957447e-04 2.01063830e-01 2.65957447e-04
 0.26941489 0.10904255 0.26090426 0.3606383 

MOTIF human_l3_f_135
letter-probability matrix: alength= 4 w= 9 
 0.25702393 0.38215401 0.14984391 0.21097815
 0.4971384  0.06243496 0.24115505 0.19927159
 0.14021852 0.26795005 0.49297607 0.09885536
 0.05332986 0.44016649 0.31061394 0.1958897 
 0.02419355 0.15322581 0.4219563  0.40062435
 0.0301769  0.17663892 0.53616025 0.25702393
 0.36030177 0.11576483 0.33090531 0.1930281 
 0.69927159 0.0239334  0.00832466 0.26847034
 0.19510926 0.36888658 0.31009365 0.12591051

MOTIF human_l3_f_138
letter-probability matrix: alength= 4 w= 9 
 0.09583464 0.05418102 0.20607579 0.64390855
 0.01315377 0.1807078  0.01033511 0.79580332
 0.01315377 0.05073598 0.35202004 0.5840902 
 0.36955841 0.24397119 0.03194488 0.35452552
 0.25305355 0.05136236 0.11775759 0.5778265 
 0.60413404 0.03852177 0.01409333 0.34325086
 0.08675227 0.12276856 0.05167554 0.73880363
 0.07673035 0.28531162 0.00689007 0.63106796
 0.29094895 0.54337614 0.06232383 0.10335108

MOTIF human_l3_f_139
letter-probability matrix: alength= 4 w= 9 
 0.36390149 0.07517822 0.27381724 0.28710305
 0.00259235 0.25210629 0.00712897 0.73817239
 0.4287103  0.0985094  0.07096565 0.40181465
 0.67336358 0.08003889 0.08489955 0.16169799
 0.27122489 0.20998056 0.09753727 0.42125729
 0.16137395 0.27932599 0.01328581 0.54601426
 0.08263124 0.12734932 0.78710305 0.0029164 
 0.00421257 0.11017498 0.67984446 0.20576798
 0.38917693 0.26312378 0.23622813 0.11147116

MOTIF human_l3_f_141
letter-probability matrix: alength= 4 w= 9 
 0.24686717 0.13884712 0.38120301 0.23308271
 0.23032581 0.27969925 0.22681704 0.26315789
 0.11453634 0.41629073 0.18295739 0.28621554
 0.25213033 0.11528822 0.17593985 0.4566416 
 0.15288221 0.40601504 0.03157895 0.40952381
 0.79197995 0.02255639 0.00776942 0.17769424
 0.22406015 0.14561404 0.20626566 0.42406015
 0.1914787  0.46441103 0.15914787 0.18496241
 0.46942356 0.09974937 0.40175439 0.02907268

MOTIF human_l3_f_144
letter-probability matrix: alength= 4 w= 9 
 0.41223873 0.29186603 0.13195669 0.16393855
 0.26542433 0.1790481  0.18584739 0.36968018
 0.23747167 0.1369932  0.3160413  0.30949383
 0.17501889 0.15537648 0.46915135 0.20045329
 0.18332914 0.08285067 0.04683959 0.68698061
 0.63434903 0.23344246 0.1095442  0.02266432
 0.07403677 0.10400403 0.64442206 0.17753714
 0.25283304 0.14807353 0.23596072 0.36313271
 0.26290607 0.32787711 0.16947872 0.2397381 

MOTIF human_l3_f_148
letter-probability matrix: alength= 4 w= 9 
 0.38155922 0.16141929 0.2073963  0.24962519
 0.16841579 0.04822589 0.04847576 0.73488256
 0.02673663 0.12693653 0.00624688 0.84007996
 0.01674163 0.43428286 0.13393303 0.41504248
 0.45852074 0.27911044 0.14342829 0.11894053
 0.53248376 0.01999    0.31384308 0.13368316
 0.43403298 0.37006497 0.10444778 0.09145427
 0.27986007 0.18090955 0.15042479 0.3888056 
 0.25162419 0.08595702 0.18865567 0.47376312

MOTIF human_l3_f_149
letter-probability matrix: alength= 4 w= 9 
 0.27556458 0.20756153 0.0641969  0.45267699
 0.17914235 0.3095661  0.11316925 0.3981223 
 0.15123065 0.17888861 0.06191322 0.60796752
 0.5460543  0.05810708 0.00913474 0.38670388
 0.14691703 0.0314641  0.15275311 0.66886577
 0.16950013 0.28190815 0.0469424  0.50164933
 0.17330627 0.05252474 0.46561786 0.30855113
 0.22151738 0.29129663 0.26820604 0.21897995
 0.5044405  0.11722913 0.04288252 0.33544786

MOTIF human_l3_f_152
letter-probability matrix: alength= 4 w= 9 
 0.11788618 0.1897019  0.10569106 0.58672087
 0.00135501 0.68157182 0.00948509 0.30758808
 0.30623306 0.23577236 0.45121951 0.00677507
 0.00542005 0.29268293 0.23577236 0.46612466
 0.61382114 0.00271003 0.07723577 0.30623306
 0.00271003 0.00135501 0.23577236 0.7601626 
 0.00135501 0.08807588 0.02303523 0.88753388
 0.100271   0.06097561 0.01490515 0.82384824
 0.20731707 0.19105691 0.1504065  0.45121951

MOTIF human_l3_f_153
letter-probability matrix: alength= 4 w= 9 
 0.59222307 0.08544385 0.11844461 0.20388846
 0.15502686 0.03453569 0.33947301 0.47096444
 0.02788437 0.0578153  0.0488616  0.86543873
 0.25044768 0.02251215 0.4164748  0.31056536
 0.23893579 0.04809414 0.07853671 0.63443336
 0.2171911  0.04348938 0.00153492 0.7377846 
 0.2056792  0.02967511 0.05551292 0.70913277
 0.01586083 0.23637759 0.07623433 0.67152724
 0.23586595 0.07572269 0.23279611 0.45561525

MOTIF human_l3_f_154
letter-probability matrix: alength= 4 w= 9 
 0.30594185 0.10788032 0.3034134  0.28276443
 0.12178677 0.06363253 0.43067847 0.38390223
 0.72355668 0.0897598  0.10282343 0.08386009
 0.28318584 0.2528445  0.13653603 0.32743363
 0.05857564 0.29414244 0.40286557 0.24441635
 1.90476190e-01 6.35482512e-01 4.21407501e-04 1.73619890e-01
 0.42477876 0.22798146 0.17361989 0.17361989
 0.63674673 0.03539823 0.03961231 0.28824273
 0.61314791 0.03118416 0.24399494 0.11167299

MOTIF human_l3_f_158
letter-probability matrix: alength= 4 w= 9 
 0.06525 0.2305  0.18975 0.5145 
 0.03075 0.08225 0.25525 0.63175
 0.039   0.06525 0.07575 0.82   
 0.007   0.00125 0.1385  0.85325
 0.16875 0.223   0.2845  0.32375
 0.36825 0.16425 0.023   0.4445 
 0.5725 0.1705 0.0595 0.1975
 0.2165  0.16425 0.18475 0.4345 
 0.55275 0.08425 0.0745  0.2885 

MOTIF human_l3_f_160
letter-probability matrix: alength= 4 w= 9 
 0.16758242 0.18881119 0.09190809 0.5516983 
 0.0531968  0.00274725 0.752997   0.19105894
 0.02372627 0.3026973  0.19405594 0.47952048
 0.25899101 0.23976024 0.39935065 0.1018981 
 0.31093906 0.35614386 0.11088911 0.22202797
 0.39035964 0.06643357 0.09465534 0.44855145
 0.18406593 0.02497502 0.2465035  0.54445554
 0.33441558 0.12362637 0.14285714 0.3991009 
 0.12612388 0.06468531 0.11538462 0.69380619

MOTIF human_l3_f_161
letter-probability matrix: alength= 4 w= 9 
 0.29569607 0.10467588 0.22635494 0.37327311
 0.39744952 0.07731137 0.19367694 0.33156217
 0.2457492  0.00823592 0.0348034  0.71121148
 0.06163656 0.11131775 0.46386823 0.36317747
 6.29117960e-01 2.65674814e-04 5.57917109e-03 3.65037194e-01
 0.07013815 0.03294368 0.31907545 0.57784272
 0.424017   0.06668438 0.16578108 0.34351753
 0.35706695 0.09511158 0.30924548 0.23857598
 0.18384697 0.08023379 0.14904357 0.58687566

MOTIF human_l3_f_162
letter-probability matrix: alength= 4 w= 9 
 0.15827711 0.38505449 0.2477945  0.2088739 
 0.50415153 0.20031136 0.14919564 0.14634146
 0.53814219 0.11754022 0.18085106 0.16346653
 7.48313441e-01 5.18941360e-04 1.53087701e-01 9.80799170e-02
 0.01868189 0.04722366 0.06927867 0.86481578
 0.06953814 0.83030618 0.03165542 0.06850026
 0.40347691 0.12714063 0.1875973  0.28178516
 0.25791386 0.36948625 0.09807992 0.27451998
 0.35547483 0.20498184 0.16268812 0.27685522

MOTIF human_l3_f_163
letter-probability matrix: alength= 4 w= 9 
 0.30194805 0.41933067 0.05694306 0.22177822
 0.56893107 0.17507493 0.04170829 0.21428571
 0.08516484 0.51473526 0.05744256 0.34265734
 0.16258741 0.17982018 0.09465534 0.56293706
 0.14885115 0.17032967 0.0994006  0.58141858
 0.21528472 0.30344655 0.20304695 0.27822178
 0.11738262 0.03096903 0.02447552 0.82717283
 0.26548452 0.05919081 0.15609391 0.51923077
 0.13611389 0.13761239 0.07467532 0.6515984 

MOTIF human_l3_f_166
letter-probability matrix: alength= 4 w= 9 
 0.38756692 0.12700773 0.44943486 0.03599048
 0.63563355 0.11362284 0.12314099 0.12760262
 0.74866151 0.03926234 0.14544914 0.06662701
 0.2676978  0.25877454 0.32034503 0.15318263
 0.01933373 0.16835217 0.41820345 0.39411065
 0.01160024 0.12433076 0.18262939 0.68143962
 0.12016657 0.31052945 0.15764426 0.41165973
 0.13771565 0.11986913 0.35544319 0.38697204
 0.33045806 0.23378941 0.25966686 0.17608566

MOTIF human_l3_f_168
letter-probability matrix: alength= 4 w= 9 
 0.20708237 0.12907365 0.59455992 0.06928406
 0.42519887 0.19938414 0.29150629 0.0839107 
 0.33307673 0.0266872  0.37618681 0.26404927
 0.12394149 0.00102643 0.21067488 0.6643572 
 0.05876315 0.0269438  0.26225302 0.65204003
 0.08622017 0.1241981  0.47857326 0.31100847
 0.33974852 0.05850654 0.30125738 0.30048755
 0.48267898 0.13369258 0.12804722 0.25558122
 0.10495253 0.09776751 0.05337439 0.74390557

MOTIF human_l3_f_170
letter-probability matrix: alength= 4 w= 9 
 0.56794142 0.17683754 0.15622457 0.09899647
 0.05587198 0.05505831 0.54705723 0.34201248
 0.0420396  0.25576349 0.01003526 0.69216165
 0.00135612 0.03064822 0.87903445 0.08896122
 0.29481964 0.14266341 0.05532954 0.50718742
 0.32790887 0.01356116 0.26145918 0.39707079
 0.33496067 0.02549498 0.06482235 0.574722  
 0.18199078 0.11418497 0.17439653 0.52942772
 0.19690806 0.23162463 0.09953892 0.4719284 

MOTIF human_l3_f_171
letter-probability matrix: alength= 4 w= 9 
 0.26523477 0.09115884 0.2042957  0.43931069
 0.23976024 0.01373626 0.46603397 0.28046953
 0.003996   0.1028971  0.17257742 0.72052947
 2.52747253e-01 2.49750250e-04 6.34115884e-01 1.12887113e-01
 0.004995   0.02547453 0.05594406 0.91358641
 0.26023976 0.11488511 0.30444555 0.32042957
 0.38411588 0.17632368 0.07092907 0.36863137
 0.21628372 0.08491508 0.25374625 0.44505495
 0.2504995  0.12887113 0.16008991 0.46053946

MOTIF human_l3_f_174
letter-probability matrix: alength= 4 w= 9 
 0.31268731 0.30794206 0.19005994 0.18931069
 0.50649351 0.27447552 0.03146853 0.18756244
 0.46528472 0.00824176 0.3981019  0.12837163
 0.24775225 0.04745255 0.47777223 0.22702298
 0.16033966 0.16458541 0.12437562 0.5506993 
 0.15134865 0.16283716 0.11563437 0.57017982
 0.5969031 0.1038961 0.0979021 0.2012987
 0.1998002  0.07192807 0.16233766 0.56593407
 0.05969031 0.01748252 0.09115884 0.83166833

MOTIF human_l3_f_175
letter-probability matrix: alength= 4 w= 9 
 0.47169811 0.00150943 0.05459119 0.47220126
 0.62566038 0.01685535 0.06666667 0.29081761
 0.23119497 0.0045283  0.03597484 0.72830189
 0.26918239 0.00075472 0.00150943 0.72855346
 2.51572327e-04 1.43396226e-01 8.55345912e-03 8.47798742e-01
 0.01559748 0.03144654 0.01157233 0.94138365
 0.2681761  0.02188679 0.23220126 0.47773585
 0.21383648 0.09786164 0.33584906 0.35245283
 0.24603774 0.11044025 0.18415094 0.45937107

MOTIF human_l3_f_177
letter-probability matrix: alength= 4 w= 9 
 0.55143541 0.08672249 0.18839713 0.17344498
 0.34090909 0.06399522 0.03827751 0.55681818
 0.60526316 0.05143541 0.2757177  0.06758373
 0.87619617 0.02392344 0.01196172 0.08791866
 0.09688995 0.03169856 0.00179426 0.86961722
 0.44856459 0.00059809 0.45095694 0.09988038
 0.80442584 0.00299043 0.14055024 0.05203349
 0.30143541 0.07834928 0.08014354 0.54007177
 0.26196172 0.05921053 0.29007177 0.38875598

MOTIF human_l3_f_178
letter-probability matrix: alength= 4 w= 9 
 0.09856997 0.11721144 0.11618999 0.6680286 
 0.08912155 0.13942799 0.08018386 0.6912666 
 0.0860572  0.07533197 0.06996936 0.76864147
 0.83503575 0.01787538 0.03830439 0.10878447
 0.09652707 0.08426966 0.0081716  0.81103166
 0.04060266 0.11006129 0.43130746 0.4180286 
 0.01174668 0.32941777 0.10469867 0.55413687
 0.06894791 0.09652707 0.35265577 0.48186925
 0.15858018 0.20020429 0.07252298 0.56869254

MOTIF human_l3_f_179
letter-probability matrix: alength= 4 w= 9 
 0.27709924 0.16870229 0.18320611 0.37099237
 0.11424936 0.28854962 0.37964377 0.21755725
 0.56666667 0.2221374  0.10407125 0.10712468
 0.52340967 0.15394402 0.29312977 0.02951654
 0.67633588 0.03994911 0.03867684 0.24503817
 0.26768448 0.27760814 0.27480916 0.17989822
 0.01323155 0.11832061 0.72468193 0.1437659 
 0.16234097 0.03180662 0.4605598  0.34529262
 0.3259542  0.1        0.33333333 0.24071247

MOTIF human_l3_f_180
letter-probability matrix: alength= 4 w= 9 
 0.71557789 0.14371859 0.12713568 0.01356784
 0.63693467 0.11507538 0.08592965 0.1620603 
 0.10603015 0.24723618 0.25753769 0.38919598
 0.32487437 0.16281407 0.03341709 0.47889447
 0.12035176 0.09396985 0.38341709 0.40226131
 0.42085427 0.36683417 0.14623116 0.0660804 
 0.17964824 0.42261307 0.37964824 0.01809045
 0.18668342 0.15979899 0.33090452 0.32261307
 0.01733668 0.43040201 0.40603015 0.14623116

MOTIF human_l3_f_183
letter-probability matrix: alength= 4 w= 9 
 0.11386899 0.2395087  0.19882293 0.44779939
 0.13920164 0.10542477 0.25665302 0.49872057
 0.2116172  0.17732856 0.14048106 0.47057318
 0.06525077 0.55808598 0.20317298 0.17349028
 0.06371546 0.07062436 0.00895599 0.8567042 
 0.5104913  0.02430911 0.43423746 0.03096213
 0.80194473 0.01586489 0.03889458 0.1432958 
 0.27763562 0.20061412 0.32881269 0.19293756
 0.15301945 0.1801433  0.29042989 0.37640737

MOTIF human_l3_f_184
letter-probability matrix: alength= 4 w= 9 
 0.20404595 0.37337662 0.33716284 0.08541459
 0.12562438 0.11363636 0.54845155 0.21228771
 0.18981019 0.11688312 0.23951049 0.4537962 
 0.04470529 0.11413586 0.37187812 0.46928072
 0.17857143 0.19655345 0.11088911 0.51398601
 0.06918082 0.23101898 0.15909091 0.54070929
 0.21403596 0.26623377 0.14535465 0.37437562
 0.31743257 0.32692308 0.11763237 0.23801199
 0.33391608 0.06218781 0.13511489 0.46878122

MOTIF human_l3_f_185
letter-probability matrix: alength= 4 w= 9 
 0.10761015 0.1506008  0.20133511 0.54045394
 0.19519359 0.09559413 0.21842457 0.49078772
 0.34098798 0.23204272 0.08571429 0.34125501
 0.60854473 0.00854473 0.36555407 0.01735648
 0.63097463 0.09853138 0.21441923 0.05607477
 0.51829105 0.09826435 0.1046729  0.2787717 
 0.67476636 0.02429907 0.03204272 0.26889186
 2.37650200e-02 2.67022697e-04 1.07076101e-01 8.68891856e-01
 0.1305741  0.03845127 0.46221629 0.36875834

MOTIF human_l3_f_186
letter-probability matrix: alength= 4 w= 9 
 0.29177861 0.12412681 0.21117679 0.37291779
 0.33422891 0.14185922 0.26249328 0.26141859
 0.03734551 0.08006448 0.00913487 0.87345513
 0.51612037 0.07845244 0.26840408 0.13702311
 0.39763568 0.0631381  0.31622783 0.22299839
 0.09376679 0.01719506 0.03680817 0.85222998
 0.58731865 0.07281032 0.28586781 0.05400322
 0.63164965 0.0424503  0.29124127 0.03465879
 0.39199355 0.19828049 0.17490596 0.23481999

MOTIF human_l3_f_187
letter-probability matrix: alength= 4 w= 9 
 0.02040268 0.28348993 0.04993289 0.6461745 
 0.1685906  0.40832215 0.21825503 0.20483221
 0.1642953  0.05127517 0.10147651 0.68295302
 0.59758389 0.17932886 0.18791946 0.03516779
 0.11946309 0.47704698 0.17261745 0.23087248
 0.34308725 0.01020134 0.02281879 0.62389262
 0.41691275 0.04778523 0.51275168 0.02255034
 0.11812081 0.18657718 0.09261745 0.60268456
 0.38818792 0.17959732 0.13127517 0.3009396 

MOTIF human_l3_f_190
letter-probability matrix: alength= 4 w= 9 
 0.1318822  0.05172855 0.54263764 0.2737516 
 2.56081946e-04 1.35723431e-01 8.47631242e-02 7.79257362e-01
 0.0453265  0.07221511 0.27247119 0.6099872 
 0.20179257 0.10115237 0.2084507  0.48860435
 0.35288092 0.14699104 0.215621   0.28450704
 0.47810499 0.01024328 0.16824584 0.34340589
 0.39871959 0.0084507  0.23841229 0.35441741
 0.23918054 0.10627401 0.3659411  0.28860435
 0.27810499 0.25147247 0.27221511 0.19820743

MOTIF human_l3_f_191
letter-probability matrix: alength= 4 w= 9 
 0.11327618 0.14575214 0.12107041 0.61990127
 0.03143674 0.05767732 0.21745908 0.69342686
 0.00363731 0.04676539 0.04156924 0.90802806
 3.58274877e-01 2.59807742e-04 4.28163159e-01 2.13302156e-01
 0.43673681 0.01818654 0.0504027  0.49467394
 0.24863601 0.57859184 0.0537802  0.11899195
 0.10808002 0.13977657 0.13691868 0.61522473
 0.06573136 0.22109639 0.38035853 0.33281372
 0.1241881  0.31722525 0.19485581 0.36373084

MOTIF human_l3_f_197
letter-probability matrix: alength= 4 w= 9 
 0.10998553 0.15340087 0.0984081  0.6382055 
 0.447178   0.18234443 0.36903039 0.00144718
 0.08393632 0.00144718 0.91316932 0.00144718
 0.19971056 0.03183792 0.13024602 0.6382055 
 0.23589001 0.16353111 0.03039074 0.57018813
 0.47322721 0.01447178 0.06512301 0.447178  
 0.14037627 0.04920405 0.00144718 0.8089725 
 0.10853835 0.09696093 0.02749638 0.76700434
 0.16063676 0.30535456 0.21273517 0.32127352

MOTIF human_l3_f_199
letter-probability matrix: alength= 4 w= 9 
 0.47904957 0.15993868 0.07562596 0.28538579
 0.71742463 0.00281042 0.18446602 0.09529893
 0.50562085 0.04675524 0.0889116  0.35871231
 2.55493102e-04 1.86254471e-01 3.60245273e-02 7.77465508e-01
 0.28921819 0.08840061 0.07920286 0.54317833
 0.351814   0.34491569 0.18395503 0.11931528
 0.30327031 0.00229944 0.09402146 0.60040879
 0.17347982 0.2296883  0.08022483 0.51660705
 0.21997956 0.05237609 0.33597343 0.39167092

MOTIF human_l3_f_201
letter-probability matrix: alength= 4 w= 9 
 0.17245784 0.27950945 0.12059274 0.42743996
 0.48799182 0.07639244 0.17220235 0.26341339
 0.24680634 0.19877363 0.31349004 0.24092999
 2.55493102e-04 1.14971896e-02 3.21921308e-02 9.56055187e-01
 0.66607052 0.00332141 0.2889627  0.04164538
 0.75268268 0.00536536 0.23403168 0.00792029
 0.26545733 0.19391926 0.45452223 0.08610118
 0.26469085 0.14716403 0.30838017 0.27976495
 0.17143587 0.22560041 0.25498212 0.3479816 

MOTIF human_l3_f_202
letter-probability matrix: alength= 4 w= 9 
 0.04535204 0.47982962 0.31596091 0.15885743
 0.08243548 0.13204711 0.38712102 0.39839639
 0.09371085 0.33650714 0.46805312 0.10172889
 2.50563768e-04 8.84490103e-02 8.40641443e-01 7.06589827e-02
 0.0691556  0.03983964 0.22676021 0.66424455
 0.30518667 0.22099724 0.05412177 0.41969431
 0.01779003 0.48509146 0.15108995 0.34602856
 0.01653721 0.36632423 0.07366575 0.54347281
 0.1819093  0.32523177 0.13430218 0.35855675

MOTIF human_l3_f_204
letter-probability matrix: alength= 4 w= 9 
 0.06984925 0.05427136 0.12788945 0.74798995
 0.0718593  0.13994975 0.1379397  0.65025126
 0.38919598 0.06834171 0.18266332 0.35979899
 0.40251256 0.34321608 0.04874372 0.20552764
 0.54346734 0.29396985 0.00376884 0.15879397
 0.40201005 0.23944724 0.02110553 0.33743719
 0.17035176 0.05025126 0.01683417 0.76256281
 0.17738693 0.00728643 0.48919598 0.32613065
 0.16582915 0.0741206  0.37462312 0.38542714

MOTIF human_l3_f_207
letter-probability matrix: alength= 4 w= 9 
 0.09511827 0.10518369 0.27277302 0.52692501
 0.12732763 0.0734776  0.43004529 0.36914947
 0.25440362 0.10266734 0.06039255 0.58253649
 0.34046301 0.05888274 0.05234021 0.54831404
 0.01887267 0.08631102 0.43683946 0.45797685
 0.00226472 0.13940614 0.56265727 0.29567187
 0.4308002  0.22219426 0.08857574 0.25842979
 0.20734776 0.19677906 0.12632109 0.46955209
 0.19753397 0.11524912 0.02415702 0.66305989

MOTIF human_l3_f_208
letter-probability matrix: alength= 4 w= 9 
 0.48455242 0.04462635 0.22260364 0.24821759
 0.06443095 0.01109057 0.08238711 0.84209137
 8.97808292e-03 3.64404542e-02 2.64061262e-04 9.54317402e-01
 0.01927647 0.03908107 0.52917877 0.41246369
 0.29257988 0.31660945 0.10456826 0.28624241
 0.05307631 0.34935305 0.17348825 0.42408239
 0.13678373 0.25587536 0.08053868 0.52680222
 0.10747293 0.08265118 0.68682334 0.12305255
 0.17692105 0.07869026 0.31660945 0.42777924

MOTIF human_l3_f_210
letter-probability matrix: alength= 4 w= 9 
 0.40815775 0.08779038 0.31820637 0.18584549
 0.05537547 0.30632091 0.02620205 0.61210157
 0.09076175 0.3562939  0.49243652 0.06050783
 0.00864398 0.0813074  0.06266883 0.84737979
 0.1102107  0.44678552 0.18908698 0.2539168 
 0.10750945 0.28984333 0.29281469 0.30983252
 0.33549433 0.23987034 0.09589411 0.32874122
 0.53079417 0.19232847 0.17963263 0.09724473
 0.16639654 0.38924905 0.09265262 0.35170178

MOTIF human_l3_f_212
letter-probability matrix: alength= 4 w= 9 
 0.11438561 0.07092907 0.06268731 0.751998  
 0.16133866 0.01298701 0.3021978  0.52347652
 4.99500500e-04 1.05144855e-01 1.04895105e-02 8.83866134e-01
 0.13111888 0.14035964 0.15634366 0.57217782
 0.01298701 0.08591409 0.03721279 0.86388611
 0.09215784 0.14285714 0.01098901 0.753996  
 0.1466034  0.00074925 0.22577423 0.62687313
 0.23426573 0.18656344 0.1003996  0.47877123
 0.02047952 0.03196803 0.08166833 0.86588412

MOTIF human_l3_f_213
letter-probability matrix: alength= 4 w= 9 
 0.15387538 0.26519757 0.28571429 0.29521277
 0.26139818 0.0300152  0.16755319 0.54103343
 0.40387538 0.06762918 0.24696049 0.28153495
 0.47568389 0.07218845 0.29179331 0.16033435
 0.00265957 0.06420973 0.00379939 0.92933131
 0.79521277 0.03761398 0.08396657 0.08320669
 5.78647416e-01 3.79939210e-04 3.43085106e-01 7.78875380e-02
 0.48100304 0.15615502 0.07218845 0.2906535 
 0.20440729 0.21352584 0.14057751 0.44148936

MOTIF human_l3_f_215
letter-probability matrix: alength= 4 w= 9 
 0.20662817 0.04017073 0.12729099 0.62591012
 0.11925684 0.18101933 0.06402209 0.63570173
 0.0205875  0.05046447 0.13155913 0.7973889 
 0.05096661 0.20863671 0.06075822 0.67963846
 0.0700477  0.18955561 0.07532011 0.66507658
 0.26462465 0.22872207 0.50539794 0.00125534
 0.19206628 0.08260105 0.05071554 0.67461712
 0.19357268 0.23901582 0.14662315 0.42078835
 0.33040422 0.17524479 0.09189053 0.40246046

MOTIF human_l3_f_217
letter-probability matrix: alength= 4 w= 9 
 0.10783533 0.15803453 0.1622842  0.57184595
 0.18804781 0.05737052 0.26826029 0.48632138
 0.26480744 0.06746348 0.40717131 0.26055777
 0.13280212 0.00239044 0.00531208 0.85949535
 0.53970784 0.00982736 0.33014608 0.12031873
 0.74103586 0.02018592 0.17211155 0.06666667
 0.13705179 0.03479416 0.11606906 0.71208499
 0.40557769 0.03213811 0.27861886 0.28366534
 0.45232404 0.04780876 0.28552457 0.21434263

MOTIF human_l3_f_220
letter-probability matrix: alength= 4 w= 9 
 0.22068283 0.14646215 0.32459179 0.30826324
 0.43839683 0.15141019 0.17021277 0.23998021
 1.05393370e-01 5.76942108e-01 3.17169718e-01 4.94804552e-04
 0.28451262 0.03760515 0.36071252 0.31716972
 0.03513112 0.08609599 0.4235527  0.45522019
 8.54032657e-01 4.94804552e-04 4.45324097e-03 1.41019297e-01
 0.28352301 0.09104404 0.16378031 0.46165265
 0.15932707 0.57050965 0.26571004 0.00445324
 0.03908956 0.1192479  0.68728352 0.15437902

MOTIF human_l3_f_221
letter-probability matrix: alength= 4 w= 9 
 0.2707898  0.13330547 0.16882574 0.42707898
 0.23025491 0.20810698 0.21771835 0.34391977
 0.08483076 0.00626828 0.04513163 0.86376933
 0.58671124 0.03134141 0.28123694 0.10071041
 0.65190138 0.00334308 0.32678646 0.01796908
 0.04053489 0.01128291 0.08733807 0.86084413
 0.67781028 0.01044714 0.28458003 0.02716256
 0.71792729 0.02674467 0.24864187 0.00668617
 0.41287087 0.14333473 0.11366486 0.33012954

MOTIF human_l3_f_222
letter-probability matrix: alength= 4 w= 9 
 0.13573181 0.11338239 0.03216135 0.71872445
 0.37421641 0.12183156 0.24066503 0.263287  
 0.36413192 0.13355138 0.17579722 0.32651949
 0.00436086 0.03406923 0.04115563 0.92041428
 0.38048515 0.00953938 0.59225947 0.017716  
 0.66230581 0.00517852 0.31834287 0.0141728 
 0.56636686 0.15835377 0.15263014 0.12264922
 0.29463069 0.14990461 0.13682202 0.41864268
 0.32679204 0.192423   0.13682202 0.34396293

MOTIF human_l3_f_224
letter-probability matrix: alength= 4 w= 9 
 0.2        0.2992268  0.16108247 0.33969072
 0.65721649 0.14278351 0.06520619 0.13479381
 0.24948454 0.04020619 0.27139175 0.43891753
 2.57731959e-04 9.27835052e-03 1.21134021e-02 9.78350515e-01
 0.14097938 0.11365979 0.0757732  0.66958763
 0.09381443 0.04716495 0.47268041 0.38634021
 0.19278351 0.14175258 0.49845361 0.16701031
 0.56082474 0.05850515 0.03221649 0.34845361
 0.07345361 0.07706186 0.53891753 0.31056701

MOTIF human_l3_f_225
letter-probability matrix: alength= 4 w= 9 
 0.14739554 0.06496852 0.09988552 0.68775043
 0.48941042 0.08042358 0.2730395  0.1571265 
 0.50658271 0.06182026 0.30480824 0.12678878
 0.0872925  0.05552376 0.06611334 0.79107041
 0.53434459 0.05895821 0.31024614 0.09645106
 0.55695478 0.06868918 0.28448769 0.08986835
 0.10646823 0.0523755  0.05008586 0.79107041
 0.51860332 0.05752719 0.33028048 0.09358901
 0.56868918 0.08242702 0.24899828 0.09988552

MOTIF human_l3_f_228
letter-probability matrix: alength= 4 w= 9 
 0.42710421 0.07189379 0.01352705 0.48747495
 0.22870741 0.01377756 0.14378758 0.61372745
 0.14529058 0.04358717 0.02855711 0.78256513
 0.15405812 0.45365731 0.08391784 0.30836673
 0.22870741 0.08266533 0.42184369 0.26678357
 0.51227455 0.10846693 0.23196393 0.14729459
 0.68687375 0.18987976 0.04859719 0.0746493 
 0.77179359 0.00776553 0.10896794 0.11147295
 0.36322645 0.11347695 0.08567134 0.43762525

MOTIF human_l3_f_231
letter-probability matrix: alength= 4 w= 9 
 3.52360817e-04 7.39957717e-02 1.65609584e-02 9.09090909e-01
 0.11169838 0.15010571 0.59196617 0.14622974
 0.07223397 0.14904863 0.04474982 0.73396758
 0.46687808 0.00951374 0.08280479 0.44080338
 5.14446794e-02 5.10923185e-02 3.52360817e-04 8.97110641e-01
 0.09901339 0.22832981 0.47498238 0.19767442
 0.09901339 0.04580691 0.01656096 0.83861875
 0.0701198  0.07681466 0.36363636 0.48942918
 0.12085976 0.05990134 0.14799154 0.67124736

MOTIF human_l3_f_233
letter-probability matrix: alength= 4 w= 9 
 0.15433638 0.28955389 0.29592685 0.26018288
 0.0315877  0.88279302 0.07730673 0.00831255
 0.16237185 0.23496814 0.46023829 0.14242172
 0.0778609  0.03047936 0.39789415 0.49376559
 0.16070934 0.10723192 0.42920477 0.30285398
 0.16126351 0.02853976 0.42587975 0.38431699
 0.24909947 0.02937102 0.34081463 0.38071488
 0.20365752 0.15239679 0.23524522 0.40870047
 0.44028817 0.20476586 0.08977556 0.26517041

MOTIF human_l3_f_236
letter-probability matrix: alength= 4 w= 9 
 0.38903888 0.15145788 0.29427646 0.16522678
 0.11771058 0.18898488 0.58072354 0.11258099
 0.37257019 0.19600432 0.22462203 0.20680346
 0.31641469 0.00269978 0.42791577 0.25296976
 0.09530238 0.00728942 0.28806695 0.60934125
 0.19519438 0.17602592 0.02051836 0.60826134
 0.0850432  0.21922246 0.3350432  0.36069114
 0.12634989 0.18898488 0.3712203  0.31344492
 0.41198704 0.10853132 0.20923326 0.27024838

MOTIF human_l3_f_237
letter-probability matrix: alength= 4 w= 9 
 0.11859528 0.29476108 0.3189407  0.26770294
 5.75705239e-04 2.68278641e-01 5.75705239e-04 7.30569948e-01
 0.58779505 0.14507772 0.25388601 0.01324122
 0.22913069 0.18480138 0.5716753  0.01439263
 0.57570524 0.0224525  0.22970639 0.17213587
 0.10765688 0.32181923 0.05699482 0.51352907
 0.26482441 0.37938975 0.03972366 0.31606218
 0.34484744 0.32700058 0.11283823 0.21531376
 0.21185953 0.24928037 0.09614277 0.44271733

MOTIF human_l3_f_238
letter-probability matrix: alength= 4 w= 9 
 0.64185814 0.13111888 0.11063936 0.11638362
 0.28796204 0.22502498 0.01523477 0.47177822
 0.33716284 0.04645355 0.09615385 0.52022977
 0.30544456 0.14635365 0.42657343 0.12162837
 0.03596404 0.01198801 0.04095904 0.91108891
 0.03046953 0.11338661 0.20304695 0.6530969 
 0.02647353 0.04020979 0.66158841 0.27172827
 0.25574426 0.46978022 0.08791209 0.18656344
 0.24025974 0.23176823 0.06268731 0.46528472

MOTIF human_l3_f_239
letter-probability matrix: alength= 4 w= 9 
 0.25030157 0.16887817 0.35012063 0.23069964
 0.2424608  0.0482509  0.13238842 0.57689988
 0.17913148 0.28920386 0.10946924 0.42219542
 0.07599517 0.50572979 0.08655006 0.33172497
 0.30066345 0.09137515 0.44541616 0.16254524
 0.236731   0.42129071 0.09891435 0.24306393
 0.69993969 0.04402895 0.12484922 0.13118215
 0.54523522 0.13359469 0.27352232 0.04764777
 0.38630881 0.12334138 0.24698432 0.2433655 

MOTIF human_l3_f_241
letter-probability matrix: alength= 4 w= 9 
 0.08282828 0.01414141 0.14646465 0.75656566
 0.03434343 0.0040404  0.17373737 0.78787879
 0.94646465 0.0010101  0.05151515 0.0010101 
 0.0010101  0.12222222 0.0010101  0.87575758
 0.06060606 0.01818182 0.0010101  0.92020202
 0.0010101  0.0020202  0.49494949 0.5020202 
 0.29494949 0.00808081 0.03737374 0.65959596
 0.22727273 0.11212121 0.63737374 0.02323232
 0.22525253 0.18686869 0.02020202 0.56767677

MOTIF human_l3_f_244
letter-probability matrix: alength= 4 w= 9 
 0.24817518 0.10948905 0.04796663 0.59436913
 0.25078206 0.23931178 0.39311783 0.11678832
 0.12773723 0.22679875 0.09280501 0.55265902
 0.01407716 0.34671533 0.10896767 0.53023983
 0.02606882 0.34098019 0.23096976 0.40198123
 0.49322211 0.17831074 0.1835245  0.14494265
 0.23618352 0.13607925 0.26590198 0.36183525
 0.00364964 0.00208551 0.03336809 0.96089677
 0.4447341  0.05891554 0.38164755 0.11470282

MOTIF human_l3_f_245
letter-probability matrix: alength= 4 w= 9 
 0.06961822 0.29740135 0.2168752  0.41610523
 0.02181585 0.33172923 0.11068335 0.53577158
 0.10875842 0.0105871  0.43439204 0.44626243
 0.00384986 0.40134745 0.1190247  0.47577799
 0.10683349 0.06673083 0.07186397 0.7545717 
 7.69971126e-03 3.32050048e-01 3.20821303e-04 6.59929419e-01
 0.25088226 0.63907603 0.09271736 0.01732435
 0.39396856 0.06737247 0.14950273 0.38915624
 0.46968239 0.14725698 0.16426051 0.21880013

MOTIF human_l3_f_246
letter-probability matrix: alength= 4 w= 9 
 0.08996452 0.093259   0.47465788 0.3421186 
 0.39635073 0.16928535 0.07323872 0.36112519
 0.41434364 0.04485555 0.51165737 0.02914344
 0.35554992 0.0131779  0.09427268 0.53699949
 0.45159655 0.35757729 0.02356817 0.16725798
 0.19336036 0.17131272 0.06284845 0.57247846
 0.09655347 0.27090725 0.12899138 0.5035479 
 0.4234668  0.12062848 0.03852002 0.41738469
 0.41231627 0.17967562 0.1112519  0.29675621

MOTIF human_l3_f_249
letter-probability matrix: alength= 4 w= 9 
 0.11013986 0.11463536 0.27847153 0.49675325
 0.16733267 0.06343656 0.62312687 0.1461039 
 0.11813187 0.0999001  0.04745255 0.73451548
 0.05769231 0.14135864 0.0536963  0.74725275
 0.17607393 0.05444555 0.01123876 0.75824176
 0.62437562 0.10689311 0.03846154 0.23026973
 0.12512488 0.03471528 0.08616384 0.753996  
 0.2475025  0.1043956  0.28896104 0.35914086
 0.21503497 0.33391608 0.15509491 0.29595405

MOTIF human_l3_f_251
letter-probability matrix: alength= 4 w= 9 
 0.17866194 0.24227065 0.12290928 0.45615813
 0.04054739 0.25088697 0.03953371 0.66903193
 0.03117081 0.00608211 0.69513431 0.26761277
 2.53421186e-04 2.75975672e-01 9.37658388e-03 7.14394323e-01
 0.02965028 0.00810948 0.01875317 0.94348708
 0.04333502 0.01013685 0.58717689 0.35935124
 0.12595033 0.25772935 0.08058794 0.53573239
 0.08844399 0.16700456 0.03193107 0.71262038
 0.05904714 0.04282818 0.3170299  0.58109478

MOTIF human_l3_f_253
letter-probability matrix: alength= 4 w= 9 
 0.24831868 0.33109157 0.07553026 0.34505949
 0.46301086 0.11122607 0.01370926 0.4120538 
 0.38799793 0.13140197 0.41050181 0.07009829
 3.58510088e-01 4.24211071e-02 5.17330574e-04 5.98551474e-01
 0.30315572 0.08587688 0.07294361 0.5380238 
 0.061821   0.02276255 0.13812726 0.77728919
 0.12803932 0.09725815 0.22840145 0.54630109
 0.04474909 0.07941024 0.52793585 0.34790481
 0.10941542 0.18391102 0.11717538 0.58949819
