MEME version 5.4.1

ALPHABET= ACGT

strands: + -

Background letter frequencies
A 0.25 C 0.25 G 0.25 T 0.25

MOTIF human_l3_f_0
letter-probability matrix: alength= 4 w= 9 
 0.18946825 0.18224058 0.06917914 0.55911203
 0.20986061 0.1019618  0.6011874  0.08699019
 0.34124935 0.15797625 0.14068147 0.36009293
 0.29530201 0.13293753 0.29065565 0.2811048 
 0.0854414  0.21037687 0.11848219 0.58569954
 0.02503872 0.34925142 0.42901394 0.19669592
 0.21295818 0.40474961 0.17836861 0.20392359
 0.28187919 0.21966959 0.32266391 0.1757873 
 0.33763552 0.36035106 0.12570986 0.17630356

MOTIF human_l3_f_4
letter-probability matrix: alength= 4 w= 9 
 0.02075859 0.22911328 0.05561251 0.69451563
 0.13787801 0.07457714 0.11301896 0.67452588
 0.14249103 0.47283444 0.1101999  0.27447463
 0.27191184 0.09149154 0.33956945 0.29702717
 0.1537673  0.12788314 0.23347002 0.48487955
 0.32009226 0.02819067 0.54049206 0.11122501
 0.10814967 0.12916453 0.02255254 0.74013326
 0.05433111 0.13377755 0.58072783 0.23116351
 0.17247565 0.14172219 0.18990261 0.49589954

MOTIF human_l3_f_5
letter-probability matrix: alength= 4 w= 9 
 0.38368056 0.26591435 0.17708333 0.17332176
 0.52690972 0.19299769 0.1400463  0.1400463 
 0.23929398 0.00173611 0.04542824 0.71354167
 0.40885417 0.01099537 0.39380787 0.18634259
 0.68344907 0.0697338  0.13744213 0.109375  
 0.43923611 0.29918981 0.1166088  0.14496528
 0.22887731 0.32928241 0.1166088  0.32523148
 0.34230324 0.10300926 0.03935185 0.51533565
 0.45746528 0.11168981 0.14380787 0.28703704

MOTIF human_l3_f_13
letter-probability matrix: alength= 4 w= 9 
 0.08986175 0.08064516 0.06451613 0.76497696
 0.04953917 0.19009217 0.07142857 0.68894009
 0.609447   0.00115207 0.38824885 0.00115207
 0.10253456 0.08179724 0.25345622 0.56221198
 0.1140553  0.06912442 0.00230415 0.81451613
 0.73732719 0.00115207 0.09792627 0.16359447
 0.13018433 0.00115207 0.00115207 0.86751152
 0.05990783 0.01958525 0.15898618 0.76152074
 0.44470046 0.06105991 0.0264977  0.46774194

MOTIF human_l3_f_15
letter-probability matrix: alength= 4 w= 9 
 0.05194805 0.30744256 0.33741259 0.3031968 
 0.03696304 0.33716284 0.21728272 0.40859141
 0.01123876 0.00599401 0.02447552 0.95829171
 0.02497502 0.0492008  0.42757243 0.49825175
 0.27622378 0.04470529 0.14060939 0.53846154
 0.20929071 0.08866134 0.002997   0.69905095
 0.03321678 0.33066933 0.06143856 0.57467532
 0.0501998  0.22327672 0.13511489 0.59140859
 0.10739261 0.30919081 0.13336663 0.45004995

MOTIF human_l3_f_16
letter-probability matrix: alength= 4 w= 9 
 0.33666334 0.12712288 0.18306693 0.35314685
 0.18856144 0.11313686 0.58541459 0.11288711
 3.04445554e-01 2.49750250e-04 5.06993007e-01 1.88311688e-01
 4.19580420e-01 5.13236763e-01 2.49750250e-04 6.69330669e-02
 0.03546454 0.3479021  0.37537463 0.24125874
 7.87212787e-01 4.97002997e-02 2.49750250e-04 1.62837163e-01
 0.17257742 0.50749251 0.04395604 0.27597403
 0.12987013 0.30794206 0.1535964  0.40859141
 0.24200799 0.19205794 0.37162837 0.19430569

MOTIF human_l3_f_17
letter-probability matrix: alength= 4 w= 9 
 0.27107062 0.22854973 0.14654518 0.35383447
 0.69552012 0.03037206 0.2080486  0.06605923
 0.28549734 0.00911162 0.53302961 0.17236143
 7.82080486e-02 3.79650721e-03 7.59301443e-04 9.17236143e-01
 0.32422172 0.01670463 0.04631739 0.61275626
 0.00835232 0.10098709 0.03492787 0.85573273
 0.36218679 0.22399393 0.38952164 0.02429765
 0.33864844 0.17463933 0.02429765 0.46241458
 0.09794989 0.25132878 0.24753227 0.40318907

MOTIF human_l3_f_18
letter-probability matrix: alength= 4 w= 9 
 0.05108005 0.03761118 0.05412961 0.85717916
 0.13290978 0.10038119 0.51181703 0.25489199
 0.21296061 0.06149936 0.17102922 0.5545108 
 0.30876747 0.03074968 0.01143583 0.64904701
 0.00559085 0.25031766 0.01016518 0.7339263 
 0.17102922 0.5905972  0.04777637 0.1905972 
 0.12325286 0.12426938 0.05438374 0.69809403
 0.34053367 0.05336722 0.40279543 0.20330368
 0.13621347 0.10851334 0.11003812 0.64523507

MOTIF human_l3_f_19
letter-probability matrix: alength= 4 w= 9 
 0.18912049 0.0045755  0.08083376 0.72547026
 3.99084901e-02 7.62582613e-04 1.11845450e-02 9.48144382e-01
 5.54143366e-02 2.54194204e-04 2.28774784e-01 7.15556685e-01
 0.01677682 0.00305033 0.01499746 0.96517539
 0.06609049 0.05210981 0.28596848 0.59583122
 0.06024403 0.03762074 0.0307575  0.87137773
 2.40721912e-01 3.05033045e-03 2.54194204e-04 7.55973564e-01
 0.07397051 0.06075241 0.06456533 0.80071174
 0.37697001 0.03685816 0.22674123 0.3594306 

MOTIF human_l3_f_20
letter-probability matrix: alength= 4 w= 9 
 0.12337662 0.01323676 0.20554446 0.65784216
 0.4040959  0.18281718 0.07467532 0.33841159
 0.08791209 0.02847153 0.23376623 0.64985015
 0.38236763 0.01323676 0.28246753 0.32192807
 0.32067932 0.07467532 0.07967033 0.52497502
 2.49750250e-04 7.49250749e-04 9.99000999e-03 9.89010989e-01
 0.03421578 0.01973027 0.00424575 0.94180819
 0.79170829 0.05544456 0.02822178 0.12462537
 0.01423576 0.04845155 0.02747253 0.90984016

MOTIF human_l3_f_21
letter-probability matrix: alength= 4 w= 9 
 0.19272514 0.15136404 0.28688765 0.36902317
 2.93341156e-04 2.38779701e-01 1.17336462e-03 7.59753593e-01
 0.78234086 0.01701379 0.13640364 0.06424171
 0.26723379 0.02581402 0.5687885  0.13816368
 0.24611323 0.18803168 0.22587269 0.3399824 
 0.13317688 0.29392784 0.09797595 0.47491933
 0.05368143 0.09034908 0.29334116 0.56262834
 0.35200939 0.27926078 0.05221473 0.31651511
 0.22117923 0.3085949  0.11293634 0.35728953

MOTIF human_l3_f_22
letter-probability matrix: alength= 4 w= 9 
 0.24081787 0.22188565 0.18212798 0.3551685 
 0.25785687 0.1601666  0.24006058 0.34191594
 0.10412722 0.00795153 0.05035971 0.83756153
 0.5119273  0.04392276 0.3722075  0.07194245
 0.57894737 0.00189322 0.3108671  0.10829231
 0.03900038 0.08973874 0.03218478 0.83907611
 0.60015146 0.06967058 0.30102234 0.02915562
 0.58084059 0.0306702  0.35441121 0.034078  
 0.23741007 0.15940931 0.26088603 0.34229459

MOTIF human_l3_f_23
letter-probability matrix: alength= 4 w= 9 
 0.17675607 0.19106003 0.13639847 0.49578544
 0.29936143 0.41634738 0.19003831 0.09425287
 0.19233716 0.08224777 0.41021711 0.31519796
 0.3844189  0.05057471 0.05287356 0.51213282
 0.61251596 0.02145594 0.03243934 0.33358876
 0.10574713 0.06283525 0.5954023  0.23601533
 0.12234994 0.19208174 0.3164751  0.36909323
 0.26181354 0.27075351 0.22247765 0.2449553 
 0.37803321 0.24572158 0.24418902 0.13205619

MOTIF human_l3_f_24
letter-probability matrix: alength= 4 w= 9 
 0.16392479 0.06962397 0.15423032 0.61222092
 0.45035253 0.06844888 0.33284371 0.14835488
 0.53965922 0.06227967 0.26733255 0.13072855
 0.22884841 0.08049354 0.07814336 0.61251469
 0.40041128 0.07079906 0.34576968 0.18301998
 0.52555817 0.12514689 0.19212691 0.15716804
 0.10693302 0.01439483 0.08842538 0.79024677
 0.75851939 0.0640423  0.14189189 0.03554642
 0.57226792 0.02262045 0.36692127 0.03819036

MOTIF human_l3_f_26
letter-probability matrix: alength= 4 w= 9 
 0.21898184 0.09183935 0.3727296  0.31644922
 0.05551292 0.14146841 0.13456127 0.66845741
 0.06318752 0.20260936 0.37349706 0.36070606
 0.15067792 0.06139678 0.09925812 0.68866718
 3.17216679e-02 9.79790228e-02 2.55819903e-04 8.70043489e-01
 0.90176516 0.01253518 0.05730366 0.02839601
 0.01637247 0.61217703 0.12049117 0.25095932
 0.24456383 0.24328473 0.17012024 0.34203121
 0.31158864 0.34177539 0.1015605  0.24507547

MOTIF human_l3_f_27
letter-probability matrix: alength= 4 w= 9 
 0.33509301 0.13323278 0.2139266  0.31774761
 0.17420814 0.17848165 0.24962293 0.39768728
 0.0982906  0.17445953 0.10005028 0.6271996 
 0.40447461 0.0982906  0.20286576 0.29436903
 0.39919558 0.17823027 0.24233283 0.18024133
 0.00527903 0.0462544  0.06485671 0.88360985
 3.82101559e-01 5.02765209e-04 5.37707391e-01 7.96882856e-02
 0.79889392 0.01935646 0.17797888 0.00377074
 0.2918552  0.11940674 0.2933635  0.29537456

MOTIF human_l3_f_30
letter-probability matrix: alength= 4 w= 9 
 0.25178026 0.10300102 0.53992879 0.10528993
 0.04501526 0.27288911 0.11851475 0.56358087
 0.13987792 0.20549339 0.18463886 0.46998983
 0.08494405 0.07985758 0.44175992 0.39343845
 0.38479145 0.16632757 0.16785351 0.28102747
 0.48931841 0.13987792 0.19074262 0.18006104
 0.01703967 0.03128179 0.06408952 0.88758901
 0.09918616 0.35122075 0.34409969 0.20549339
 0.42548321 0.19532045 0.1569176  0.22227874

MOTIF human_l3_f_36
letter-probability matrix: alength= 4 w= 9 
 0.04289216 0.31709559 0.15134804 0.48866422
 0.01102941 0.70680147 0.11335784 0.16881127
 0.18137255 0.44393382 0.23253676 0.14215686
 0.01960784 0.20373775 0.50459559 0.27205882
 0.62009804 0.00520833 0.10998775 0.26470588
 0.1439951  0.0435049  0.20496324 0.60753676
 0.12591912 0.19515931 0.27726716 0.40165441
 0.13848039 0.19914216 0.18198529 0.48039216
 0.19332108 0.35723039 0.13480392 0.31464461

MOTIF human_l3_f_39
letter-probability matrix: alength= 4 w= 9 
 0.05621216 0.10982992 0.14788123 0.68607668
 0.18939176 0.09599308 0.38368406 0.3309311 
 0.14471029 0.27298933 0.07956183 0.50273854
 2.88267512e-04 4.82848083e-01 3.74747766e-03 5.13116172e-01
 0.03660997 0.03199769 0.29259152 0.63880081
 0.02680888 0.07956183 0.60651485 0.28711444
 0.04871721 0.33064284 0.37128856 0.2493514 
 0.09484001 0.1597002  0.24502739 0.5004324 
 0.12827904 0.10348804 0.2626117  0.50562122

MOTIF human_l3_f_40
letter-probability matrix: alength= 4 w= 9 
 0.34215784 0.40234765 0.07717283 0.17832168
 0.17682318 0.40584416 0.38911089 0.02822178
 0.43856144 0.10764236 0.35939061 0.09440559
 0.13161838 0.24050949 0.16283716 0.46503497
 0.46703297 0.09090909 0.31918082 0.12287712
 0.24200799 0.03971029 0.30769231 0.41058941
 0.25324675 0.15634366 0.27447552 0.31593407
 0.17332667 0.28896104 0.33916084 0.19855145
 0.10539461 0.20604396 0.5511988  0.13736264

MOTIF human_l3_f_47
letter-probability matrix: alength= 4 w= 9 
 0.33817904 0.12624331 0.08798776 0.4475899 
 0.17776078 0.66182096 0.01530222 0.14511604
 0.22545269 0.01989288 0.11757205 0.63708238
 0.05151747 0.09487376 0.52257077 0.331038  
 0.17317011 0.14078041 0.12649834 0.55955113
 0.26702372 0.18107626 0.29456771 0.25733231
 0.46187197 0.04820199 0.33843407 0.15149197
 0.57357817 0.08492731 0.25325172 0.0882428 
 0.43330783 0.18923744 0.19306299 0.18439174

MOTIF human_l3_f_49
letter-probability matrix: alength= 4 w= 9 
 0.21002266 0.17678167 0.27574918 0.33744649
 0.06925208 0.25207756 0.13447494 0.54419542
 0.01007303 0.19038026 0.42810375 0.37144296
 0.0088139  0.52908587 0.41500881 0.04709141
 0.18484009 0.27851926 0.25333669 0.28330395
 0.30017628 0.19264669 0.19818685 0.30899018
 0.38856711 0.01460589 0.12666835 0.47015865
 0.27020902 0.20045329 0.2495593  0.27977839
 0.24150088 0.23898262 0.27373458 0.24578192

MOTIF human_l3_f_50
letter-probability matrix: alength= 4 w= 9 
 0.3400895  0.09212951 0.30508028 0.26270071
 0.54514346 0.11108186 0.04974993 0.29402474
 0.26401685 0.11871545 0.00710713 0.61016057
 0.17899447 0.0184259  0.17767834 0.62490129
 0.48986575 0.06712293 0.02474335 0.41826797
 0.3013951  0.67307186 0.0086865  0.01684654
 0.36167412 0.15898921 0.2403264  0.23901027
 0.230587   0.28902343 0.11266123 0.36772835
 0.24243222 0.12424322 0.31271387 0.32061069

MOTIF human_l3_f_52
letter-probability matrix: alength= 4 w= 9 
 0.00910036 0.14820593 0.51378055 0.32891316
 0.00650026 0.00962038 0.16302652 0.82085283
 0.01794072 0.03484139 0.60036401 0.34685387
 0.41107644 0.01950078 0.15704628 0.4123765 
 0.35439418 0.06864275 0.41679667 0.16016641
 0.58346334 0.0275611  0.07722309 0.31175247
 0.11570463 0.33463339 0.18616745 0.36349454
 0.125065   0.3673947  0.14040562 0.36713469
 0.17186687 0.37779511 0.10686427 0.34347374

MOTIF human_l3_f_53
letter-probability matrix: alength= 4 w= 9 
 0.40883838 0.13535354 0.27373737 0.18207071
 0.24545455 0.15479798 0.45454545 0.14520202
 0.14671717 0.15631313 0.33762626 0.35934343
 0.09116162 0.00252525 0.69318182 0.21313131
 0.4719697  0.16035354 0.06868687 0.2989899 
 0.1770202  0.00151515 0.33863636 0.48282828
 0.10530303 0.28838384 0.36616162 0.24015152
 0.4229798  0.38686869 0.13181818 0.05833333
 0.33308081 0.27727273 0.18030303 0.20934343

MOTIF human_l3_f_55
letter-probability matrix: alength= 4 w= 9 
 0.18540333 0.19129321 0.12957746 0.49372599
 0.44455826 0.1134443  0.26734955 0.17464789
 0.33930858 0.10857875 0.06069142 0.49142125
 0.33137004 0.20947503 0.36107554 0.09807939
 0.56747759 0.14955186 0.16209987 0.12087068
 0.24071703 0.38412292 0.06939821 0.30576184
 0.15185659 0.1206146  0.384379   0.34314981
 0.28169014 0.13367478 0.28553137 0.29910371
 0.48399488 0.0950064  0.39231754 0.02868118

MOTIF human_l3_f_56
letter-probability matrix: alength= 4 w= 9 
 0.01017602 0.55583058 0.02585259 0.40814081
 0.05280528 0.5910341  0.21012101 0.1460396 
 0.23184818 0.32508251 0.09790979 0.34515952
 0.30555556 0.03575358 0.35781078 0.30088009
 0.04455446 0.73514851 0.02530253 0.1949945 
 0.03685369 0.11468647 0.26925193 0.57920792
 0.06023102 0.64741474 0.08305831 0.20929593
 0.18316832 0.71094609 0.07288229 0.0330033 
 0.1430143  0.26842684 0.2169967  0.37156216

MOTIF human_l3_f_58
letter-probability matrix: alength= 4 w= 9 
 0.65950653 0.0467344  0.15616836 0.13759071
 0.80551524 0.07489115 0.087373   0.03222061
 0.60232221 0.05921626 0.16197388 0.17648766
 0.89666183 0.01015965 0.02148041 0.07169811
 0.24644412 0.03570392 0.41306241 0.30478955
 0.495791   0.08940493 0.01219158 0.40261248
 0.42409289 0.00290276 0.21422351 0.35878084
 0.23773585 0.04963716 0.28098694 0.43164006
 0.61480406 0.0850508  0.09840348 0.20174165

MOTIF human_l3_f_59
letter-probability matrix: alength= 4 w= 9 
 0.32828283 0.21212121 0.24494949 0.21464646
 0.23383838 0.42752525 0.13838384 0.20025253
 0.45176768 0.04671717 0.40732323 0.09419192
 0.50025253 0.16186869 0.03257576 0.30530303
 0.25631313 0.25883838 0.12222222 0.36262626
 0.73636364 0.05429293 0.03308081 0.17626263
 0.26666667 0.03535354 0.06338384 0.63459596
 0.26792929 0.05075758 0.61641414 0.06489899
 0.24621212 0.10833333 0.52222222 0.12323232

MOTIF human_l3_f_60
letter-probability matrix: alength= 4 w= 9 
 0.15428571 0.34142857 0.26285714 0.24142857
 0.55821429 0.18321429 0.11357143 0.145     
 0.77428571 0.06607143 0.06571429 0.09392857
 0.59714286 0.1275     0.11285714 0.1625    
 0.0225     0.44535714 0.13035714 0.40178571
 0.00678571 0.395      0.13571429 0.4625    
 0.04642857 0.09607143 0.27535714 0.58214286
 0.0675     0.00428571 0.83892857 0.08928571
 0.19178571 0.20357143 0.44107143 0.16357143

MOTIF human_l3_f_61
letter-probability matrix: alength= 4 w= 9 
 0.22239422 0.28224974 0.24613003 0.24922601
 0.59184727 0.15531476 0.12641899 0.12641899
 0.15634675 0.22187822 0.23581011 0.38596491
 5.15995872e-04 8.46233230e-02 2.06398349e-03 9.12796698e-01
 0.46388029 0.06862745 0.20072239 0.26676987
 0.32610939 0.08617131 0.52425181 0.06346749
 0.33075335 0.01444788 0.48039216 0.1744066 
 0.25335397 0.35190918 0.15221878 0.24251806
 0.01135191 0.1996904  0.72652219 0.0624355 

MOTIF human_l3_f_63
letter-probability matrix: alength= 4 w= 9 
 0.16939341 0.30883463 0.36194312 0.15982884
 0.30833124 0.12836647 0.31009313 0.25320916
 0.00906116 0.39592248 0.17820287 0.41681349
 0.03725145 0.1228291  0.18852253 0.65139693
 0.05839416 0.14044802 0.71079789 0.09035993
 0.53032973 0.16033224 0.21469922 0.09463881
 0.26151523 0.05033979 0.03246917 0.65567581
 0.31890259 0.39265039 0.09438711 0.1940599 
 0.34885477 0.05889756 0.37855525 0.21369242

MOTIF human_l3_f_64
letter-probability matrix: alength= 4 w= 9 
 0.0443769  0.20851064 0.32978723 0.41732523
 0.08206687 0.0881459  0.01945289 0.81033435
 0.04407295 0.04255319 0.58419453 0.32917933
 0.04711246 0.09209726 0.09756839 0.76322188
 0.19392097 0.08966565 0.02553191 0.69088146
 0.19817629 0.03039514 0.14255319 0.62887538
 0.40820669 0.01489362 0.28237082 0.29452888
 0.15440729 0.03495441 0.56808511 0.24255319
 0.28389058 0.08449848 0.16656535 0.46504559

MOTIF human_l3_f_66
letter-probability matrix: alength= 4 w= 9 
 0.10245687 0.32618923 0.13199164 0.43936226
 0.35964454 0.29351803 0.1314689  0.21536853
 0.31965499 0.14871929 0.28044956 0.25117616
 0.01097752 0.05959226 0.01019341 0.9192368 
 0.55175118 0.00705698 0.42733926 0.01385259
 5.26921066e-01 5.72399373e-02 4.15577627e-01 2.61369577e-04
 0.28463147 0.2929953  0.14845792 0.27391532
 0.12754835 0.37088343 0.27783586 0.22373236
 0.15760585 0.23183481 0.39362258 0.21693675

MOTIF human_l3_f_70
letter-probability matrix: alength= 4 w= 9 
 0.43146214 0.05874674 0.11879896 0.39099217
 0.00195822 0.00261097 0.20953003 0.78590078
 0.33681462 0.02349869 0.29503916 0.34464752
 0.44908616 0.07114883 0.44582245 0.03394256
 0.02610966 0.06657963 0.14686684 0.76044386
 0.29112272 0.00652742 0.60509138 0.09725849
 7.93733681e-01 6.52741514e-04 1.44908616e-01 6.07049608e-02
 0.42819843 0.04699739 0.0613577  0.46344648
 0.14490862 0.08159269 0.12206266 0.65143603

MOTIF human_l3_f_71
letter-probability matrix: alength= 4 w= 9 
 0.32442557 0.18356643 0.01348651 0.47852148
 0.36463536 0.0497003  0.03071928 0.55494505
 0.38536464 0.14185814 0.03396603 0.43881119
 0.09665335 0.05544456 0.39260739 0.45529471
 0.20779221 0.16883117 0.32692308 0.29645355
 0.47377622 0.23976024 0.20154845 0.08491508
 0.32292707 0.24775225 0.10314685 0.32617383
 0.36863137 0.38986014 0.10939061 0.13211788
 0.34765235 0.27672328 0.06143856 0.31418581

MOTIF human_l3_f_73
letter-probability matrix: alength= 4 w= 9 
 0.39060939 0.07242757 0.03521479 0.50174825
 0.47727273 0.03046953 0.15084915 0.34140859
 0.23451548 0.18756244 0.31143856 0.26648352
 0.01373626 0.05544456 0.01448551 0.91633367
 0.44380619 0.00749251 0.50174825 0.04695305
 0.76698302 0.01148851 0.15584416 0.06568432
 0.48901099 0.13011988 0.14335664 0.23751249
 0.31993007 0.20929071 0.21603397 0.25474525
 0.26573427 0.17007992 0.22827173 0.33591409

MOTIF human_l3_f_79
letter-probability matrix: alength= 4 w= 9 
 0.24860647 0.25752508 0.23299889 0.26086957
 0.03205128 0.06187291 0.52564103 0.38043478
 0.16917503 0.02814939 0.10785953 0.69481605
 2.78706800e-04 1.75585284e-02 6.45206243e-01 3.36956522e-01
 4.62653289e-02 1.33779264e-02 2.78706800e-04 9.40078038e-01
 0.22352285 0.08667781 0.46153846 0.22826087
 0.61343367 0.0780379  0.04849498 0.26003344
 0.47045708 0.16192865 0.26421405 0.10340022
 0.25473802 0.08082497 0.1680602  0.49637681

MOTIF human_l3_f_80
letter-probability matrix: alength= 4 w= 9 
 0.47009841 0.16300782 0.15594247 0.2109513 
 0.23012869 0.10269997 0.20514762 0.46202372
 0.19934393 0.01539238 0.0547565  0.73050719
 0.24299773 0.00782236 0.40827656 0.34090336
 0.20287661 0.0229624  0.0428968  0.73126419
 0.27327782 0.51198587 0.05828917 0.15644714
 2.24577340e-01 5.04668181e-04 6.23265203e-02 7.12591471e-01
 0.11203634 0.0903356  0.16906384 0.62856422
 0.19707292 0.08554126 0.03305577 0.68433005

MOTIF human_l3_f_83
letter-probability matrix: alength= 4 w= 9 
 0.51554664 0.06544634 0.18355065 0.23545637
 0.14142427 0.04939819 0.29162487 0.51755266
 0.082999   0.29012036 0.03059178 0.59628887
 0.34628887 0.31920762 0.00275827 0.33174524
 0.28711133 0.13239719 0.04889669 0.53159478
 0.65396189 0.02908726 0.00626881 0.31068205
 0.48796389 0.17602808 0.09779338 0.23821464
 0.61308927 0.02432297 0.15772317 0.20486459
 0.43455366 0.07372116 0.1995988  0.29212638

MOTIF human_l3_f_84
letter-probability matrix: alength= 4 w= 9 
 0.31836735 0.20714286 0.14642857 0.32806122
 0.32168367 0.14540816 0.24515306 0.2877551 
 0.09005102 0.05484694 0.18954082 0.66556122
 0.35510204 0.27678571 0.14005102 0.22806122
 0.47423469 0.01964286 0.35484694 0.15127551
 0.02142857 0.00178571 0.01173469 0.96505102
 0.7494898  0.00561224 0.2372449  0.00765306
 6.44642857e-01 5.10204082e-04 3.28061224e-01 2.67857143e-02
 0.23214286 0.1630102  0.25433673 0.3505102 

MOTIF human_l3_f_87
letter-probability matrix: alength= 4 w= 9 
 0.43956044 0.30619381 0.04495504 0.20929071
 0.17432567 0.19805195 0.17957043 0.44805195
 0.10914086 0.02622378 0.32467532 0.53996004
 0.00174825 0.09765235 0.70579421 0.19480519
 0.04345654 0.28921079 0.39685315 0.27047952
 0.44855145 0.21203796 0.18131868 0.15809191
 0.42882118 0.39010989 0.10789211 0.07317682
 0.23476523 0.18831169 0.08466533 0.49225774
 0.53571429 0.18531469 0.13711289 0.14185814

MOTIF human_l3_f_89
letter-probability matrix: alength= 4 w= 9 
 0.05844156 0.28603896 0.3538961  0.30162338
 0.26136364 0.11136364 0.23149351 0.39577922
 0.13149351 0.44415584 0.24220779 0.18214286
 0.35616883 0.48116883 0.12077922 0.04188312
 0.25584416 0.32175325 0.23246753 0.18993506
 0.08798701 0.10032468 0.25811688 0.55357143
 0.37987013 0.10162338 0.11233766 0.40616883
 0.18896104 0.11850649 0.5961039  0.09642857
 0.04545455 0.0724026  0.75292208 0.12922078

MOTIF human_l3_f_91
letter-probability matrix: alength= 4 w= 9 
 0.10589411 0.59390609 0.05969031 0.24050949
 0.3518981  0.21103896 0.04270729 0.39435564
 0.04795205 0.62962038 0.26148851 0.06093906
 1.24875125e-03 5.40209790e-01 2.49750250e-04 4.58291708e-01
 0.04145854 0.24775225 0.502997   0.20779221
 0.01323676 0.40534466 0.21003996 0.37137862
 0.04745255 0.24300699 0.07142857 0.63811189
 0.02697303 0.40634366 0.33491508 0.23176823
 0.15659341 0.21053946 0.38886114 0.24400599

MOTIF human_l3_f_92
letter-probability matrix: alength= 4 w= 9 
 0.42692308 0.30615385 0.21717949 0.04974359
 0.47692308 0.43179487 0.00769231 0.08358974
 0.35461538 0.16384615 0.05948718 0.42205128
 0.30615385 0.15102564 0.05871795 0.48410256
 0.25102564 0.37564103 0.04948718 0.32384615
 0.05307692 0.1325641  0.56666667 0.24769231
 0.44846154 0.13769231 0.22692308 0.18692308
 0.11871795 0.26589744 0.39358974 0.22179487
 0.17641026 0.3074359  0.07153846 0.44461538

MOTIF human_l3_f_93
letter-probability matrix: alength= 4 w= 9 
 0.32647644 0.14664897 0.06337094 0.46350365
 0.10285335 0.10451228 0.33145322 0.46118115
 0.16456536 0.01194426 0.05142668 0.7720637 
 0.44260119 0.00199071 0.53185136 0.02355674
 0.50630392 0.00199071 0.35932316 0.13238222
 1.42003981e-01 3.31785003e-04 4.04114134e-01 4.53550100e-01
 0.25746516 0.03185136 0.44260119 0.26808228
 0.35467817 0.02322495 0.32116788 0.300929  
 0.28832117 0.06337094 0.1526211  0.49568679

MOTIF human_l3_f_94
letter-probability matrix: alength= 4 w= 9 
 0.15509491 0.22677323 0.35264735 0.26548452
 0.36413586 0.0969031  0.32442557 0.21453546
 0.35589411 0.01023976 0.03946054 0.59440559
 0.2952048  0.08666334 0.43081918 0.18731269
 0.28771229 0.01823177 0.25924076 0.43481518
 0.23776224 0.31043956 0.38661339 0.06518482
 0.0467033  0.17532468 0.40184815 0.37612388
 0.3981019  0.23826174 0.07217782 0.29145854
 0.16983017 0.11013986 0.57842158 0.14160839

MOTIF human_l3_f_97
letter-probability matrix: alength= 4 w= 9 
 0.1383293  0.364491   0.30190706 0.19527263
 0.21434327 0.13886651 0.41149611 0.23529412
 0.55627182 0.13000269 0.01128122 0.30244427
 0.24979855 0.10367983 0.07332796 0.57319366
 0.34139135 0.07816277 0.06285254 0.51759334
 0.3166801  0.41310771 0.00832662 0.26188558
 0.42788074 0.07091056 0.20843406 0.29277464
 0.51410153 0.25624496 0.15766855 0.07198496
 0.25329036 0.30727908 0.05345152 0.38597905

MOTIF human_l3_f_99
letter-probability matrix: alength= 4 w= 9 
 0.29068258 0.53438879 0.08642616 0.08850247
 0.63093693 0.16143265 0.1160135  0.09161692
 0.12276148 0.08149494 0.50973268 0.2860109 
 0.11990657 0.4300545  0.05060991 0.39942902
 0.30210226 0.05424345 0.38645212 0.25720218
 0.35946016 0.02024397 0.5112899  0.10900597
 0.29509473 0.18712691 0.34544511 0.17233325
 0.23202699 0.04022839 0.6109525  0.11679211
 0.46197768 0.12950947 0.25019465 0.15831819

MOTIF human_l3_f_101
letter-probability matrix: alength= 4 w= 9 
 0.11598985 0.22360406 0.31269036 0.34771574
 0.15406091 0.15558376 0.30076142 0.38959391
 0.02081218 0.44949239 0.0319797  0.49771574
 0.12106599 0.13401015 0.55558376 0.1893401 
 0.37411168 0.41878173 0.16852792 0.03857868
 0.01218274 0.00304569 0.11827411 0.86649746
 0.50583756 0.35583756 0.03477157 0.1035533 
 0.38324873 0.09898477 0.22538071 0.29238579
 0.33451777 0.2142132  0.28426396 0.16700508

MOTIF human_l3_f_102
letter-probability matrix: alength= 4 w= 9 
 0.1343105  0.39515405 0.243793   0.22674245
 0.22674245 0.11486689 0.37391564 0.28447502
 0.14507927 0.5501047  0.01794795 0.28686808
 0.03380197 0.57702662 0.09632067 0.29285073
 0.38049656 0.1812743  0.40981155 0.02841759
 0.30930302 0.18875262 0.07508226 0.4268621 
 0.07298833 0.47861203 0.09153455 0.35686509
 0.17469339 0.42297338 0.2207598  0.18157344
 0.05833084 0.48967993 0.04845947 0.40352976

MOTIF human_l3_f_104
letter-probability matrix: alength= 4 w= 9 
 0.73386888 0.1427831  0.05364084 0.06970718
 0.19720135 0.28789842 0.06737497 0.44752527
 0.15470329 0.37159886 0.32210417 0.15159368
 0.24773257 0.42083441 0.27597823 0.05545478
 0.01554807 0.18579943 0.24462296 0.55402954
 0.10754081 0.28297486 0.21378595 0.39569837
 0.16791915 0.17051049 0.24928738 0.41228297
 0.12179321 0.10132159 0.05130863 0.72557657
 0.13008551 0.15314848 0.22674268 0.49002332

MOTIF human_l3_f_107
letter-probability matrix: alength= 4 w= 9 
 0.54353493 0.07820647 0.13920751 0.23905109
 0.60297185 0.06621481 0.00469239 0.32612096
 0.29692388 0.0265902  0.00677789 0.66970803
 0.07950991 0.00130344 0.17049009 0.74869656
 0.03128259 0.02372263 0.03623566 0.90875912
 0.0531804  0.01798749 0.60636079 0.32247132
 0.08237748 0.02450469 0.20776851 0.68534932
 0.37565172 0.01929093 0.19577685 0.4092805 
 0.20516163 0.06021898 0.09098019 0.64363921

MOTIF human_l3_f_108
letter-probability matrix: alength= 4 w= 9 
 0.09595579 0.4925898  0.08239136 0.32906305
 0.15649334 0.17834715 0.40567697 0.25948254
 0.04144687 0.34011555 0.29841748 0.3200201 
 0.15272545 0.48781713 0.2755589  0.08389852
 0.30796282 0.12258227 0.29515197 0.27430294
 0.42225571 0.21803567 0.2941472  0.06556142
 0.6395378  0.0552625  0.23210249 0.07309721
 0.70283848 0.14493846 0.03215273 0.12007033
 0.34689776 0.09846772 0.17483044 0.37980407

MOTIF human_l3_f_111
letter-probability matrix: alength= 4 w= 9 
 0.52556912 0.07555262 0.17387001 0.22500825
 0.04157044 0.12702079 0.58429561 0.24711316
 0.60508083 0.36852524 0.02441438 0.00197954
 0.21313098 0.047839   0.32365556 0.41537446
 0.25602112 0.0847905  0.2038931  0.45529528
 0.14021775 0.0847905  0.20851204 0.56647971
 0.29396239 0.00791818 0.33421313 0.3639063 
 3.71494556e-01 1.30979875e-01 4.97195645e-01 3.29924117e-04
 0.38931046 0.15077532 0.28109535 0.17881887

MOTIF human_l3_f_112
letter-probability matrix: alength= 4 w= 9 
 0.65817246 0.03011583 0.22110682 0.09060489
 0.06100386 0.00540541 0.33539254 0.5981982 
 2.57400257e-04 3.88674389e-02 8.23680824e-03 9.52638353e-01
 0.56499356 0.09137709 0.09369369 0.24993565
 0.15881596 0.07284427 0.00823681 0.76010296
 0.67979408 0.02985843 0.00514801 0.28519949
 0.41724582 0.22651223 0.08622909 0.27001287
 0.15109395 0.03243243 0.37194337 0.44453024
 0.24401544 0.10836551 0.26023166 0.38738739

MOTIF human_l3_f_114
letter-probability matrix: alength= 4 w= 9 
 0.1640984  0.20113544 0.41524736 0.21951879
 0.12516896 0.15706948 0.03919978 0.67856177
 0.02703433 0.4379562  0.12706137 0.40794809
 0.1073263  0.08191403 0.14814815 0.66261152
 0.00162206 0.0100027  0.38686131 0.60151392
 0.04541768 0.00351446 0.43957826 0.51148959
 0.02054609 0.12300622 0.33928089 0.5171668 
 0.24195729 0.18978102 0.03730738 0.53095431
 0.10164909 0.15490673 0.05028386 0.69316031

MOTIF human_l3_f_116
letter-probability matrix: alength= 4 w= 9 
 0.38799891 0.137388   0.33152321 0.14308987
 0.19685039 0.41895194 0.28970948 0.09448819
 0.13575889 0.10263372 0.11322292 0.64838447
 0.01058919 0.02307901 0.92397502 0.04235677
 0.74368721 0.11675265 0.01330437 0.12625577
 0.21395601 0.07466739 0.1618246  0.549552  
 0.46456693 0.24599511 0.00678794 0.28265001
 0.13521586 0.41134944 0.13494434 0.31849036
 0.46130872 0.26038556 0.13114309 0.14716264

MOTIF human_l3_f_120
letter-probability matrix: alength= 4 w= 9 
 0.176951   0.13430127 0.25136116 0.43738657
 0.15789474 0.146098   0.3723533  0.32365396
 0.30278282 0.3399879  0.22534785 0.13188143
 0.09255898 0.32395644 0.3723533  0.21113128
 0.24803388 0.1046582  0.09921355 0.54809437
 0.00665457 0.10344828 0.86963097 0.02026618
 0.26346038 0.15728978 0.16061706 0.41863279
 0.07713249 0.24894132 0.07047792 0.60344828
 0.12704174 0.46370236 0.00816697 0.40108893

MOTIF human_l3_f_121
letter-probability matrix: alength= 4 w= 9 
 0.21378151 0.33277311 0.13277311 0.32067227
 0.18756303 0.15495798 0.15966387 0.49781513
 0.10252101 0.06386555 0.45747899 0.37613445
 6.72268908e-04 8.46722689e-01 3.36134454e-04 1.52268908e-01
 0.24436975 0.14252101 0.38789916 0.22521008
 0.02689076 0.08537815 0.19731092 0.69042017
 1.94957983e-01 3.49579832e-02 3.36134454e-04 7.69747899e-01
 0.00470588 0.08235294 0.3297479  0.58319328
 0.00369748 0.19495798 0.33445378 0.46689076

MOTIF human_l3_f_124
letter-probability matrix: alength= 4 w= 9 
 0.21128871 0.52922078 0.08941059 0.17007992
 0.42707293 0.18556444 0.19380619 0.19355644
 0.11988012 0.47652348 0.29795205 0.10564436
 0.02797203 0.55969031 0.17782218 0.23451548
 0.27272727 0.18506494 0.04695305 0.49525475
 0.01448551 0.02822178 0.2977023  0.65959041
 0.06743257 0.43081918 0.30744256 0.19430569
 0.33691309 0.16933067 0.41608392 0.07767233
 0.26398601 0.25424575 0.26948052 0.21228771

MOTIF human_l3_f_125
letter-probability matrix: alength= 4 w= 9 
 0.08527542 0.36573093 0.11837924 0.43061441
 0.42372881 0.18193856 0.10037076 0.29396186
 0.29528602 0.38532839 0.08580508 0.23358051
 0.8628178  0.01800847 0.04555085 0.07362288
 0.30667373 0.14353814 0.13612288 0.41366525
 0.57759534 0.02568856 0.12023305 0.27648305
 0.17372881 0.25132415 0.53919492 0.03575212
 0.02568856 0.09110169 0.26297669 0.62023305
 0.38241525 0.32997881 0.19226695 0.09533898

MOTIF human_l3_f_126
letter-probability matrix: alength= 4 w= 9 
 0.15646088 0.26218445 0.26668333 0.31467133
 0.32216946 0.31367158 0.05373657 0.31042239
 0.16245939 0.21844539 0.14621345 0.47288178
 0.30467383 0.4503874  0.10497376 0.13996501
 0.08422894 0.32616846 0.15371157 0.43589103
 0.0539865  0.40189953 0.21869533 0.32541865
 0.063984   0.16970757 0.19545114 0.57085729
 0.16770807 0.40314921 0.26668333 0.16245939
 0.15246188 0.16220945 0.24743814 0.43789053

MOTIF human_l3_f_129
letter-probability matrix: alength= 4 w= 9 
 0.23958333 0.29411765 0.21599265 0.25030637
 0.29534314 0.21170343 0.13756127 0.35539216
 0.25704657 0.06678922 0.14613971 0.53002451
 0.2221201  0.07751225 0.09007353 0.61029412
 0.19699755 0.48805147 0.08455882 0.23039216
 0.47947304 0.11182598 0.19883578 0.2098652 
 0.453125   0.11795343 0.27328431 0.15563725
 0.19546569 0.59528186 0.12040441 0.08884804
 0.38909314 0.17555147 0.13449755 0.30085784

MOTIF human_l3_f_130
letter-probability matrix: alength= 4 w= 9 
 0.36366197 0.22985915 0.18535211 0.22112676
 0.62619718 0.27295775 0.02112676 0.07971831
 0.6771831  0.25830986 0.05014085 0.0143662 
 0.43098592 0.26450704 0.20591549 0.09859155
 0.01690141 0.22197183 0.23690141 0.52422535
 1.01690141e-01 2.18873239e-01 5.63380282e-04 6.78873239e-01
 0.52450704 0.41267606 0.00084507 0.06197183
 0.30704225 0.27464789 0.08169014 0.33661972
 0.44169014 0.22929577 0.11464789 0.2143662 

MOTIF human_l3_f_131
letter-probability matrix: alength= 4 w= 9 
 0.09007433 0.05159598 0.027547   0.83078268
 0.34980324 0.01005684 0.31919545 0.32094447
 0.42107564 0.01880192 0.31001312 0.25010931
 0.00306078 0.0323568  0.10668999 0.85789244
 0.34717971 0.06296458 0.57324005 0.01661565
 0.82334937 0.0266725  0.09750765 0.05247049
 0.42326192 0.20725842 0.12549191 0.24398776
 0.30039353 0.13642326 0.18233494 0.38084827
 0.22037604 0.22606034 0.19763883 0.35592479

MOTIF human_l3_f_132
letter-probability matrix: alength= 4 w= 9 
 0.15056818 0.14566116 0.45816116 0.2456095 
 0.06198347 0.01033058 0.21978306 0.70790289
 0.07360537 0.11105372 0.78667355 0.02866736
 0.22856405 0.02117769 0.16193182 0.58832645
 0.08316116 0.13946281 0.31740702 0.45996901
 0.06818182 0.15805785 0.57231405 0.20144628
 0.27040289 0.14746901 0.11002066 0.47210744
 0.26652893 0.0348657  0.2151343  0.48347107
 0.21900826 0.12732438 0.27918388 0.37448347

MOTIF human_l3_f_133
letter-probability matrix: alength= 4 w= 9 
 0.37978831 0.26915323 0.20539315 0.14566532
 0.35685484 0.18623992 0.33341734 0.1234879 
 0.12071573 0.24470766 0.20413306 0.43044355
 0.11466734 0.29359879 0.00252016 0.58921371
 0.14314516 0.09954637 0.56275202 0.19455645
 0.03855847 0.51890121 0.30342742 0.1391129 
 0.09879032 0.65146169 0.046875   0.20287298
 0.05267137 0.56502016 0.0609879  0.32132056
 0.26008065 0.16229839 0.20438508 0.37323589

MOTIF human_l3_f_134
letter-probability matrix: alength= 4 w= 9 
 0.1347464  0.16527883 0.26949281 0.43048196
 0.00277567 0.24627807 0.01741105 0.7335352 
 0.25309109 0.32298764 0.09765329 0.32626798
 0.14938178 0.23568004 0.14988645 0.46505173
 0.13726975 0.23542771 0.0903356  0.53696694
 0.38001514 0.00883169 0.47035074 0.14080242
 0.43704264 0.00706535 0.30229624 0.25359576
 0.45622004 0.08251325 0.30658592 0.1546808 
 0.34140802 0.23063336 0.09260661 0.33535201

MOTIF human_l3_f_135
letter-probability matrix: alength= 4 w= 9 
 0.25024975 0.13336663 0.17307692 0.44330669
 0.13736264 0.03071928 0.55994006 0.27197802
 0.05094905 0.34340659 0.15484515 0.4507992 
 0.48101898 0.07342657 0.41108891 0.03446553
 0.11988012 0.20854146 0.59240759 0.07917083
 0.57467532 0.08041958 0.09815185 0.24675325
 0.4453047  0.03996004 0.2962038  0.21853147
 0.46878122 0.11313686 0.1545954  0.26348651
 0.45604396 0.05894106 0.23051948 0.2544955 

MOTIF human_l3_f_137
letter-probability matrix: alength= 4 w= 9 
 0.31425598 0.18574402 0.31503642 0.18496358
 0.10301769 0.65010406 0.03199792 0.21488033
 0.28407908 0.00078044 0.13891779 0.57622268
 0.43912591 0.14412071 0.00520291 0.41155047
 0.17403746 0.48100937 0.06373569 0.28121748
 0.32700312 0.25520291 0.0119667  0.40582726
 0.33246618 0.11862643 0.31529657 0.23361082
 0.25598335 0.13007284 0.55983351 0.0541103 
 0.19406868 0.16597294 0.35431842 0.28563996

MOTIF human_l3_f_139
letter-probability matrix: alength= 4 w= 9 
 0.00085106 0.22382979 0.06297872 0.71234043
 0.1412766  0.56425532 0.03829787 0.25617021
 0.29021277 0.00085106 0.31404255 0.39489362
 0.13191489 0.43659574 0.38553191 0.04595745
 0.41361702 0.29531915 0.09021277 0.20085106
 0.23148936 0.03148936 0.53191489 0.20510638
 0.6493617  0.11489362 0.08510638 0.1506383 
 0.05021277 0.0212766  0.20170213 0.72680851
 0.46893617 0.15489362 0.03319149 0.34297872

MOTIF human_l3_f_141
letter-probability matrix: alength= 4 w= 9 
 0.05583909 0.07715401 0.10147103 0.76553588
 0.04953467 0.12818973 0.07084959 0.751426  
 0.32812969 0.08015611 0.19573702 0.39597718
 0.37916542 0.25577905 0.08225758 0.28279796
 0.08165716 0.17081957 0.33473431 0.41278895
 0.02611828 0.17652357 0.19723807 0.60012008
 0.16331432 0.0858601  0.44731312 0.30351246
 0.21975383 0.15821075 0.38126689 0.24076854
 0.24166917 0.27138997 0.31972381 0.16721705

MOTIF human_l3_f_143
letter-probability matrix: alength= 4 w= 9 
 0.49093656 0.1223565  0.16817724 0.21852971
 0.38192346 0.24773414 0.18831823 0.18202417
 0.1183283  0.10146022 0.14627392 0.63393756
 0.26208459 0.15080564 0.45996979 0.12713998
 0.18101712 0.08862034 0.34667674 0.3836858 
 0.11354481 0.21626385 0.14149043 0.52870091
 0.31596173 0.0407855  0.2633434  0.37990937
 0.21500504 0.11858006 0.09592145 0.57049345
 0.13821752 0.42900302 0.25805639 0.17472306

MOTIF human_l3_f_144
letter-probability matrix: alength= 4 w= 9 
 0.48295165 0.16208651 0.25699746 0.09796438
 0.24961832 0.22798982 0.13740458 0.38498728
 0.38982188 0.25750636 0.15012723 0.20254453
 0.37964377 0.09465649 0.50788804 0.0178117 
 0.0697201  0.23536896 0.37506361 0.31984733
 0.09287532 0.44198473 0.32875318 0.13638677
 0.35954198 0.23816794 0.05419847 0.3480916 
 0.38473282 0.02468193 0.07811705 0.51246819
 0.17506361 0.12468193 0.0475827  0.65267176

MOTIF human_l3_f_147
letter-probability matrix: alength= 4 w= 9 
 0.27992776 0.21929825 0.09494324 0.40583075
 0.15118679 0.17131063 0.31836945 0.35913313
 0.44246646 0.08152735 0.09881321 0.37719298
 2.57997936e-04 1.88854489e-01 2.47678019e-01 5.63209494e-01
 0.45485036 0.10294118 0.13054696 0.31166151
 0.06140351 0.08926729 0.13854489 0.71078431
 0.48864809 0.04308566 0.00412797 0.46413829
 0.06578947 0.05237358 0.10139319 0.78044376
 0.1501548  0.07249742 0.29540764 0.48194014

MOTIF human_l3_f_148
letter-probability matrix: alength= 4 w= 9 
 0.49249173 0.0633749  0.14252991 0.30160346
 0.01221685 0.43777043 0.00254518 0.54746755
 0.19012471 0.24586409 0.41689997 0.14711122
 0.33367269 0.17179944 0.12267753 0.37185034
 0.16670909 0.12878595 0.12165946 0.58284551
 0.08093663 0.07228302 0.26597098 0.58080937
 0.39450242 0.06744719 0.33265462 0.20539578
 0.32120132 0.15474675 0.12064138 0.40341054
 0.34054467 0.07711886 0.19928735 0.38304912

MOTIF human_l3_f_149
letter-probability matrix: alength= 4 w= 9 
 0.65607804 0.16508254 0.10955478 0.06928464
 0.36943472 0.16283142 0.16808404 0.29964982
 0.01950975 0.512006   0.04077039 0.42771386
 0.15382691 0.35192596 0.10005003 0.3941971 
 0.09929965 0.36943472 0.16383192 0.36743372
 0.16258129 0.33366683 0.18609305 0.31765883
 0.36143072 0.26663332 0.07203602 0.29989995
 0.26113057 0.12206103 0.08504252 0.53176588
 0.19034517 0.08504252 0.34617309 0.37843922

MOTIF human_l3_f_151
letter-probability matrix: alength= 4 w= 9 
 0.31768232 0.24250749 0.32342657 0.11638362
 0.50974026 0.17207792 0.17707293 0.14110889
 0.27247752 0.2012987  0.40509491 0.12112887
 0.7037962  0.15084915 0.11213786 0.03321678
 0.67132867 0.05394605 0.06943057 0.20529471
 0.52022977 0.17257742 0.1978022  0.10939061
 0.3523976  0.3996004  0.18931069 0.05869131
 0.37287712 0.03971029 0.1530969  0.43431568
 0.62687313 0.23701299 0.08116883 0.05494505

MOTIF human_l3_f_153
letter-probability matrix: alength= 4 w= 9 
 0.4043989  0.21794551 0.17370657 0.20394901
 0.28742814 0.08822794 0.31267183 0.31167208
 0.20619845 0.29817546 0.13821545 0.35741065
 0.32016996 0.25293677 0.05648588 0.3704074 
 0.08122969 0.39215196 0.03699075 0.48962759
 0.12496876 0.41739565 0.24568858 0.21194701
 0.39540115 0.04748813 0.06623344 0.49087728
 0.25993502 0.15046238 0.45963509 0.12996751
 0.28517871 0.16245939 0.06023494 0.49212697

MOTIF human_l3_f_155
letter-probability matrix: alength= 4 w= 9 
 0.36611612 0.13988989 0.35235235 0.14164164
 0.22197197 0.11211211 0.22672673 0.43918919
 0.26351351 0.20820821 0.06206206 0.46621622
 0.12537538 0.03703704 0.71271271 0.12487487
 0.03328328 0.1534034  0.32032032 0.49299299
 0.5452953  0.11711712 0.17867868 0.15890891
 0.23348348 0.0533033  0.26326326 0.44994995
 0.30505506 0.47247247 0.13538539 0.08708709
 0.25750751 0.14264264 0.10035035 0.4994995 

MOTIF human_l3_f_157
letter-probability matrix: alength= 4 w= 9 
 0.21803197 0.11388611 0.07167832 0.5964036 
 0.21228771 0.02172827 0.21778222 0.5482018 
 0.08341658 0.26273726 0.08991009 0.56393606
 0.62687313 0.05569431 0.06618382 0.25124875
 0.14310689 0.10714286 0.41983017 0.32992008
 0.46778222 0.18656344 0.02772228 0.31793207
 0.28421578 0.23626374 0.2514985  0.22802198
 0.74275724 0.16983017 0.00599401 0.08141858
 0.51573427 0.0954046  0.10814186 0.28071928

MOTIF human_l3_f_159
letter-probability matrix: alength= 4 w= 9 
 0.35741065 0.29592602 0.23744064 0.10922269
 0.29367658 0.2551862  0.21469633 0.23644089
 0.24793802 0.49837541 0.04098975 0.21269683
 0.29942514 0.10647338 0.22469383 0.36940765
 0.18245439 0.01524619 0.14646338 0.65583604
 0.03849038 0.25943514 0.43764059 0.26443389
 0.00474881 0.2751812  0.11597101 0.60409898
 0.01049738 0.3264184  0.21469633 0.4483879 
 0.16970757 0.39190202 0.03349163 0.40489878

MOTIF human_l3_f_165
letter-probability matrix: alength= 4 w= 9 
 0.12884221 0.26639344 0.16803279 0.43673156
 0.44902664 0.16982582 0.34042008 0.04072746
 0.06608607 0.16239754 0.19518443 0.57633197
 2.56147541e-04 2.84836066e-01 2.56147541e-04 7.14651639e-01
 0.0942623  0.07248975 0.3125     0.52074795
 0.02843238 0.16931352 0.01127049 0.79098361
 0.53099385 0.07172131 0.36116803 0.0361168 
 0.0053791  0.2085041  0.05788934 0.72822746
 0.47438525 0.10578893 0.18903689 0.23078893

MOTIF human_l3_f_167
letter-probability matrix: alength= 4 w= 9 
 0.01196172 0.14736842 0.0722488  0.76842105
 0.00430622 0.28899522 0.10287081 0.60382775
 4.78468900e-04 6.22009569e-02 9.35885167e-01 1.43540670e-03
 0.09808612 0.26794258 0.0138756  0.62009569
 0.10382775 0.29425837 0.50382775 0.09808612
 0.00095694 0.45885167 0.00239234 0.53779904
 0.2784689  0.15837321 0.11818182 0.44497608
 0.13014354 0.24497608 0.44210526 0.18277512
 0.13349282 0.10430622 0.23875598 0.52344498

MOTIF human_l3_f_168
letter-probability matrix: alength= 4 w= 9 
 0.17107892 0.16883117 0.07742258 0.58266733
 0.16408591 0.14335664 0.11938062 0.57317682
 0.001998   0.21328671 0.00624376 0.77847153
 0.33516484 0.19105894 0.04295704 0.43081918
 0.05769231 0.01073926 0.4537962  0.47777223
 0.04895105 0.8454046  0.07517483 0.03046953
 0.67457542 0.04245754 0.20054945 0.08241758
 0.1486014  0.09190809 0.55669331 0.2027972 
 0.38386613 0.28046953 0.0526973  0.28296703

MOTIF human_l3_f_169
letter-probability matrix: alength= 4 w= 9 
 0.09949239 0.28189509 0.12419628 0.49441624
 0.03553299 0.36988156 0.06565144 0.52893401
 0.52318105 0.05854484 0.27072758 0.14754653
 3.38409475e-04 3.67512690e-01 3.38409475e-04 6.31810491e-01
 0.49441624 0.00846024 0.17428088 0.32284264
 0.01387479 0.21624365 0.30219966 0.4676819 
 0.17800338 0.1820643  0.04196277 0.59796954
 0.01962775 0.06226734 0.67241963 0.24568528
 0.08087986 0.23350254 0.25245347 0.43316413

MOTIF human_l3_f_172
letter-probability matrix: alength= 4 w= 9 
 0.16852509 0.10618348 0.10745058 0.61784085
 0.43841865 0.11784085 0.22453117 0.21920933
 0.39153573 0.10415611 0.29447542 0.20983274
 0.1279777  0.05043082 0.23897618 0.58261531
 0.37911809 0.05701977 0.24936645 0.31449569
 0.43030917 0.11657375 0.28687278 0.1662443 
 0.06715661 0.02812975 0.0250887  0.87962494
 0.70400405 0.0263558  0.20679169 0.06284845
 0.61378611 0.02559554 0.31829701 0.04232134

MOTIF human_l3_f_174
letter-probability matrix: alength= 4 w= 9 
 0.37395278 0.13937548 0.18532622 0.30134552
 0.30591521 0.13226707 0.2640264  0.29779132
 0.07641533 0.20030465 0.16527037 0.55800965
 0.05635948 0.15054582 0.46331556 0.32977913
 0.05178979 0.03224169 0.15486164 0.76110688
 0.00837776 0.0035542  0.28560548 0.70246255
 0.02081747 0.00126936 0.14724549 0.83066768
 0.28611323 0.00152323 0.56765677 0.14470678
 0.18354912 0.0106626  0.39045443 0.41533384

MOTIF human_l3_f_176
letter-probability matrix: alength= 4 w= 9 
 0.02032004 0.21564643 0.06883414 0.69519939
 0.12115824 0.20980442 0.39293879 0.27609855
 0.13893828 0.40894082 0.00279401 0.4493269 
 0.63119126 0.00889002 0.01727203 0.34264669
 0.12649225 0.05334011 0.09194818 0.72821946
 0.27635255 0.24028448 0.02692405 0.45643891
 0.01473203 0.4475489  0.0500381  0.48768098
 0.37820676 0.33528067 0.06527813 0.22123444
 0.32232664 0.26060452 0.21259843 0.20447041

MOTIF human_l3_f_178
letter-probability matrix: alength= 4 w= 9 
 0.20017256 0.2228933  0.30140926 0.27552488
 2.87604257e-04 1.88093184e-01 1.15041703e-03 8.10468795e-01
 0.03480012 0.06816221 0.56399195 0.33304573
 0.10526316 0.52401496 0.12453264 0.24618924
 0.19010641 0.11734254 0.22634455 0.4662065 
 2.78400920e-01 4.15588151e-01 2.87604257e-04 3.05723325e-01
 0.17658901 0.02243313 0.48231234 0.31866552
 0.14581536 0.34138625 0.11130285 0.40149554
 0.14782859 0.27178602 0.40667242 0.17371297

MOTIF human_l3_f_179
letter-probability matrix: alength= 4 w= 9 
 0.30653266 0.13693467 0.46943049 0.08710218
 0.00251256 0.15703518 0.34505863 0.49539363
 0.08626466 0.00963149 0.8940536  0.01005025
 0.44514238 0.02721943 0.49288107 0.03475712
 0.71063652 0.0540201  0.16917923 0.06616415
 0.20979899 0.23785595 0.10301508 0.44932998
 0.21566164 0.15871022 0.25251256 0.37311558
 0.17839196 0.07118928 0.4681742  0.28224456
 0.28978224 0.10636516 0.29690117 0.30695142

MOTIF human_l3_f_182
letter-probability matrix: alength= 4 w= 9 
 0.29492537 0.16656716 0.28179104 0.25671642
 0.16298507 0.13552239 0.55880597 0.14268657
 2.95522388e-01 2.08955224e-02 6.82985075e-01 5.97014925e-04
 0.00597015 0.59880597 0.34686567 0.04835821
 0.05850746 0.83462687 0.00537313 0.10149254
 0.00059701 0.56119403 0.00059701 0.43761194
 0.30626866 0.45313433 0.03940299 0.20119403
 0.26208955 0.27223881 0.43641791 0.02925373
 0.14686567 0.6        0.09432836 0.15880597

MOTIF human_l3_f_183
letter-probability matrix: alength= 4 w= 9 
 0.32255541 0.41851369 0.0988266  0.1601043 
 0.13924381 0.17340287 0.13246415 0.55488918
 0.1345502  0.70847458 0.09621904 0.06075619
 0.25684485 0.02112125 0.58826597 0.13376793
 0.54419817 0.29856584 0.03311604 0.12411995
 0.19895698 0.62581486 0.06936115 0.10586701
 0.36297262 0.20469361 0.08109518 0.35123859
 0.19061278 0.25293351 0.06857888 0.48787484
 0.30195567 0.29387223 0.21408083 0.19009126

MOTIF human_l3_f_184
letter-probability matrix: alength= 4 w= 9 
 0.49260308 0.04217816 0.20018886 0.2650299 
 0.11898017 0.14636449 0.13220019 0.60245515
 0.08970727 0.08404155 0.58356941 0.24268178
 1.88857413e-02 2.97450425e-01 3.14762354e-04 6.83349071e-01
 0.1680831  0.48567831 0.21592698 0.13031161
 0.11551778 0.36890148 0.24110796 0.27447277
 0.78816494 0.0903368  0.08372679 0.03777148
 0.12653447 0.01762669 0.33994334 0.5158955 
 0.17311929 0.12684923 0.41359773 0.28643374

MOTIF human_l3_f_186
letter-probability matrix: alength= 4 w= 9 
 0.03771229 0.18656344 0.17082917 0.6048951 
 0.14735265 0.07692308 0.61288711 0.16283716
 0.00549451 0.00324675 0.08841159 0.90284715
 3.22427572e-01 3.49650350e-03 6.73576424e-01 4.99500500e-04
 0.37262737 0.17957043 0.27497502 0.17282717
 0.27272727 0.02397602 0.22652348 0.47677323
 0.41433566 0.14185814 0.12562438 0.31818182
 0.15559441 0.16483516 0.26948052 0.41008991
 0.4483017  0.18656344 0.20879121 0.15634366

MOTIF human_l3_f_187
letter-probability matrix: alength= 4 w= 9 
 0.22431922 0.33863575 0.12537072 0.31167431
 0.08034511 0.49986519 0.07225667 0.34753303
 0.19061742 0.36802373 0.12752764 0.31383122
 0.0765705  0.01887301 0.83499596 0.06956053
 0.25721219 0.20733351 0.24103532 0.29441898
 0.40711782 0.05581019 0.12240496 0.41466703
 0.13291992 0.08438932 0.38231329 0.40037746
 0.11647344 0.02345646 0.79805878 0.06201132
 0.1361553  0.29172284 0.4569965  0.11512537

MOTIF human_l3_f_188
letter-probability matrix: alength= 4 w= 9 
 0.03049461 0.01933804 0.07883972 0.87132763
 0.09371514 0.168836   0.05987356 0.67757531
 0.13015991 0.07586463 0.09817776 0.69579769
 0.3581257  0.42432131 0.10710301 0.11044998
 0.26217925 0.2249907  0.03718855 0.4756415 
 0.0996653  0.29118631 0.41539606 0.19375232
 0.04239494 0.17367051 0.32019338 0.46374117
 0.06024544 0.26478245 0.22908144 0.44589067
 0.27779844 0.25734474 0.07586463 0.38899219

MOTIF human_l3_f_190
letter-probability matrix: alength= 4 w= 9 
 0.04452315 0.03238047 0.08171009 0.84138629
 0.03187453 0.04983557 0.10928409 0.80900582
 0.21249684 0.03440425 0.05641285 0.69668606
 0.16038452 0.00303567 0.04781179 0.78876802
 0.02833291 0.01770807 0.20111308 0.75284594
 0.01644321 0.03060966 0.18947635 0.76347078
 0.09056413 0.03136858 0.15026562 0.72780167
 0.34884898 0.06096635 0.39210726 0.19807741
 0.26992158 0.04578801 0.04907665 0.63521376

MOTIF human_l3_f_193
letter-probability matrix: alength= 4 w= 9 
 0.07719836 0.38829243 0.06492843 0.46958078
 0.60199387 0.16257669 0.04729039 0.18813906
 0.18737219 0.05393661 0.14902863 0.60966258
 0.04703476 0.24233129 0.05163599 0.65899796
 0.20654397 0.60685072 0.0656953  0.12091002
 0.63445808 0.16845603 0.14800613 0.04907975
 0.5807771  0.17740286 0.02223926 0.21958078
 0.4708589  0.03859918 0.11886503 0.37167689
 0.47009202 0.08793456 0.1444274  0.29754601

MOTIF human_l3_f_194
letter-probability matrix: alength= 4 w= 9 
 0.33683729 0.20429616 0.0964351  0.36243144
 0.05393053 0.44378428 0.26873857 0.23354662
 0.35191956 0.29661792 0.20795247 0.14351005
 0.51508227 0.45429616 0.02696527 0.00365631
 0.50457038 0.46343693 0.00137112 0.03062157
 0.60466179 0.24634369 0.01279707 0.13619744
 0.35466179 0.24314442 0.21297989 0.18921389
 0.32678245 0.11654479 0.50182815 0.05484461
 0.03519196 0.06581353 0.65310786 0.24588665

MOTIF human_l3_f_195
letter-probability matrix: alength= 4 w= 9 
 0.23071244 0.18272425 0.19712071 0.3894426 
 0.42451089 0.09634551 0.2960502  0.18309339
 0.41454411 0.14138058 0.32853451 0.11554079
 8.49021779e-02 3.69139904e-04 1.84200812e-01 7.30527870e-01
 0.18124769 0.19970469 0.16611296 0.45293466
 0.01698044 0.00110742 0.02473237 0.95717977
 0.93576966 0.0073828  0.01956441 0.03728313
 0.62938354 0.0018457  0.36064969 0.00812108
 0.31561462 0.09376154 0.18383167 0.40679217

MOTIF human_l3_f_196
letter-probability matrix: alength= 4 w= 9 
 0.22127446 0.09658806 0.12568991 0.55644757
 0.05745108 0.23883593 0.19016558 0.51354742
 2.50878073e-04 2.13246362e-02 7.77722027e-03 9.70647265e-01
 0.00627195 0.03336678 0.04315103 0.91721024
 0.00852985 0.01430005 0.34019067 0.63697943
 1.08379328e-01 5.01756147e-04 8.69041646e-01 2.20772704e-02
 0.44430507 0.17059709 0.02935273 0.35574511
 0.22679378 0.1166583  0.28549925 0.37104867
 0.27696939 0.23632715 0.0880582  0.39864526

MOTIF human_l3_f_197
letter-probability matrix: alength= 4 w= 9 
 0.23946725 0.08072846 0.18347377 0.49633052
 0.23756456 0.08100027 0.19923892 0.48219625
 0.1149769  0.00951345 0.03234575 0.8431639 
 0.06659418 0.17178581 0.0146779  0.7469421 
 0.07665126 0.03914107 0.02038597 0.86382169
 0.0396847  0.07012775 0.00298994 0.88719761
 0.08643653 0.1443327  0.65534113 0.11388964
 0.00706714 0.11851046 0.1840174  0.690405  
 0.03452025 0.08969829 0.15629247 0.71948899

MOTIF human_l3_f_198
letter-probability matrix: alength= 4 w= 9 
 0.11531331 0.21097516 0.14868372 0.52502781
 0.59325176 0.10493141 0.12347052 0.17834631
 0.40600667 0.03411198 0.09269559 0.46718576
 3.70782351e-04 4.74601409e-02 7.41564702e-03 9.44753430e-01
 0.72191324 0.23804227 0.02039303 0.01965146
 0.20652577 0.02855024 0.00519095 0.75973304
 0.12754913 0.08787542 0.00333704 0.78123841
 0.36892844 0.22951428 0.02632555 0.37523174
 0.03596589 0.17278458 0.14089729 0.65035224

MOTIF human_l3_f_201
letter-probability matrix: alength= 4 w= 9 
 0.06458942 0.1814346  0.08763389 0.6663421 
 0.03959753 0.0821162  0.23985719 0.63842908
 0.15352158 0.03180785 0.15189873 0.66277183
 0.41512496 0.06491399 0.18760143 0.33235962
 0.09899383 0.01265823 0.00454398 0.88380396
 1.58065563e-01 3.24569945e-04 3.40149302e-01 5.01460565e-01
 0.51639078 0.00746511 0.1155469  0.36059721
 0.14800389 0.04706264 0.08341448 0.72151899
 0.4027913  0.17916261 0.14086336 0.27718273

MOTIF human_l3_f_202
letter-probability matrix: alength= 4 w= 9 
 0.27774813 0.05309498 0.53228388 0.136873  
 0.35458911 0.20704376 0.34284952 0.09551761
 0.48692636 0.01387407 0.39487727 0.10432231
 0.30789755 0.00346852 0.47118463 0.21744931
 0.18996798 0.22145144 0.26574173 0.32283885
 0.11446105 0.43169691 0.26414088 0.18970117
 0.15501601 0.20064034 0.28895411 0.35538954
 0.42982924 0.07283885 0.17636073 0.32097118
 0.14354322 0.04909285 0.31830309 0.48906083

MOTIF human_l3_f_205
letter-probability matrix: alength= 4 w= 9 
 0.16521495 0.26664793 0.14526552 0.42287159
 0.21663389 0.1404889  0.31441416 0.32846305
 0.303737   0.03961787 0.09890419 0.55774094
 0.3885923  0.21860073 0.13149761 0.26130936
 0.01882551 0.02163529 0.18713122 0.77240798
 0.55745996 0.06518685 0.21607193 0.16128126
 0.77549874 0.03737005 0.03961787 0.14751335
 0.40966564 0.12896881 0.09581343 0.36555212
 0.19893228 0.17645406 0.09834223 0.52627142

MOTIF human_l3_f_206
letter-probability matrix: alength= 4 w= 9 
 0.06464041 0.05222603 0.62457192 0.25856164
 0.33005137 0.41267123 0.20462329 0.05265411
 0.01583904 0.58604452 0.3822774  0.01583904
 0.25898973 0.02440068 0.11643836 0.60017123
 0.20890411 0.25299658 0.21318493 0.32491438
 0.41053082 0.24657534 0.03767123 0.3052226 
 0.14811644 0.0744863  0.20462329 0.57277397
 0.56849315 0.16438356 0.18236301 0.08476027
 0.56806507 0.15410959 0.13613014 0.14169521

MOTIF human_l3_f_208
letter-probability matrix: alength= 4 w= 9 
 0.24213151 0.19071362 0.23589903 0.33125584
 0.10782175 0.09348707 0.01277657 0.78591462
 0.54035525 0.01495793 0.20286694 0.24181988
 0.29074478 0.07447803 0.60330321 0.03147398
 0.0595201  0.09348707 0.02711125 0.81988158
 0.64599564 0.0648177  0.24649423 0.04269243
 0.5515737  0.03739483 0.39732004 0.01371144
 0.25833593 0.15768152 0.22997819 0.35400436
 0.22997819 0.12901215 0.20691804 0.43409162

MOTIF human_l3_f_211
letter-probability matrix: alength= 4 w= 9 
 0.49105522 0.06611356 0.05548354 0.38734768
 0.04433498 0.02514908 0.20948924 0.7210267 
 0.12522686 0.00259269 0.21856365 0.6536168 
 0.03370495 0.03240861 0.42286751 0.51101893
 0.05418719 0.03007519 0.20326679 0.71247083
 0.16515426 0.07466943 0.213119   0.5470573 
 0.37490277 0.0233342  0.13585688 0.46590614
 0.15867254 0.08711434 0.16670988 0.58750324
 0.11044854 0.12056002 0.24760176 0.52138968

MOTIF human_l3_f_212
letter-probability matrix: alength= 4 w= 9 
 0.23084703 0.388622   0.12187105 0.25865992
 0.58078382 0.17117573 0.08672566 0.16131479
 0.07079646 0.08445006 0.06093552 0.78381795
 0.01441214 0.16283186 0.00151707 0.82123894
 0.14690265 0.13375474 0.03615676 0.68318584
 0.24652339 0.41390645 0.04020228 0.29936789
 0.50973451 0.082933   0.37850822 0.02882427
 0.16106195 0.09279393 0.20960809 0.53653603
 0.1380531  0.10998736 0.32768647 0.42427307

MOTIF human_l3_f_214
letter-probability matrix: alength= 4 w= 9 
 0.41165942 0.17463564 0.11608284 0.29762209
 0.38736896 0.04321145 0.32523651 0.24418307
 0.3349527  0.1030427  0.23830222 0.32370238
 0.04602403 0.01764255 0.6509844  0.28534902
 0.1615955  0.01048325 0.78547686 0.04244439
 0.61007415 0.00971619 0.32114549 0.05906418
 0.56839683 0.05804142 0.17207875 0.201483  
 0.22654053 0.06110969 0.21452314 0.49782664
 0.31884429 0.12094094 0.13219126 0.42802352

MOTIF human_l3_f_215
letter-probability matrix: alength= 4 w= 9 
 0.3915547  0.09377571 0.21113244 0.30353715
 0.13435701 0.22155196 0.03948451 0.60460653
 0.16616397 0.06114615 0.29914999 0.4735399 
 0.53413765 0.00520976 0.04771045 0.41294214
 0.39978064 0.02166164 0.03811352 0.5404442 
 0.02111324 0.00356457 0.50671785 0.46860433
 0.23361667 0.22758432 0.04990403 0.48889498
 0.03838772 0.3644091  0.21497121 0.38223197
 0.27995613 0.21990677 0.1617768  0.3383603 

MOTIF human_l3_f_219
letter-probability matrix: alength= 4 w= 9 
 0.09645972 0.13288866 0.14135454 0.62929708
 0.36326321 0.09543356 0.21857363 0.3227296 
 0.54797332 0.12006157 0.20985121 0.1221139 
 0.11185223 0.02180605 0.02077989 0.84556183
 0.6834274  0.00590046 0.2067727  0.10389944
 0.44150847 0.07106208 0.43919959 0.04822986
 0.21446896 0.10441252 0.11056952 0.570549  
 0.33427399 0.11108261 0.31477681 0.2398666 
 0.49717804 0.12621857 0.17290918 0.2036942 

MOTIF human_l3_f_220
letter-probability matrix: alength= 4 w= 9 
 0.30819181 0.14735265 0.08391608 0.46053946
 0.32667333 0.07242757 0.25674326 0.34415584
 0.09965035 0.30294705 0.12762238 0.46978022
 0.44805195 0.23876124 0.04170829 0.27147852
 0.35064935 0.17607393 0.31968032 0.1535964 
 0.1545954  0.004995   0.17607393 0.66433566
 0.15509491 0.01198801 0.27922078 0.5536963 
 0.67182817 0.15784216 0.02847153 0.14185814
 0.0541958  0.17332667 0.12962038 0.64285714

MOTIF human_l3_f_222
letter-probability matrix: alength= 4 w= 9 
 0.28614916 0.15677321 0.16286149 0.39421613
 0.23173516 0.27777778 0.23059361 0.25989346
 0.07077626 0.02130898 0.01445967 0.8934551 
 5.23211568e-01 3.80517504e-04 3.65296804e-01 1.11111111e-01
 0.64916286 0.00989346 0.24200913 0.09893455
 0.07762557 0.02245053 0.11111111 0.78881279
 0.49847793 0.00342466 0.49581431 0.00228311
 0.75532725 0.02511416 0.20205479 0.01750381
 0.28805175 0.13127854 0.26331811 0.3173516 

MOTIF human_l3_f_226
letter-probability matrix: alength= 4 w= 9 
 0.80701145 0.03401597 0.15758417 0.00138841
 0.72023603 0.0610899  0.00590073 0.21277334
 0.40576189 0.06837904 0.47657064 0.04928844
 0.37348143 0.37278723 0.12877473 0.12495661
 0.45539743 0.00867754 0.1423117  0.39361333
 7.44880250e-01 2.11037834e-01 4.37348143e-02 3.47101701e-04
 0.6726831  0.13745227 0.16487331 0.02499132
 0.44324887 0.18674072 0.13606387 0.23394655
 0.33113502 0.08399861 0.163832   0.42103436

MOTIF human_l3_f_227
letter-probability matrix: alength= 4 w= 9 
 0.24740648 0.19899403 0.21848475 0.33511474
 0.33700094 0.21156869 0.15089594 0.30053442
 0.65451116 0.00723043 0.00817353 0.33008488
 0.20465262 0.33291418 0.17918893 0.28324426
 0.01005973 0.42816724 0.16064131 0.40113172
 0.03961019 0.38824269 0.09462433 0.47752279
 0.00502986 0.26815467 0.45646023 0.27035523
 0.24457718 0.56491669 0.09273813 0.097768  
 0.08204967 0.44325684 0.09651053 0.37818296

MOTIF human_l3_f_230
letter-probability matrix: alength= 4 w= 9 
 0.31643357 0.15884116 0.0974026  0.42732268
 0.26148851 0.05769231 0.35739261 0.32342657
 0.01448551 0.07017982 0.28221778 0.63311688
 0.20529471 0.11313686 0.07792208 0.60364635
 0.00924076 0.39210789 0.0999001  0.49875125
 0.41908092 0.252997   0.0457043  0.28221778
 0.00974026 0.08466533 0.01373626 0.89185814
 0.04445554 0.00924076 0.48276723 0.46353646
 0.15984016 0.19005994 0.41308691 0.23701299

MOTIF human_l3_f_232
letter-probability matrix: alength= 4 w= 9 
 0.12637363 0.02297702 0.03921079 0.81143856
 0.19330669 0.01823177 0.3518981  0.43656344
 0.00124875 0.03296703 0.01248751 0.9532967 
 0.07567433 0.00824176 0.03996004 0.87612388
 0.31343656 0.05294705 0.08416583 0.54945055
 0.61538462 0.26323676 0.01048951 0.11088911
 6.19380619e-02 2.49750250e-04 1.49850150e-03 9.36313686e-01
 0.18381618 0.19230769 0.17907093 0.44480519
 0.25424575 0.03596404 0.27622378 0.43356643

MOTIF human_l3_f_233
letter-probability matrix: alength= 4 w= 9 
 0.03564815 0.21203704 0.34444444 0.40787037
 0.05       0.33287037 0.00185185 0.61527778
 2.49074074e-01 4.62962963e-04 5.58796296e-01 1.91666667e-01
 2.31481481e-03 6.28703704e-01 4.62962963e-04 3.68518519e-01
 0.07175926 0.75046296 0.0875     0.09027778
 0.00509259 0.87777778 0.03194444 0.08518519
 0.35972222 0.23287037 0.16944444 0.23796296
 0.31712963 0.32222222 0.12037037 0.24027778
 0.16666667 0.15046296 0.38842593 0.29444444

MOTIF human_l3_f_234
letter-probability matrix: alength= 4 w= 9 
 0.32407875 0.05350833 0.22034326 0.40206966
 0.08707723 0.06284705 0.39348814 0.45658758
 0.05527511 0.01514387 0.03962645 0.88995457
 0.06108026 0.00075719 0.6590106  0.27915194
 0.00681474 0.44472489 0.00277638 0.545684  
 0.03710247 0.16784452 0.04820798 0.74684503
 0.37253912 0.38086825 0.06461383 0.1819788 
 0.25769813 0.1819788  0.06612822 0.49419485
 0.35865724 0.04946996 0.1130742  0.47879859

MOTIF human_l3_f_236
letter-probability matrix: alength= 4 w= 9 
 0.66008991 0.07967033 0.12687313 0.13336663
 0.12637363 0.1003996  0.54595405 0.22727273
 0.23026973 0.18231768 0.16133866 0.42607393
 0.000999   0.33941059 0.01648352 0.64310689
 0.08641359 0.10689311 0.12687313 0.67982018
 0.46428571 0.23376623 0.19005994 0.11188811
 0.30569431 0.1466034  0.1510989  0.3966034 
 0.28921079 0.02372627 0.25724276 0.42982018
 0.29645355 0.14835165 0.40034965 0.15484515

MOTIF human_l3_f_243
letter-probability matrix: alength= 4 w= 9 
 0.23056653 0.60737813 0.10737813 0.05467721
 0.87351779 0.09881423 0.00658762 0.02108037
 0.1916996  0.1916996  0.23188406 0.38471673
 6.58761528e-04 2.96442688e-02 2.30566535e-02 9.46640316e-01
 0.0171278  0.02371542 0.26086957 0.69828722
 0.01646904 0.05072464 0.43083004 0.50197628
 0.13438735 0.04347826 0.82081686 0.00131752
 0.26943347 0.28722003 0.10342556 0.33992095
 0.13768116 0.2259552  0.28524374 0.35111989

MOTIF human_l3_f_244
letter-probability matrix: alength= 4 w= 9 
 0.24844961 0.2875969  0.11434109 0.3496124 
 0.5        0.1379845  0.27054264 0.09147287
 0.42596899 0.11317829 0.42713178 0.03372093
 0.02248062 0.18023256 0.00232558 0.79496124
 0.50348837 0.14031008 0.33527132 0.02093023
 0.84224806 0.05271318 0.10387597 0.00116279
 0.06472868 0.45697674 0.20271318 0.2755814 
 0.23294574 0.56782946 0.04224806 0.15697674
 0.32635659 0.20736434 0.17751938 0.28875969

MOTIF human_l3_f_245
letter-probability matrix: alength= 4 w= 9 
 0.15961732 0.45216516 0.20745217 0.18076536
 0.54330312 0.16666667 0.14753273 0.14249748
 0.27744209 0.5040282  0.21097684 0.00755287
 0.01158107 0.59466264 0.06294058 0.33081571
 0.06042296 0.58610272 0.02819738 0.32527694
 0.01409869 0.66968781 0.01258812 0.30362538
 0.12336354 0.58308157 0.20191339 0.09164149
 0.1591138  0.74420947 0.03021148 0.06646526
 0.3388721  0.15206445 0.34390735 0.16515609

MOTIF human_l3_f_247
letter-probability matrix: alength= 4 w= 9 
 0.1783931  0.16205175 0.27235588 0.38719927
 0.07489787 0.21970041 0.60009079 0.10531094
 0.17748525 0.3499773  0.36177939 0.11075806
 0.16931457 0.25692238 0.48842488 0.08533818
 0.30685429 0.08443032 0.27190195 0.33681344
 5.66500227e-01 4.53926464e-04 9.62324103e-02 3.36813436e-01
 0.08443032 0.01180209 0.13163867 0.77212892
 0.21697685 0.12573763 0.01679528 0.64049024
 0.39219246 0.19155697 0.17748525 0.23876532

MOTIF human_l3_f_248
letter-probability matrix: alength= 4 w= 9 
 0.17003288 0.27336778 0.30295914 0.25364021
 0.08924378 0.22733678 0.230155   0.45326444
 0.42602161 0.11554721 0.10756224 0.35086895
 0.40347581 0.15922969 0.12024425 0.31705026
 4.69704086e-04 3.89854392e-02 1.69093471e-02 9.43635510e-01
 0.49694692 0.12963833 0.26773133 0.10568342
 4.69704086e-04 5.18553311e-01 1.46547675e-01 3.34429310e-01
 0.03240958 0.0117426  0.1836543  0.77219352
 0.13010803 0.06716768 0.57632691 0.22639737

MOTIF human_l3_f_251
letter-probability matrix: alength= 4 w= 9 
 0.09895646 0.30946384 0.30694494 0.28463476
 0.03922274 0.61245052 0.00323858 0.34508816
 0.37063692 0.16588701 0.32745592 0.13602015
 0.00719683 0.02087082 0.71176682 0.26016553
 0.00287873 0.28895286 0.01151493 0.69665347
 0.07952501 0.26412379 0.19251529 0.46383591
 0.03166607 0.02123066 0.34796689 0.59913638
 0.79560993 0.13673983 0.00467794 0.06297229
 0.09679741 0.07808564 0.28139619 0.54372076

MOTIF human_l3_f_252
letter-probability matrix: alength= 4 w= 9 
 0.05047319 0.14998566 0.14597075 0.6535704 
 0.2136507  0.06911385 0.35933467 0.35790077
 0.31746487 0.32721537 0.05878979 0.29652997
 0.51161457 0.18583309 0.14338973 0.1591626 
 0.65070261 0.0642386  0.10123315 0.18382564
 0.24921136 0.26182965 0.10094637 0.38801262
 0.4301692  0.05506166 0.07915113 0.43561801
 0.63062805 0.03498709 0.24204187 0.09234299
 0.56495555 0.01204474 0.22426154 0.19873817

MOTIF human_l3_f_253
letter-probability matrix: alength= 4 w= 9 
 0.28924363 0.16609654 0.21056632 0.3340935 
 0.2041049  0.26947929 0.25161536 0.27480046
 5.96731281e-02 1.14025086e-03 3.80083618e-04 9.38806537e-01
 5.12732801e-01 3.80083618e-04 4.34435576e-01 5.24515393e-02
 7.05055112e-01 3.80083618e-04 2.71759787e-01 2.28050171e-02
 0.1577347  0.02014443 0.08779932 0.73432155
 0.52375523 0.08399848 0.31394907 0.07829723
 0.74648423 0.03268719 0.20220448 0.0186241 
 0.24857469 0.13759027 0.11744584 0.49638921

MOTIF human_l3_f_254
letter-probability matrix: alength= 4 w= 9 
 0.34655776 0.13146636 0.16491637 0.35705951
 0.14585764 0.15869312 0.21742513 0.47802412
 0.1470245  0.12485414 0.34694671 0.38117464
 3.88953715e-04 3.88953715e-04 3.88953715e-04 9.98833139e-01
 6.58109685e-01 3.88953715e-04 3.41112408e-01 3.88953715e-04
 9.90276157e-01 3.88953715e-04 8.94593543e-03 3.88953715e-04
 0.22753792 0.21197977 0.0361727  0.52430961
 0.19642163 0.10540646 0.05017503 0.64799689
 0.05406457 0.10696227 0.1462466  0.69272657

MOTIF human_l3_f_255
letter-probability matrix: alength= 4 w= 9 
 0.72929653 0.01424755 0.1300089  0.12644702
 0.1682992  0.12021371 0.15761354 0.55387355
 0.0445236  0.34461264 0.52537845 0.08548531
 0.64915405 0.17987533 0.04007124 0.13089938
 0.53873553 0.16384684 0.10952805 0.18788958
 0.42831701 0.42386465 0.07836153 0.06945681
 0.48441674 0.04986643 0.07569012 0.39002671
 0.41763134 0.05164737 0.02760463 0.50311665
 0.21015138 0.27871772 0.25734639 0.25378451
