MEME version 5.4.1

ALPHABET= ACGT

strands: + -

Background letter frequencies
A 0.25 C 0.25 G 0.25 T 0.25

MOTIF human_l3_f_6
letter-probability matrix: alength= 4 w= 9 
 0.02507578 0.29181593 0.0636539  0.6194544 
 0.51694682 0.1430146  0.17553045 0.16450813
 0.4028658  0.12675668 0.28024249 0.19013502
 0.14935244 0.04546707 0.1738771  0.63130339
 0.44778176 0.21934417 0.24910444 0.08376963
 0.5439515  0.03306696 0.28933591 0.13364563
 0.45108845 0.03334252 0.50950675 0.00606228
 0.27390466 0.41526591 0.02535134 0.28547809
 0.22953982 0.25930008 0.14880132 0.36235878

MOTIF human_l3_f_7
letter-probability matrix: alength= 4 w= 9 
 0.7726776  0.01748634 0.09617486 0.1136612 
 0.29180328 0.01967213 0.05136612 0.63715847
 0.11256831 0.0010929  0.72896175 0.15737705
 0.48852459 0.01202186 0.07650273 0.42295082
 0.1726776  0.01639344 0.0010929  0.80983607
 0.03825137 0.03715847 0.49508197 0.4295082 
 0.04699454 0.18142077 0.28196721 0.48961749
 0.18688525 0.16502732 0.26229508 0.38579235
 0.13114754 0.42404372 0.11693989 0.32786885

MOTIF human_l3_f_8
letter-probability matrix: alength= 4 w= 9 
 0.05875706 0.63389831 0.19322034 0.11412429
 0.49830508 0.16723164 0.28248588 0.0519774 
 0.4700565  0.01355932 0.5039548  0.01242938
 0.09830508 0.06553672 0.5920904  0.2440678 
 0.0259887  0.0519774  0.25875706 0.66327684
 0.17740113 0.03841808 0.51525424 0.26892655
 0.23050847 0.18983051 0.41129944 0.16836158
 0.11638418 0.00338983 0.41355932 0.46666667
 0.03050847 0.16836158 0.08248588 0.71864407

MOTIF human_l3_f_9
letter-probability matrix: alength= 4 w= 9 
 0.35224895 0.12029289 0.11532427 0.41213389
 0.21365063 0.08995816 0.44194561 0.25444561
 0.01725941 0.15611925 0.05543933 0.77118201
 0.09544979 0.60251046 0.00183054 0.30020921
 0.25366109 0.48535565 0.07845188 0.18253138
 0.31982218 0.36950837 0.05099372 0.25967573
 0.58786611 0.06380753 0.20449791 0.14382845
 0.67128661 0.16187238 0.11689331 0.0499477 
 0.54236402 0.05203975 0.08838912 0.31720711

MOTIF human_l3_f_11
letter-probability matrix: alength= 4 w= 9 
 0.25077662 0.3473595  0.24908218 0.1527817 
 0.23891556 0.14205027 0.24484609 0.37418808
 0.47020616 0.04546738 0.19514262 0.28918385
 0.05055069 0.09884213 0.18243434 0.66817283
 0.33888732 0.00960181 0.24202203 0.40948884
 8.72634849e-02 2.82406100e-04 5.56057611e-01 3.56396498e-01
 0.08076814 0.04094888 0.59983056 0.27845241
 0.07540243 0.1852584  0.70064953 0.03868964
 0.10307823 0.11211522 0.6066083  0.17819825

MOTIF human_l3_f_12
letter-probability matrix: alength= 4 w= 9 
 0.35788808 0.1593424  0.12835915 0.35441037
 0.12045526 0.63547265 0.07872273 0.16534935
 0.34713879 0.26715144 0.28959848 0.09611129
 0.25260828 0.18337022 0.54631679 0.01770471
 0.21024344 0.04932027 0.1052798  0.6351565 
 0.04900411 0.04110022 0.23363895 0.67625672
 0.0768258  0.1081252  0.41226684 0.40278217
 0.2247866  0.1650332  0.18969333 0.42048688
 0.50806197 0.16882706 0.19032564 0.13278533

MOTIF human_l3_f_13
letter-probability matrix: alength= 4 w= 9 
 0.2670068  0.03613946 0.59778912 0.09906463
 0.05569728 0.08418367 0.36394558 0.49617347
 4.08163265e-01 4.25170068e-04 5.65051020e-01 2.63605442e-02
 0.5880102  0.00127551 0.36734694 0.04336735
 0.06547619 0.02380952 0.49872449 0.4119898 
 0.30357143 0.12670068 0.1207483  0.44897959
 0.17772109 0.08205782 0.39285714 0.34736395
 0.51870748 0.16454082 0.21088435 0.10586735
 0.14328231 0.14965986 0.17602041 0.53103741

MOTIF human_l3_f_20
letter-probability matrix: alength= 4 w= 9 
 0.43295803 0.06678608 0.05808598 0.44216991
 0.11770727 0.51535312 0.07830092 0.28863869
 0.06064483 0.19165814 0.12026612 0.62743091
 2.19037871e-01 4.22466735e-01 2.55885363e-04 3.58239509e-01
 0.41274309 0.11617195 0.10568066 0.3654043 
 0.44524053 0.39943705 0.08367451 0.0716479 
 0.2778915  0.06653019 0.17093142 0.48464688
 0.31499488 0.0962129  0.16683726 0.42195496
 0.17195496 0.24411464 0.08981576 0.49411464

MOTIF human_l3_f_22
letter-probability matrix: alength= 4 w= 9 
 0.09615385 0.02692308 0.25128205 0.62564103
 0.02564103 0.24487179 0.12307692 0.60641026
 0.03589744 0.41666667 0.0025641  0.54487179
 0.08846154 0.3        0.00128205 0.61025641
 0.57692308 0.41282051 0.00128205 0.00897436
 0.22948718 0.22820513 0.00128205 0.54102564
 0.30384615 0.12820513 0.18974359 0.37820513
 0.86538462 0.04230769 0.0025641  0.08974359
 0.03846154 0.0025641  0.05128205 0.90769231

MOTIF human_l3_f_23
letter-probability matrix: alength= 4 w= 9 
 0.31745595 0.14785242 0.2464207  0.28827093
 0.06828194 0.20759912 0.06773128 0.65638767
 0.30011013 0.05396476 0.32764317 0.31828194
 2.75330396e-04 3.57929515e-03 1.18392070e-02 9.84306167e-01
 8.19933921e-01 2.75330396e-04 1.78964758e-01 8.25991189e-04
 5.64702643e-01 5.50660793e-04 4.34471366e-01 2.75330396e-04
 0.19410793 0.20704846 0.1657489  0.43309471
 0.38298458 0.2128304  0.1060022  0.29818282
 0.54019824 0.12747797 0.07874449 0.2535793 

MOTIF human_l3_f_26
letter-probability matrix: alength= 4 w= 9 
 0.39089522 0.0638352  0.18743642 0.35783316
 0.06790437 0.20523906 0.38046796 0.34638861
 0.24262462 0.10274669 0.00127162 0.65335707
 4.57782299e-01 2.54323499e-04 8.90132248e-03 5.33062055e-01
 0.00127162 0.017294   0.04170905 0.93972533
 5.08646999e-04 2.54323499e-04 3.15361139e-02 9.67700916e-01
 0.38758901 0.02670397 0.21566633 0.37004069
 0.03535097 0.20981689 0.04476094 0.71007121
 0.39445575 0.16251272 0.10223805 0.34079349

MOTIF human_l3_f_28
letter-probability matrix: alength= 4 w= 9 
 0.40228341 0.25050369 0.26729349 0.07991941
 0.57824043 0.10208193 0.06380121 0.25587643
 0.516454   0.12155809 0.06111484 0.30087307
 0.79717931 0.01141706 0.05574211 0.13566152
 0.53593015 0.02149093 0.23035594 0.21222297
 0.33982539 0.13364674 0.44459369 0.08193418
 0.5809268  0.01880457 0.08260578 0.31766286
 0.00402955 0.00335796 0.55137676 0.44123573
 0.15379449 0.09200806 0.38280725 0.37139019

MOTIF human_l3_f_31
letter-probability matrix: alength= 4 w= 9 
 0.57042957 0.06543457 0.22802198 0.13611389
 0.3971029  0.06268731 0.43506494 0.10514486
 0.15634366 0.17307692 0.1998002  0.47077922
 0.07492507 0.4020979  0.13036963 0.39260739
 0.14835165 0.23451548 0.14360639 0.47352647
 0.08991009 0.0531968  0.23051948 0.62637363
 0.53421578 0.02322677 0.21253746 0.23001998
 0.14060939 0.08416583 0.51423576 0.26098901
 0.09240759 0.10739261 0.56793207 0.23226773

MOTIF human_l3_f_32
letter-probability matrix: alength= 4 w= 9 
 0.2523391  0.44627162 0.23362631 0.06776297
 0.09668273 0.3580947  0.08137227 0.4638503 
 0.0649277  0.38162745 0.44173519 0.11170967
 2.83527077e-04 3.02806918e-01 1.13410831e-03 6.95775447e-01
 0.01219166 0.00170116 0.22682166 0.75928551
 0.07456762 0.02551744 0.46044797 0.43946697
 0.12191664 0.26538134 0.07286646 0.53983555
 0.35355826 0.15168699 0.20810887 0.28664587
 0.10121917 0.06747944 0.40544372 0.42585767

MOTIF human_l3_f_33
letter-probability matrix: alength= 4 w= 9 
 0.33084511 0.10557185 0.14556118 0.41802186
 0.0298587  0.09224207 0.28712343 0.59077579
 0.21727539 0.61370301 0.00159957 0.16742202
 0.80938416 0.07438017 0.07651293 0.03972274
 0.13889629 0.0543855  0.5601173  0.24660091
 0.17595308 0.20687817 0.14262863 0.47454012
 0.1444948  0.10797121 0.3193815  0.42815249
 0.1202346  0.46574247 0.09677419 0.31724873
 0.1085044  0.38469741 0.03492402 0.47187417

MOTIF human_l3_f_39
letter-probability matrix: alength= 4 w= 9 
 0.21687677 0.09724723 0.06817597 0.61770003
 0.12863391 0.14381271 0.0895292  0.63802418
 0.14406998 0.29920247 0.28968356 0.26704399
 0.01157705 0.34010805 0.18060201 0.46771289
 5.14535632e-04 1.57962439e-01 1.10625161e-02 8.30460509e-01
 0.01003344 0.24646257 0.07229226 0.67121173
 0.06611783 0.41214304 0.34525341 0.17648572
 0.03653203 0.28222279 0.02083869 0.66040648
 0.0439928  0.30897865 0.12503216 0.5219964 

MOTIF human_l3_f_40
letter-probability matrix: alength= 4 w= 9 
 0.09565435 0.08266733 0.17782218 0.64385614
 0.13836164 0.07317682 0.03296703 0.75549451
 0.18531469 0.10614386 0.25749251 0.45104895
 0.44205794 0.42857143 0.05669331 0.07267732
 0.61338661 0.26473526 0.07742258 0.04445554
 0.91108891 0.004995   0.08241758 0.0014985 
 0.39085914 0.13111888 0.32092907 0.15709291
 0.44030969 0.05444555 0.10464535 0.4005994 
 0.22177822 0.09115884 0.46103896 0.22602398

MOTIF human_l3_f_45
letter-probability matrix: alength= 4 w= 9 
 0.14582798 0.24082157 0.1563543  0.45699615
 0.12503209 0.00410783 0.2872914  0.58356868
 0.02053915 0.07471117 0.17663671 0.72811297
 0.06726573 0.00872914 0.57740693 0.3465982 
 0.13889602 0.03594352 0.1902439  0.63491656
 0.54428755 0.33786906 0.00308087 0.11476252
 0.08112965 0.06264442 0.18279846 0.67342747
 0.12297818 0.1042362  0.11424904 0.65853659
 0.20410783 0.13247754 0.46495507 0.19845956

MOTIF human_l3_f_46
letter-probability matrix: alength= 4 w= 9 
 0.35888945 0.17040245 0.23611819 0.23458991
 0.18492104 0.17473255 0.21497708 0.42536933
 0.1464595  0.18059093 0.25802343 0.41492613
 0.17524198 0.01732043 0.03362201 0.77381559
 0.2969944  0.16225166 0.19434539 0.34640856
 0.32654101 0.06647988 0.25802343 0.34895568
 0.07972491 0.0084055  0.06011207 0.85175751
 0.65028018 0.04355578 0.27661742 0.02954661
 0.66887417 0.03082017 0.27381559 0.02649007

MOTIF human_l3_f_51
letter-probability matrix: alength= 4 w= 9 
 0.58598228 0.09145388 0.20766024 0.1149036 
 0.17665451 0.02292861 0.32073997 0.47967692
 0.10422095 0.07998958 0.73006774 0.08572173
 0.81552892 0.05940594 0.09484106 0.03022408
 0.4119333  0.01589369 0.26315789 0.30901511
 0.58337676 0.00625326 0.27436165 0.13600834
 0.52866076 0.03439291 0.29364252 0.1433038 
 0.27540386 0.02813966 0.29624805 0.40020844
 0.26263679 0.07269411 0.34705576 0.31761334

MOTIF human_l3_f_56
letter-probability matrix: alength= 4 w= 9 
 0.48883375 0.29497519 0.12034739 0.09584367
 8.09863524e-01 5.86228288e-02 1.31203474e-01 3.10173697e-04
 0.7323201  0.02636476 0.23138958 0.00992556
 0.27760546 0.18424318 0.10235732 0.43579404
 0.44820099 0.0601737  0.0837469  0.40787841
 0.84274194 0.04466501 0.01923077 0.09336228
 0.02636476 0.06296526 0.08684864 0.82382134
 0.08684864 0.12934243 0.26271712 0.52109181
 0.21153846 0.32413151 0.1616005  0.30272953

MOTIF human_l3_f_60
letter-probability matrix: alength= 4 w= 9 
 0.60464535 0.17132867 0.19655345 0.02747253
 0.11338661 0.29395604 0.43356643 0.15909091
 0.4537962  0.14310689 0.06393606 0.33916084
 0.45829171 0.21778222 0.16408591 0.15984016
 0.57992008 0.29395604 0.06343656 0.06268731
 0.38036963 0.27897103 0.27322677 0.06743257
 0.78796204 0.15709291 0.03721279 0.01773227
 0.62962038 0.05994006 0.19705295 0.11338661
 0.32392607 0.06218781 0.51273726 0.10114885

MOTIF human_l3_f_62
letter-probability matrix: alength= 4 w= 9 
 0.12790698 0.5        0.15891473 0.21317829
 0.00387597 0.49224806 0.03100775 0.47286822
 0.42635659 0.01162791 0.55813953 0.00387597
 0.00387597 0.03875969 0.39147287 0.56589147
 0.0503876  0.51937984 0.00387597 0.42635659
 0.00387597 0.55426357 0.01550388 0.42635659
 0.00387597 0.51937984 0.0503876  0.42635659
 0.00387597 0.51937984 0.0503876  0.42635659
 0.32170543 0.40310078 0.27131783 0.00387597

MOTIF human_l3_f_63
letter-probability matrix: alength= 4 w= 9 
 0.43478261 0.51505017 0.00668896 0.04347826
 0.20735786 0.02006689 0.69230769 0.08026756
 0.80602007 0.1270903  0.05016722 0.01672241
 0.23076923 0.07692308 0.50501672 0.18729097
 0.30769231 0.16053512 0.02006689 0.51170569
 0.48160535 0.39130435 0.04013378 0.08695652
 0.0735786  0.44816054 0.24749164 0.23076923
 0.06354515 0.50167224 0.090301   0.34448161
 0.75585284 0.01337793 0.21404682 0.01672241

MOTIF human_l3_f_64
letter-probability matrix: alength= 4 w= 9 
 0.08793637 0.15819708 0.11047282 0.64339373
 0.09058772 0.11621741 0.18559434 0.60760053
 0.16659302 0.09102961 0.47459125 0.26778612
 0.06186478 0.3857711  0.20371189 0.34865223
 0.87582855 0.10340256 0.00353513 0.01723376
 4.41891295e-04 1.23729563e-02 2.96067167e-02 9.57578436e-01
 4.41891295e-04 4.41891295e-04 4.41891295e-04 9.98674326e-01
 0.04374724 0.01104728 0.92090146 0.02430402
 0.06186478 0.10737958 0.26425099 0.56650464

MOTIF human_l3_f_66
letter-probability matrix: alength= 4 w= 9 
 0.3125169  0.21681536 0.21005677 0.26061098
 0.62178967 0.12462828 0.23628008 0.01730197
 6.14220059e-01 4.75804271e-02 3.37929170e-01 2.70343336e-04
 0.18518519 0.05893485 0.01378751 0.74209246
 0.15490673 0.14193025 0.41389565 0.28926737
 0.28602325 0.07407407 0.48553663 0.15436604
 0.2557448  0.23844282 0.00054069 0.5052717 
 0.11002974 0.03487429 0.60421736 0.25087862
 0.12652068 0.19978373 0.17139768 0.50229792

MOTIF human_l3_f_67
letter-probability matrix: alength= 4 w= 9 
 0.42474916 0.01839465 0.12876254 0.42809365
 0.62541806 0.03344482 0.00167224 0.33946488
 0.01170569 0.05351171 0.1638796  0.77090301
 0.17391304 0.00167224 0.00167224 0.82274247
 0.01003344 0.1638796  0.73578595 0.090301  
 0.70234114 0.09364548 0.16722408 0.0367893 
 0.39130435 0.00501672 0.26086957 0.34280936
 0.87959866 0.03344482 0.06521739 0.02173913
 0.49331104 0.01839465 0.13712375 0.35117057

MOTIF human_l3_f_68
letter-probability matrix: alength= 4 w= 9 
 0.02418208 0.08357041 0.08783784 0.80440967
 0.1326458  0.11130868 0.1514936  0.60455192
 0.05476529 0.12731152 0.23826458 0.57965861
 0.31578947 0.29018492 0.21941679 0.17460882
 0.29587482 0.07539118 0.41820768 0.21052632
 0.02347084 0.0529872  0.74039829 0.18314367
 0.24502134 0.32396871 0.31721195 0.11379801
 0.09317212 0.10384068 0.31578947 0.48719772
 0.15860597 0.4071835  0.16998578 0.26422475

MOTIF human_l3_f_77
letter-probability matrix: alength= 4 w= 9 
 0.0608543  0.05792861 0.29637215 0.58484494
 0.00614394 0.08191925 0.16617905 0.74575775
 0.03540082 0.02896431 0.20713868 0.7284962 
 0.40433002 0.0842598  0.20421299 0.30719719
 0.09332943 0.374488   0.04622586 0.4859567 
 0.58864833 0.17203043 0.12053833 0.11878291
 0.04564073 0.1021065  0.55500293 0.29724985
 0.12902282 0.13838502 0.04564073 0.68695143
 0.15096548 0.1114687  0.35283792 0.38472791

MOTIF human_l3_f_88
letter-probability matrix: alength= 4 w= 9 
 0.09673259 0.27042132 0.07437661 0.55846948
 0.42347377 0.08340499 0.1616509  0.33147034
 0.67368874 0.10017197 0.17024936 0.05588994
 0.07523646 0.0094583  0.11650903 0.79879622
 0.42304385 0.06921754 0.01289768 0.49484093
 0.05116079 0.03568358 0.17196905 0.74118659
 0.03869304 0.00214961 0.03525365 0.9239037 
 0.65176268 0.07695615 0.26655202 0.00472915
 0.38822012 0.0094583  0.21883061 0.38349097

MOTIF human_l3_f_89
letter-probability matrix: alength= 4 w= 9 
 0.07482993 0.37792895 0.03023432 0.5170068 
 0.10254472 0.11060721 0.30486269 0.48198539
 0.19475939 0.47140338 0.17460317 0.15923406
 0.14915596 0.03779289 0.16074578 0.65230537
 0.13605442 0.2920131  0.2197027  0.35222978
 3.95565634e-02 5.25825145e-01 2.51952633e-04 4.34366339e-01
 0.1053162  0.07886117 0.04938272 0.76643991
 0.10758377 0.21466364 0.00629882 0.67145377
 0.23708743 0.28647014 0.19702696 0.27941547

MOTIF human_l3_f_90
letter-probability matrix: alength= 4 w= 9 
 0.41295547 0.06018893 0.40917679 0.11767881
 0.04129555 0.39190283 0.14331984 0.42348178
 0.07152497 0.27260459 0.03130904 0.6245614 
 0.00188934 0.03832659 0.88960864 0.07017544
 0.05425101 0.41754386 0.08582996 0.44237517
 0.04264507 0.00215924 0.01835358 0.93684211
 0.0879892  0.00377868 0.12631579 0.78191633
 0.06477733 0.32982456 0.07152497 0.53387314
 0.22321188 0.15681511 0.1757085  0.44426451

MOTIF human_l3_f_104
letter-probability matrix: alength= 4 w= 9 
 0.14361167 0.21126761 0.0860161  0.55910463
 0.26710262 0.03546278 0.52816901 0.16926559
 0.49522133 0.24220322 0.07872233 0.18385312
 0.68988934 0.07344064 0.1944165  0.04225352
 0.22183099 0.1639839  0.15417505 0.46001006
 0.08148893 0.28470825 0.06589537 0.56790744
 0.5        0.04225352 0.02917505 0.42857143
 0.13933602 0.27112676 0.20598592 0.38355131
 0.29300805 0.07444668 0.00729376 0.62525151

MOTIF human_l3_f_105
letter-probability matrix: alength= 4 w= 9 
 0.42346542 0.15773116 0.14193214 0.27687128
 0.27738928 0.17068117 0.07899508 0.47293447
 0.13727014 0.72830873 0.06500907 0.06941207
 0.27013727 0.48847449 0.08935509 0.15203315
 0.09194509 0.0976431  0.35146335 0.45894846
 2.46050246e-02 2.59000259e-04 3.51722352e-01 6.23413623e-01
 0.16083916 0.2999223  0.34136234 0.1978762 
 0.23439523 0.04869205 0.27039627 0.44651645
 0.35638436 0.13027713 0.14607615 0.36726237

MOTIF human_l3_f_106
letter-probability matrix: alength= 4 w= 9 
 0.21053946 0.24175824 0.07767233 0.47002997
 0.06443556 0.02147852 0.63886114 0.27522478
 0.1496004  0.15509491 0.0546953  0.64060939
 0.17932068 0.24350649 0.0497003  0.52747253
 0.03471528 0.02572428 0.01223776 0.92732268
 0.63461538 0.15934066 0.08741259 0.11863137
 0.43731269 0.07267732 0.08041958 0.40959041
 0.33141858 0.01473526 0.27322677 0.38061938
 0.63011988 0.0999001  0.11888112 0.1510989 

MOTIF human_l3_f_111
letter-probability matrix: alength= 4 w= 9 
 0.22829663 0.54745634 0.02404455 0.20020248
 0.70944065 0.13186535 0.12882814 0.02986586
 0.20248038 0.00885852 0.22399393 0.56466717
 0.11262971 0.01771703 0.03037206 0.83928119
 0.22298152 0.04935459 0.32953683 0.39812706
 0.06504682 0.12148823 0.19362187 0.61984308
 0.28828145 0.19514047 0.43254872 0.08402936
 0.36243989 0.12756264 0.21386991 0.29612756
 0.12300683 0.16628702 0.42925842 0.28144773

MOTIF human_l3_f_113
letter-probability matrix: alength= 4 w= 9 
 0.18081918 0.1048951  0.08991009 0.62437562
 0.05794206 0.01298701 0.4975025  0.43156843
 0.06093906 0.03496503 0.17882118 0.72527473
 0.000999   0.02197802 0.00799201 0.96903097
 0.02197802 0.001998   0.16083916 0.81518482
 0.000999   0.18981019 0.8031968  0.00599401
 0.07292707 0.16883117 0.00999001 0.74825175
 0.15384615 0.003996   0.55444555 0.28771229
 0.04195804 0.05494505 0.61038961 0.29270729

MOTIF human_l3_f_114
letter-probability matrix: alength= 4 w= 9 
 0.22693267 0.04582294 0.19233167 0.53491272
 0.31109726 0.07793017 0.04395262 0.56701995
 0.06608479 0.0180798  0.37157107 0.54426434
 0.13965087 0.02244389 0.82263092 0.01527431
 0.38996259 0.00872818 0.55548628 0.04582294
 0.7063591  0.01589776 0.20947631 0.06826683
 0.40399002 0.03273067 0.18952618 0.37375312
 0.42892768 0.08073566 0.14183292 0.34850374
 0.31390274 0.09600998 0.11907731 0.47100998

MOTIF human_l3_f_116
letter-probability matrix: alength= 4 w= 9 
 0.00817511 0.10021097 0.09968354 0.79193038
 0.05063291 0.13001055 0.52347046 0.29588608
 7.91139241e-04 4.53586498e-02 4.69409283e-02 9.06909283e-01
 0.04008439 0.0021097  0.10416667 0.85363924
 0.02874473 0.01160338 0.0846519  0.875     
 0.46993671 0.17563291 0.01977848 0.3346519 
 0.33860759 0.03612869 0.05986287 0.56540084
 0.15638186 0.22758439 0.12948312 0.48655063
 0.46466245 0.2964135  0.09256329 0.14636076

MOTIF human_l3_f_118
letter-probability matrix: alength= 4 w= 9 
 0.2788197  0.03575894 0.03700925 0.6484121 
 0.02225556 0.00900225 0.35883971 0.60990248
 0.0220055  0.01425356 0.20655164 0.7571893 
 0.06351588 0.01625406 0.02700675 0.89322331
 0.24231058 0.01575394 0.22805701 0.51387847
 0.11452863 0.09877469 0.13803451 0.64866217
 0.53788447 0.10077519 0.01500375 0.34633658
 0.05326332 0.00625156 0.10052513 0.83995999
 0.09602401 0.044011   0.11577894 0.74418605

MOTIF human_l3_f_121
letter-probability matrix: alength= 4 w= 9 
 0.51273726 0.03321678 0.21103896 0.24300699
 0.31918082 0.25074925 0.11013986 0.31993007
 0.10664336 0.08616384 0.31418581 0.49300699
 0.17507493 0.18906094 0.07117882 0.56468531
 0.05594406 0.4532967  0.16758242 0.32317682
 0.59140859 0.01223776 0.07092907 0.32542458
 0.43506494 0.06968032 0.07192807 0.42332667
 0.51448551 0.15959041 0.03671329 0.28921079
 0.44080919 0.23026973 0.20704296 0.12187812

MOTIF human_l3_f_135
letter-probability matrix: alength= 4 w= 9 
 0.45388289 0.04775069 0.40110581 0.09726062
 0.57753204 0.31540588 0.08117617 0.0258859 
 0.76752953 0.10831867 0.10379492 0.02035687
 0.92485549 0.02236743 0.04875597 0.00402111
 0.24151797 0.04096507 0.03644132 0.68107565
 0.19854235 0.06936416 0.13219402 0.59989947
 0.56798191 0.11812013 0.18069867 0.1331993 
 0.00527771 0.11912541 0.06282986 0.81276703
 0.12565971 0.15506409 0.54737371 0.17190249

MOTIF human_l3_f_142
letter-probability matrix: alength= 4 w= 9 
 0.10869565 0.08423913 0.66666667 0.14039855
 0.32789855 0.17210145 0.42391304 0.07608696
 0.75271739 0.0009058  0.24094203 0.00543478
 0.63677536 0.15036232 0.10235507 0.11050725
 0.17844203 0.41485507 0.00996377 0.39673913
 0.36413043 0.50452899 0.0009058  0.13043478
 0.39311594 0.16576087 0.0625     0.37862319
 0.47735507 0.04981884 0.23731884 0.23550725
 0.06612319 0.04981884 0.87681159 0.00724638

MOTIF human_l3_f_144
letter-probability matrix: alength= 4 w= 9 
 0.39325843 0.21223471 0.12234707 0.2721598 
 0.06242197 0.22222222 0.08114856 0.63420724
 0.01872659 0.39200999 0.00249688 0.58676654
 0.01123596 0.17478152 0.70162297 0.11235955
 0.04619226 0.56803995 0.02496879 0.360799  
 0.21348315 0.03245943 0.09238452 0.66167291
 0.60424469 0.12484395 0.02372035 0.24719101
 0.2184769  0.02372035 0.06117353 0.69662921
 0.16354557 0.09737828 0.0886392  0.65043695

MOTIF human_l3_f_148
letter-probability matrix: alength= 4 w= 9 
 0.15158371 0.05605832 0.09125189 0.70110608
 0.0115636  0.10532931 0.16365008 0.71945701
 0.03066868 0.00930116 0.644545   0.31548517
 0.16867773 0.00175968 0.08371041 0.74585219
 0.23152338 0.17621921 0.02061337 0.57164404
 0.28004022 0.41729512 0.09929613 0.20336853
 0.50980392 0.07139266 0.08345902 0.33534439
 0.48014077 0.14856712 0.06535948 0.30593263
 0.53242836 0.09426848 0.11714429 0.25615887

MOTIF human_l3_f_149
letter-probability matrix: alength= 4 w= 9 
 0.09459459 0.07154213 0.07525172 0.75861155
 0.02755697 0.06703763 0.20058294 0.70482247
 0.02278749 0.1263911  0.02676206 0.82405935
 0.40673026 0.1263911  0.28484367 0.18203498
 0.29703233 0.29941706 0.04292528 0.36062533
 0.45098039 0.05060943 0.18812931 0.31028087
 0.35214626 0.06279809 0.43163752 0.15341812
 0.72760996 0.02119767 0.04107048 0.21012189
 0.09618442 0.02888182 0.0336513  0.84128246

MOTIF human_l3_f_154
letter-probability matrix: alength= 4 w= 9 
 0.30437461 0.15095502 0.13616759 0.40850277
 6.16142945e-04 6.16142945e-04 6.16142945e-04 9.98151571e-01
 7.52926679e-01 6.16142945e-04 2.45841035e-01 6.16142945e-04
 0.58225508 0.00061614 0.41651263 0.00061614
 6.16142945e-04 5.54528651e-03 6.16142945e-04 9.93222428e-01
 0.6327788  0.00246457 0.36105977 0.00369686
 7.48613678e-01 2.46457178e-03 2.48305607e-01 6.16142945e-04
 0.30622304 0.10104744 0.1349353  0.45779421
 0.23783118 0.13801602 0.1879236  0.43622921

MOTIF human_l3_f_155
letter-probability matrix: alength= 4 w= 9 
 0.2217806  0.05670376 0.03338633 0.68812931
 0.20323264 0.08505564 0.06465289 0.64705882
 0.2872284  0.06968733 0.05484897 0.58823529
 6.12082671e-02 2.64970853e-04 4.67143614e-01 4.71383148e-01
 0.09671436 0.01033386 0.51695813 0.37599364
 0.20402756 0.13672496 0.28060413 0.37864335
 0.31240064 0.03683095 0.0082141  0.64255432
 0.10333863 0.02305246 0.01483837 0.85877054
 0.13195548 0.04372019 0.0590885  0.76523582

MOTIF human_l3_f_156
letter-probability matrix: alength= 4 w= 9 
 0.17240506 0.13291139 0.05746835 0.63721519
 0.02759494 0.20025316 0.28227848 0.48987342
 0.24734177 0.03974684 0.06734177 0.64556962
 0.10075949 0.15265823 0.22683544 0.51974684
 0.15544304 0.11316456 0.18151899 0.54987342
 0.16177215 0.03367089 0.06075949 0.74379747
 0.09341772 0.44582278 0.10050633 0.36025316
 0.04708861 0.13949367 0.22708861 0.58632911
 0.27822785 0.18151899 0.28658228 0.25367089

MOTIF human_l3_f_158
letter-probability matrix: alength= 4 w= 9 
 0.03010808 0.08131755 0.13252702 0.75604735
 0.22696861 0.12274833 0.04580546 0.60447761
 0.06767885 0.00694802 0.56459084 0.3607823 
 7.72002059e-04 2.57334020e-04 8.92949048e-02 9.09675759e-01
 0.10447761 0.10216161 0.36438497 0.42897581
 0.2753474  0.29464745 0.10679362 0.32321153
 0.06793618 0.04246011 0.08903757 0.80056613
 0.49305198 0.14204838 0.01389604 0.3510036 
 0.18373649 0.05429748 0.17421513 0.5877509 

MOTIF human_l3_f_163
letter-probability matrix: alength= 4 w= 9 
 0.52787896 0.0857383  0.19473242 0.19165032
 0.4614738  0.23816195 0.17371813 0.12664612
 0.508826   0.13224993 0.02829924 0.33062482
 0.19893528 0.03166153 0.38526198 0.38414122
 0.02521715 0.07649201 0.08601849 0.81227235
 0.16363127 0.14261698 0.62622583 0.06752592
 6.02409639e-02 2.80190530e-04 2.14625946e-01 7.24852900e-01
 0.37377417 0.08097506 0.02633791 0.51891286
 0.05239563 0.02717848 0.20481928 0.71560661

MOTIF human_l3_f_164
letter-probability matrix: alength= 4 w= 9 
 0.21853147 0.18656344 0.55044955 0.04445554
 0.44280719 0.17832168 0.0959041  0.28296703
 0.30394605 0.06468531 0.44605395 0.18531469
 0.13961039 0.14735265 0.0969031  0.61613387
 0.11063936 0.06168831 0.01548452 0.81218781
 0.13761239 0.04095904 0.27297702 0.54845155
 0.1043956  0.0044955  0.32042957 0.57067932
 0.43181818 0.05919081 0.25324675 0.25574426
 0.05819181 0.06668332 0.11113886 0.76398601

MOTIF human_l3_f_165
letter-probability matrix: alength= 4 w= 9 
 0.10229701 0.06623932 0.68696581 0.14449786
 0.18055556 0.17601496 0.10657051 0.53685897
 0.29887821 0.15918803 0.31089744 0.23103632
 0.13461538 0.1383547  0.08066239 0.64636752
 0.08840812 0.40945513 0.29086538 0.21127137
 0.10844017 0.34535256 0.14529915 0.40090812
 0.00347222 0.60924145 0.06784188 0.31944444
 0.16639957 0.45833333 0.03952991 0.33573718
 0.20566239 0.59989316 0.07398504 0.1204594 

MOTIF human_l3_f_169
letter-probability matrix: alength= 4 w= 9 
 0.09425287 0.3        0.28333333 0.32241379
 0.32298851 0.23678161 0.32643678 0.1137931 
 0.0862069  0.3137931  0.27356322 0.32643678
 0.22241379 0.32931034 0.2591954  0.18908046
 5.74712644e-04 5.74712644e-04 5.74712644e-04 9.98275862e-01
 1.94827586e-01 5.74712644e-04 8.04022989e-01 5.74712644e-04
 8.71264368e-01 5.74712644e-04 1.27586207e-01 5.74712644e-04
 0.3637931  0.1545977  0.20229885 0.27931034
 0.07816092 0.11321839 0.53275862 0.27586207

MOTIF human_l3_f_170
letter-probability matrix: alength= 4 w= 9 
 0.13776847 0.05552645 0.08852803 0.71817706
 0.47223677 0.05788371 0.3297538  0.14012572
 0.55578837 0.05893138 0.26322682 0.12205343
 0.15400733 0.04688318 0.06416972 0.73493976
 0.47983237 0.05133578 0.29491881 0.17391304
 0.52802514 0.07936092 0.26767941 0.12493452
 0.12545836 0.05369303 0.05264536 0.76820325
 0.57700367 0.04871661 0.26322682 0.11105291
 0.5699319  0.0547407  0.27265584 0.10267156

MOTIF human_l3_f_171
letter-probability matrix: alength= 4 w= 9 
 0.25263899 0.16608023 0.14778325 0.43349754
 0.19985925 0.41871921 0.15059817 0.23082336
 0.81280788 0.11963406 0.04292752 0.02463054
 0.40534835 0.15411682 0.15482055 0.28571429
 0.42575651 0.25545391 0.14004222 0.17874736
 0.63617171 0.20267417 0.12948628 0.03166784
 2.53342716e-01 7.03729768e-04 7.03729768e-03 7.38916256e-01
 0.10837438 0.01196341 0.72413793 0.15552428
 0.11541168 0.03729768 0.71991555 0.12737509

MOTIF human_l3_f_172
letter-probability matrix: alength= 4 w= 9 
 0.49046154 0.064      0.16738462 0.27815385
 0.19753846 0.16861538 0.01169231 0.62215385
 0.51569231 0.16615385 0.26584615 0.05230769
 0.07076923 0.20123077 0.06892308 0.65907692
 0.15876923 0.03446154 0.48861538 0.31815385
 4.24615385e-02 8.96615385e-01 6.15384615e-04 6.03076923e-02
 0.71815385 0.03692308 0.04061538 0.20430769
 0.208      0.184      0.35076923 0.25723077
 0.54707692 0.18276923 0.03384615 0.23630769

MOTIF human_l3_f_174
letter-probability matrix: alength= 4 w= 9 
 0.40874393 0.10131853 0.27619709 0.21374046
 0.32477446 0.18043026 0.37196391 0.12283137
 0.50798057 0.27342124 0.18528799 0.0333102 
 0.82234559 0.12907703 0.00208189 0.04649549
 0.5593338  0.05065926 0.07494795 0.31505899
 0.35461485 0.00069396 0.23178348 0.4129077 
 6.93962526e-04 5.55170021e-03 1.37404580e-01 8.56349757e-01
 0.33310201 0.09784872 0.34281749 0.22623178
 2.09576683e-01 9.43789035e-02 6.95350451e-01 6.93962526e-04

MOTIF human_l3_f_176
letter-probability matrix: alength= 4 w= 9 
 0.06766917 0.14786967 0.01837928 0.76608187
 0.35588972 0.40434419 0.14202172 0.09774436
 0.19548872 0.03842941 0.09440267 0.6716792 
 0.16624896 0.00083542 0.267335   0.56558062
 0.08437761 0.00584795 0.19214703 0.7176274 
 0.39598997 0.11361738 0.48621554 0.00417711
 0.00083542 0.21971596 0.0342523  0.74519632
 0.13032581 0.0609858  0.14035088 0.66833751
 0.04177109 0.17794486 0.24394319 0.53634085

MOTIF human_l3_f_178
letter-probability matrix: alength= 4 w= 9 
 0.31196795 0.35077616 0.04656985 0.29068603
 0.22834251 0.33775663 0.02378568 0.41011517
 0.38632949 0.45092639 0.01777666 0.14496745
 0.56885328 0.32648973 0.03154732 0.07310966
 0.18177266 0.16424637 0.07711567 0.5768653 
 0.56009014 0.14096144 0.00075113 0.2981973 
 0.80971457 0.07110666 0.01076615 0.10841262
 0.21081622 0.38683025 0.03905859 0.36329494
 0.24887331 0.47996995 0.07110666 0.20005008

MOTIF human_l3_f_182
letter-probability matrix: alength= 4 w= 9 
 0.07384697 0.15542522 0.05891762 0.71181018
 0.23700347 0.05091975 0.13303119 0.57904559
 0.0298587  0.06878166 0.16342309 0.73793655
 3.73233804e-03 3.12450013e-01 2.66595575e-04 6.83551053e-01
 0.19168222 0.07411357 0.13782991 0.5963743 
 0.01386297 0.14369501 0.36816849 0.47427353
 2.66595575e-04 1.08504399e-01 1.86616902e-03 8.89362837e-01
 0.00986404 0.11783524 0.03758998 0.83471074
 0.02639296 0.05545188 0.01839509 0.89976006

MOTIF human_l3_f_184
letter-probability matrix: alength= 4 w= 9 
 0.56375071 0.11978273 0.06603774 0.25042882
 0.24899943 0.05860492 0.35620354 0.33619211
 0.07690109 0.09176672 0.16266438 0.66866781
 0.1841052  0.3273299  0.30931961 0.17924528
 6.46941109e-01 2.85877644e-04 3.52487136e-01 2.85877644e-04
 0.39279588 0.15208691 0.37392796 0.08118925
 0.35620354 0.23041738 0.37278445 0.04059463
 0.80102916 0.04488279 0.06546598 0.08862207
 0.21926815 0.067753   0.17095483 0.54202401

MOTIF human_l3_f_195
letter-probability matrix: alength= 4 w= 9 
 4.24989375e-04 1.01997450e-02 4.24989375e-04 9.88950276e-01
 4.64938377e-01 4.24989375e-04 5.25711857e-01 8.92477688e-03
 0.84657884 0.00637484 0.13769656 0.00934977
 0.41011475 0.11559711 0.32681683 0.14747131
 0.32341691 0.14959626 0.1920952  0.33489163
 0.0879728  0.1678708  0.15639609 0.58776031
 0.01232469 0.30046749 0.23671908 0.45048874
 0.27241819 0.25414365 0.25159371 0.22184445
 0.08584785 0.16489588 0.1440714  0.60518487

MOTIF human_l3_f_203
letter-probability matrix: alength= 4 w= 9 
 0.32367632 0.12262737 0.38461538 0.16908092
 0.251998   0.15784216 0.29020979 0.29995005
 0.07417582 0.56743257 0.00274725 0.35564436
 0.62737263 0.1033966  0.24150849 0.02772228
 0.15934066 0.32992008 0.12537463 0.38536464
 0.15784216 0.00474525 0.22902098 0.60839161
 0.33941059 0.03546454 0.29445554 0.33066933
 0.76623377 0.0034965  0.16858142 0.06168831
 0.29595405 0.05894106 0.53521479 0.10989011

MOTIF human_l3_f_207
letter-probability matrix: alength= 4 w= 9 
 0.37248841 0.18547141 0.17465224 0.26738794
 0.46213292 0.37867079 0.08037094 0.07882535
 0.50540958 0.06646059 0.30757342 0.12055641
 0.31993818 0.04636785 0.10664606 0.52704791
 0.2488408  0.02163833 0.38485317 0.3446677 
 0.72488408 0.03400309 0.20092736 0.04018547
 0.13446677 0.10819165 0.0324575  0.72488408
 0.05718702 0.08964451 0.76506955 0.08809892
 0.10046368 0.21329212 0.20092736 0.48531685

MOTIF human_l3_f_208
letter-probability matrix: alength= 4 w= 9 
 0.38017633 0.27918782 0.11434678 0.22628907
 0.5995191  0.07106599 0.26796687 0.06144804
 0.51375902 0.19422923 0.27170719 0.02030457
 0.20144269 0.01015228 0.19102324 0.59738178
 0.09698103 0.27197435 0.2492653  0.38177932
 0.12289607 0.00935079 0.05343308 0.81432006
 0.32246861 0.03232701 0.36628373 0.27892065
 0.39700775 0.03767032 0.34277318 0.22254876
 0.23563986 0.17606198 0.14613946 0.4421587 

MOTIF human_l3_f_212
letter-probability matrix: alength= 4 w= 9 
 0.1189665  0.26121522 0.10022714 0.51959114
 0.03435548 0.03634299 0.12265758 0.80664395
 0.00425894 0.16496309 0.15417376 0.6766042 
 2.83929585e-04 8.44974446e-01 2.83929585e-04 1.54457694e-01
 0.18171493 0.51646792 0.27995457 0.02186258
 2.91311755e-01 2.83929585e-04 1.37421919e-01 5.70982396e-01
 0.47359455 0.0653038  0.0451448  0.41595684
 0.0988075  0.25865985 0.17035775 0.4721749 
 0.30181715 0.17433277 0.17802385 0.34582624

MOTIF human_l3_f_214
letter-probability matrix: alength= 4 w= 9 
 0.26894129 0.16106372 0.25238334 0.31761164
 0.04365278 0.11766182 0.08956347 0.74912193
 2.50878073e-04 6.52282990e-02 1.38233818e-01 7.96287005e-01
 0.00827898 0.10311089 0.24184646 0.64676367
 0.07275464 0.08103362 0.34219769 0.50401405
 0.19342699 0.12518816 0.42247868 0.25890617
 0.4141997  0.06823884 0.02433517 0.49322629
 0.13095835 0.05343703 0.37606623 0.43953838
 0.0995986  0.08479679 0.27947817 0.53612644

MOTIF human_l3_f_215
letter-probability matrix: alength= 4 w= 9 
 0.32990836 0.07747848 0.29519578 0.29741738
 0.20494307 0.00722022 0.05942794 0.72840878
 0.03582338 0.04582061 0.03832269 0.88003332
 1.13301861e-01 5.55401277e-04 8.34768120e-01 5.13746182e-02
 0.05276312 0.06026104 0.00971952 0.87725632
 0.11163566 0.09886143 0.26409331 0.52540961
 2.77700639e-04 8.88642044e-03 8.33101916e-04 9.90002777e-01
 0.41432935 0.1294085  0.09302971 0.36323244
 0.20438767 0.01582894 0.2174396  0.56234379

MOTIF human_l3_f_217
letter-probability matrix: alength= 4 w= 9 
 0.6496004  0.04295704 0.21128871 0.09615385
 0.18031968 0.17132867 0.0994006  0.54895105
 0.46328671 0.03771229 0.27597403 0.22302697
 0.47802198 0.09665335 0.19230769 0.23301698
 0.08316683 0.03646354 0.07617383 0.8041958 
 0.65959041 0.18956044 0.10839161 0.04245754
 0.23376623 0.05844156 0.65034965 0.05744256
 0.16583417 0.08741259 0.15284715 0.59390609
 0.35014985 0.16433566 0.16633367 0.31918082

MOTIF human_l3_f_218
letter-probability matrix: alength= 4 w= 9 
 0.35513778 0.25160958 0.2093742  0.18387844
 0.33942828 0.46922483 0.01519444 0.17615246
 0.03862993 0.46999742 0.33556528 0.15580737
 0.51274788 0.03090394 0.12026783 0.33608035
 0.18130312 0.33608035 0.172547   0.31006953
 0.101983   0.55446819 0.04815864 0.29539016
 0.85809941 0.00952871 0.06644347 0.06592841
 0.09322689 0.07777492 0.54828741 0.28071079
 0.24439866 0.26474375 0.24542879 0.24542879

MOTIF human_l3_f_219
letter-probability matrix: alength= 4 w= 9 
 0.60653016 0.0481461  0.11566132 0.22966242
 0.75041505 0.04980631 0.07194245 0.12783619
 6.92307692e-01 3.15439956e-02 2.75594909e-01 5.53403431e-04
 0.58162701 0.03043719 0.02213614 0.36579967
 0.31267294 0.00276702 0.0320974  0.65246265
 0.45047039 0.12451577 0.00221361 0.42280022
 0.01881572 0.07969009 0.16436082 0.73713337
 0.42390703 0.07415606 0.33314887 0.16878805
 0.55617045 0.02490315 0.07194245 0.34698395

MOTIF human_l3_f_221
letter-probability matrix: alength= 4 w= 9 
 0.24993317 0.10932906 0.28040631 0.36033146
 0.19887731 0.26917936 0.27399091 0.25795242
 0.1499599  0.16974071 0.15851377 0.52178562
 0.32504678 0.07270783 0.20395616 0.39828923
 0.31087944 0.27773323 0.11146752 0.29991981
 2.67308206e-04 2.67308206e-04 2.67308206e-04 9.99198075e-01
 8.13953488e-01 2.67308206e-04 1.85511895e-01 2.67308206e-04
 7.47126437e-01 2.67308206e-04 2.52338947e-01 2.67308206e-04
 0.42288158 0.10906175 0.17802727 0.2900294 

MOTIF human_l3_f_222
letter-probability matrix: alength= 4 w= 9 
 0.67846281 0.089577   0.0815593  0.15040088
 0.6845452  0.01271772 0.03151783 0.27121924
 0.35001382 0.129389   0.03096489 0.48963229
 0.15261266 0.13740669 0.03566492 0.67431573
 0.03400608 0.28283108 0.23997788 0.44318496
 0.27647221 0.37185513 0.34144318 0.01022947
 0.06054741 0.04561792 0.3920376  0.50179707
 0.34780205 0.14183025 0.10782416 0.40254354
 0.04147083 0.05888858 0.16643627 0.73320431

MOTIF human_l3_f_224
letter-probability matrix: alength= 4 w= 9 
 0.03246753 0.56493506 0.03246753 0.37012987
 0.63636364 0.18181818 0.15584416 0.02597403
 0.83116883 0.12337662 0.00649351 0.03896104
 0.51948052 0.03896104 0.30519481 0.13636364
 0.52597403 0.18831169 0.03896104 0.24675325
 0.25974026 0.00649351 0.00649351 0.72727273
 0.00649351 0.00649351 0.48701299 0.5       
 0.00649351 0.00649351 0.74025974 0.24675325
 0.28571429 0.3961039  0.07142857 0.24675325

MOTIF human_l3_f_225
letter-probability matrix: alength= 4 w= 9 
 0.36935484 0.10887097 0.21935484 0.30241935
 0.1266129  0.02903226 0.10080645 0.74354839
 0.24596774 0.25806452 0.16774194 0.32822581
 8.06451613e-04 8.06451613e-04 8.06451613e-04 9.97580645e-01
 9.04838710e-01 8.06451613e-04 9.35483871e-02 8.06451613e-04
 9.77419355e-01 8.06451613e-04 2.09677419e-02 8.06451613e-04
 0.2983871  0.14112903 0.02258065 0.53790323
 0.01129032 0.00322581 0.03790323 0.94758065
 0.1516129  0.26532258 0.12096774 0.46209677

MOTIF human_l3_f_235
letter-probability matrix: alength= 4 w= 9 
 0.25197681 0.06642066 0.22746442 0.45413811
 0.14417501 0.07907222 0.03584607 0.74090669
 0.07564576 0.58065366 0.05007907 0.29362151
 0.08592514 0.04032683 0.00896152 0.86478651
 0.34264628 0.06773853 0.06931998 0.5202952 
 0.38060095 0.4298893  0.01660517 0.17290459
 0.39615182 0.05166052 0.11201898 0.44016869
 0.59488666 0.16051661 0.14364787 0.10094887
 0.41697417 0.04296257 0.46494465 0.07511861

MOTIF human_l3_f_238
letter-probability matrix: alength= 4 w= 9 
 0.29298246 0.15292398 0.15994152 0.39415205
 0.2005848  0.14444444 0.19005848 0.46491228
 0.11842105 0.10643275 0.04356725 0.73157895
 0.50730994 0.29502924 0.00994152 0.1877193 
 0.26520468 0.27309942 0.27426901 0.1874269 
 2.92397661e-04 2.33918129e-03 2.04678363e-03 9.95321637e-01
 5.30409357e-01 2.92397661e-04 4.60526316e-01 8.77192982e-03
 7.53216374e-01 2.92397661e-04 2.41228070e-01 5.26315789e-03
 0.33538012 0.06315789 0.19444444 0.40701754

MOTIF human_l3_f_241
letter-probability matrix: alength= 4 w= 9 
 0.40630473 0.23642732 0.08756567 0.26970228
 0.22767075 0.25744308 0.30998249 0.20490368
 0.97022767 0.01225919 0.00175131 0.01576182
 0.00350263 0.01926445 0.0262697  0.95096322
 0.00175131 0.02451839 0.95096322 0.02276708
 0.00175131 0.01926445 0.89316988 0.08581436
 0.08931699 0.72154116 0.18739054 0.00175131
 0.19789842 0.22591944 0.27670753 0.29947461
 0.16812609 0.36952715 0.36602452 0.09632224

MOTIF human_l3_f_243
letter-probability matrix: alength= 4 w= 9 
 0.39831159 0.08211819 0.13430545 0.38526477
 0.203121   0.03607061 0.08979279 0.67101561
 0.25786646 0.00179074 0.12586339 0.61447941
 0.06881555 0.06702481 0.06139678 0.80276285
 0.24328473 0.00972116 0.65643387 0.09056025
 0.05116398 0.11332822 0.11665388 0.71885393
 0.14760808 0.32233308 0.43540547 0.09465336
 0.0565362  0.17114351 0.13251471 0.63980558
 0.2184702  0.16270146 0.08467639 0.53415196

MOTIF human_l3_f_245
letter-probability matrix: alength= 4 w= 9 
 0.15279361 0.02394527 0.05416192 0.7690992 
 0.14937286 0.12457241 0.24401368 0.48204105
 0.74230331 0.0550171  0.04703535 0.15564424
 0.21579247 0.081813   0.3509122  0.35148233
 0.39766249 0.06470924 0.12941847 0.40820981
 0.47976055 0.32012543 0.14424173 0.05587229
 0.41704675 0.00570125 0.47377423 0.10347777
 0.50627138 0.07611174 0.22605473 0.19156214
 0.49030787 0.0695553  0.05473204 0.38540479

MOTIF human_l3_f_246
letter-probability matrix: alength= 4 w= 9 
 0.06571775 0.16444579 0.075106   0.69473047
 0.1865536  0.08933979 0.02543913 0.69866747
 0.116596   0.0984252  0.06208359 0.72289522
 0.25590551 0.18291944 0.06935191 0.49182314
 2.72562084e-03 3.02846760e-04 3.02846760e-04 9.96668686e-01
 5.09085403e-01 3.02846760e-04 9.08540279e-03 4.81526348e-01
 1.05693519e-01 3.02846760e-04 4.72743792e-01 4.21259843e-01
 0.17383404 0.01332526 0.09691096 0.71592974
 0.20230164 0.116596   0.12537856 0.5557238 

MOTIF human_l3_f_248
letter-probability matrix: alength= 4 w= 9 
 0.03845148 0.15380591 0.09678263 0.71095998
 0.15537536 0.10149098 0.20062778 0.54250589
 0.14308135 0.19251896 0.03348156 0.63091813
 6.63614962e-01 8.57964949e-02 2.61574680e-04 2.50326968e-01
 0.33743134 0.07062516 0.00444677 0.58749673
 0.1600837  0.44781585 0.0206644  0.37143604
 0.09155114 0.63798064 0.09992153 0.17054669
 0.27962333 0.37980643 0.09050484 0.25006539
 0.38059116 0.26209783 0.18990322 0.16740779

MOTIF human_l3_f_255
letter-probability matrix: alength= 4 w= 9 
 0.09171598 0.15088757 0.3091716  0.44822485
 0.00147929 0.3239645  0.03550296 0.63905325
 0.46301775 0.02514793 0.46301775 0.04881657
 0.35798817 0.27810651 0.09023669 0.27366864
 0.35502959 0.1760355  0.07988166 0.38905325
 0.63757396 0.02218935 0.21597633 0.12426036
 0.32100592 0.02810651 0.09023669 0.56065089
 0.04733728 0.02810651 0.65532544 0.26923077
 0.09763314 0.06804734 0.42455621 0.40976331
