MEME version 5.4.1

ALPHABET= ACGT

strands: + -

Background letter frequencies
A 0.25 C 0.25 G 0.25 T 0.25

MOTIF human_l3_f_1
letter-probability matrix: alength= 4 w= 9 
 0.49075924 0.06243756 0.08891109 0.35789211
 0.09015984 0.03021978 0.24150849 0.63811189
 0.001998   0.14310689 0.38236763 0.47252747
 0.01198801 0.03921079 0.04020979 0.90859141
 0.0521978  0.05644356 0.19655345 0.69480519
 0.10914086 0.01673327 0.17532468 0.6988012 
 0.13836164 0.13461538 0.1023976  0.62462537
 0.05769231 0.14635365 0.13936064 0.65659341
 0.08266733 0.06868132 0.248002   0.60064935

MOTIF human_l3_f_3
letter-probability matrix: alength= 4 w= 9 
 0.18412256 0.12423398 0.1908078  0.50083565
 0.01476323 0.04512535 0.22284123 0.71727019
 0.37771588 0.01754875 0.24066852 0.36406685
 0.09052925 0.1632312  0.07548747 0.67075209
 0.11448468 0.15069638 0.00083565 0.73398329
 0.32869081 0.00306407 0.00807799 0.66016713
 0.08523677 0.23091922 0.0281337  0.65571031
 0.16852368 0.06573816 0.29387187 0.4718663 
 0.27576602 0.0810585  0.35821727 0.28495822

MOTIF human_l3_f_5
letter-probability matrix: alength= 4 w= 9 
 0.15759241 0.12237762 0.36313686 0.35689311
 0.22377622 0.44505495 0.27072927 0.06043956
 0.29170829 0.23626374 0.39185814 0.08016983
 0.28121878 0.15384615 0.39885115 0.16608392
 0.16783217 0.06793207 0.10314685 0.66108891
 0.23651349 0.0024975  0.0516983  0.70929071
 0.06718282 0.17482517 0.36413586 0.39385614
 0.23301698 0.23376623 0.14210789 0.39110889
 0.27722278 0.04045954 0.21053946 0.47177822

MOTIF human_l3_f_7
letter-probability matrix: alength= 4 w= 9 
 0.30115533 0.1042362  0.14839538 0.44621309
 0.14890886 0.23928113 0.0097561  0.60205392
 0.16893453 0.01514763 0.03491656 0.78100128
 0.1478819  0.04390244 0.69961489 0.10860077
 0.05288832 0.52708601 0.01155327 0.4084724 
 0.06341463 0.31604621 0.03825417 0.58228498
 0.36765083 0.15532734 0.0169448  0.46007702
 0.37124519 0.06983312 0.12426187 0.43465982
 0.20795892 0.10038511 0.06957638 0.62207959

MOTIF human_l3_f_11
letter-probability matrix: alength= 4 w= 9 
 0.00950252 0.05002795 0.08077138 0.85969816
 0.03745109 0.11682504 0.19508105 0.65064282
 0.15455562 0.06679709 0.00754612 0.77110117
 0.21017328 0.0352152  0.6117943  0.14281722
 0.02766909 0.07210732 0.05058692 0.84963667
 2.79485746e-04 1.08999441e-02 1.54835103e-01 8.33985467e-01
 0.00866406 0.07126887 0.14393516 0.77613192
 0.02207937 0.0136948  0.83063164 0.13359419
 0.1039687  0.1489659  0.23476803 0.51229737

MOTIF human_l3_f_14
letter-probability matrix: alength= 4 w= 9 
 0.2042957  0.17357642 0.22677323 0.39535465
 0.07442557 0.19155844 0.11288711 0.62112887
 7.49250749e-04 2.79720280e-02 4.72027972e-02 9.24075924e-01
 0.0546953  0.13661339 0.1963037  0.61238761
 0.05344655 0.09665335 0.56518482 0.28471528
 0.04845155 0.00874126 0.30669331 0.63611389
 0.22177822 0.38036963 0.07992008 0.31793207
 3.12187812e-02 4.99500500e-04 2.85214785e-01 6.83066933e-01
 0.22577423 0.08116883 0.25674326 0.43631369

MOTIF human_l3_f_19
letter-probability matrix: alength= 4 w= 9 
 0.12077789 0.02661208 0.22313204 0.62947799
 0.04503582 0.02354145 0.13101331 0.80040942
 0.66018424 0.01842375 0.15660184 0.16479017
 0.17195496 0.39815763 0.02251791 0.4073695 
 0.02558854 0.34390993 0.44319345 0.18730809
 0.37871034 0.45445241 0.13510747 0.03172979
 0.10644831 0.20266121 0.06550665 0.62538383
 0.15967247 0.63868987 0.02763562 0.17400205
 0.40327533 0.26100307 0.18730809 0.14841351

MOTIF human_l3_f_20
letter-probability matrix: alength= 4 w= 9 
 0.07377049 0.3204918  0.25737705 0.34836066
 4.09836066e-04 5.45491803e-01 1.05327869e-01 3.48770492e-01
 0.12540984 0.34344262 0.27663934 0.2545082 
 0.27295082 0.11434426 0.31598361 0.29672131
 0.70409836 0.00368852 0.00327869 0.28893443
 3.77049180e-02 1.22950820e-03 4.09836066e-04 9.60655738e-01
 0.49467213 0.18442623 0.11065574 0.2102459 
 0.1704918  0.33032787 0.14303279 0.35614754
 0.13893443 0.28032787 0.21106557 0.36967213

MOTIF human_l3_f_21
letter-probability matrix: alength= 4 w= 9 
 0.13095939 0.3790465  0.23513832 0.2548558 
 0.29487934 0.04178929 0.49381989 0.16951148
 0.42613302 0.23072396 0.22160094 0.12154208
 0.03384344 0.5956445  0.23454974 0.13596233
 0.23778693 0.12213067 0.54885227 0.09123014
 0.23278399 0.45055915 0.16774573 0.14891112
 0.43113596 0.11742201 0.34049441 0.11094762
 0.54826368 0.19482048 0.0191289  0.23778693
 0.42701589 0.24455562 0.17981165 0.14861683

MOTIF human_l3_f_24
letter-probability matrix: alength= 4 w= 9 
 0.54121767 0.01212284 0.01751078 0.42914871
 0.61260776 0.08943966 0.05711207 0.24084052
 0.20878233 0.01804957 0.00835129 0.76481681
 5.38793103e-04 2.69396552e-04 1.99353448e-02 9.79256466e-01
 0.04525862 0.00646552 0.08001078 0.86826509
 2.26293103e-02 2.69396552e-04 2.13362069e-01 7.63739224e-01
 0.2424569  0.01346983 0.36584052 0.37823276
 0.29956897 0.08512931 0.03125    0.58405172
 0.09967672 0.00942888 0.05199353 0.83890086

MOTIF human_l3_f_26
letter-probability matrix: alength= 4 w= 9 
 0.16776533 0.20204351 0.51878708 0.11140409
 0.02109426 0.01153593 0.28345419 0.68391562
 0.05471325 0.00428477 0.39156229 0.54943968
 0.08141068 0.24324324 0.34970336 0.32564272
 0.33322347 0.11041529 0.35332894 0.2030323 
 0.11634806 0.19874753 0.2030323  0.48187212
 0.86123929 0.00263678 0.0471325  0.08899143
 0.10349374 0.36453527 0.17963085 0.35234015
 0.35168095 0.22841134 0.10711931 0.3127884 

MOTIF human_l3_f_27
letter-probability matrix: alength= 4 w= 9 
 0.63993949 0.26739788 0.06770045 0.02496218
 0.67435703 0.06316188 0.09909228 0.1633888 
 0.39826021 0.0790469  0.35665658 0.16603631
 0.00113464 0.40620272 0.06921331 0.52344932
 0.00416036 0.00907716 0.01966717 0.96709531
 0.00832073 0.00151286 0.84341906 0.14674735
 0.24357035 0.09720121 0.37216339 0.28706505
 0.23487141 0.09795764 0.0790469  0.58812405
 0.19440242 0.09909228 0.22995461 0.47655068

MOTIF human_l3_f_34
letter-probability matrix: alength= 4 w= 9 
 0.09920058 0.37790698 0.03415698 0.48873547
 0.16678779 0.34920058 0.07340116 0.41061047
 0.10210756 0.609375   0.18350291 0.10501453
 0.01744186 0.578125   0.14934593 0.25508721
 0.15443314 0.39462209 0.23110465 0.21984012
 0.03452035 0.85356105 0.01344477 0.09847384
 0.39571221 0.4662064  0.109375   0.0287064 
 0.16715116 0.3684593  0.32703488 0.13735465
 0.23037791 0.24454942 0.16860465 0.35646802

MOTIF human_l3_f_36
letter-probability matrix: alength= 4 w= 9 
 0.13782726 0.29792356 0.13782726 0.42642191
 0.21667168 0.55461932 0.09720132 0.13150767
 0.31778513 0.25579296 0.07372856 0.35269335
 0.40114354 0.42822751 0.14264219 0.02798676
 0.07884442 0.14535059 0.29792356 0.47788143
 0.13150767 0.2699368  0.09720132 0.5013542 
 0.53475775 0.09088173 0.02437556 0.34998495
 0.08937707 0.19440265 0.28077039 0.43544989
 0.09629853 0.67168221 0.10773398 0.12428528

MOTIF human_l3_f_38
letter-probability matrix: alength= 4 w= 9 
 0.2585752  0.08865435 0.1292876  0.52348285
 0.17308707 0.23166227 0.20527704 0.38997361
 0.37572559 0.04643799 0.02532982 0.5525066 
 0.57941953 0.2944591  0.10923483 0.01688654
 0.33350923 0.10976253 0.01002639 0.54670185
 2.37467018e-02 4.33245383e-01 5.27704485e-04 5.42480211e-01
 0.04327177 0.21424802 0.08601583 0.65646438
 0.00316623 0.05013193 0.58100264 0.36569921
 0.29498681 0.06174142 0.61688654 0.02638522

MOTIF human_l3_f_39
letter-probability matrix: alength= 4 w= 9 
 0.08816184 0.24725275 0.04270729 0.62187812
 0.03221778 0.01798202 0.68931069 0.26048951
 0.10564436 0.03771229 0.13686314 0.71978022
 0.00749251 0.12637363 0.2495005  0.61663337
 0.27047952 0.06643357 0.0969031  0.56618382
 0.36888112 0.18781219 0.01073926 0.43256743
 1.70079920e-01 2.34765235e-01 2.49750250e-04 5.94905095e-01
 0.12462537 0.43306693 0.07042957 0.37187812
 0.17032967 0.45954046 0.18581419 0.18431568

MOTIF human_l3_f_41
letter-probability matrix: alength= 4 w= 9 
 0.13834297 0.39306358 0.28246628 0.18612717
 0.27707129 0.01425819 0.29710983 0.41156069
 0.23468208 0.25510597 0.28901734 0.22119461
 0.13872832 0.63159923 0.038921   0.19075145
 0.19344894 0.2867052  0.08516378 0.43468208
 0.01926782 0.02736031 0.31368015 0.63969171
 0.26435453 0.04971098 0.19344894 0.49248555
 0.27976879 0.07090559 0.4743738  0.17495183
 0.07707129 0.23314066 0.22427746 0.4655106 

MOTIF human_l3_f_42
letter-probability matrix: alength= 4 w= 9 
 0.00306357 0.15292316 0.01174368 0.83226959
 0.02476385 0.18126117 0.09675772 0.69721726
 0.11156497 0.04595354 0.14296656 0.69951493
 0.61577738 0.00765892 0.03140158 0.34516211
 3.36992596e-02 2.55297421e-04 2.42532550e-02 9.41792188e-01
 8.42481491e-03 2.55297421e-04 3.99795762e-01 5.91524126e-01
 0.0594843  0.12152157 0.61833035 0.20066377
 0.20551442 0.04135818 0.1983661  0.5547613 
 0.23921368 0.06050549 0.19504723 0.5052336 

MOTIF human_l3_f_43
letter-probability matrix: alength= 4 w= 9 
 0.26188467 0.05963432 0.43516174 0.24331927
 0.04978903 0.23825598 0.37552743 0.33642757
 0.53980309 0.25822785 0.12011252 0.08185654
 3.63994374e-01 2.81293952e-04 2.85232068e-01 3.50492264e-01
 0.67510549 0.00562588 0.20168776 0.11758087
 0.22081575 0.05260197 0.23347398 0.4931083 
 0.35386779 0.04585091 0.37355837 0.22672293
 0.32911392 0.2374121  0.16202532 0.27144866
 0.29704641 0.04585091 0.15921238 0.4978903 

MOTIF human_l3_f_47
letter-probability matrix: alength= 4 w= 9 
 0.11613387 0.28296703 0.10739261 0.49350649
 0.254995   0.14535465 0.58191808 0.01773227
 0.001998   0.12112887 0.00674326 0.87012987
 2.49750250e-04 1.40109890e-01 2.99700300e-03 8.56643357e-01
 0.00924076 0.002997   0.17982018 0.80794206
 0.03971029 0.25649351 0.03521479 0.66858142
 0.11513487 0.02497502 0.39785215 0.46203796
 0.17457542 0.20404595 0.16733267 0.45404595
 0.09490509 0.21578422 0.16758242 0.52172827

MOTIF human_l3_f_49
letter-probability matrix: alength= 4 w= 9 
 0.28424305 0.08959835 0.30895984 0.31719876
 0.3069001  0.09783728 0.10968074 0.48558187
 0.47013388 0.21060762 0.16735324 0.15190525
 0.13800206 0.04943357 0.02986612 0.78269825
 0.01287333 0.13851699 0.03244078 0.8161689 
 6.17919670e-03 5.14933059e-04 2.21421215e-02 9.71163749e-01
 0.67250257 0.0046344  0.12409887 0.19876416
 7.92481977e-01 2.05973223e-03 2.04943357e-01 5.14933059e-04
 0.12564367 0.0669413  0.32698249 0.48043254

MOTIF human_l3_f_50
letter-probability matrix: alength= 4 w= 9 
 0.11045008 0.18520435 0.10010347 0.60424211
 0.17227108 0.0693223  0.25323332 0.50517331
 0.21857217 0.10967408 0.44231764 0.22943611
 0.22840145 0.01500259 0.47904811 0.27754785
 0.09674082 0.02897051 0.59363683 0.28065184
 0.33419555 0.0879462  0.06233833 0.51551992
 0.32152095 0.10967408 0.19736161 0.37144335
 0.42990171 0.01810657 0.46016555 0.09182618
 0.32255561 0.07708226 0.13450595 0.46585618

MOTIF human_l3_f_51
letter-probability matrix: alength= 4 w= 9 
 0.26199804 0.13565132 0.16944172 0.43290891
 0.12781587 0.00440744 0.0582762  0.80950049
 0.63418217 0.01371205 0.22575906 0.12634672
 0.36875612 0.00391773 0.57443683 0.05288932
 0.04407444 0.00342801 0.01273262 0.93976494
 0.78354554 0.00685602 0.20323213 0.00636631
 6.62095984e-01 4.89715965e-04 3.09990206e-01 2.74240940e-02
 0.35455436 0.1194907  0.15670911 0.36924584
 0.2115573  0.13222331 0.22135162 0.43486778

MOTIF human_l3_f_54
letter-probability matrix: alength= 4 w= 9 
 0.30936556 0.13534743 0.13353474 0.42175227
 1.38972810e-02 6.04229607e-04 1.20845921e-03 9.84290030e-01
 7.66767372e-01 6.04229607e-04 2.18126888e-01 1.45015106e-02
 0.59154079 0.00060423 0.40725076 0.00060423
 6.04229607e-04 6.04229607e-04 6.04229607e-04 9.98187311e-01
 6.83383686e-01 6.04229607e-04 3.15407855e-01 6.04229607e-04
 7.49244713e-01 6.04229607e-04 2.49546828e-01 6.04229607e-04
 0.27794562 0.09607251 0.12870091 0.49728097
 0.22296073 0.13595166 0.19939577 0.44169184

MOTIF human_l3_f_55
letter-probability matrix: alength= 4 w= 9 
 0.11163895 0.17814727 0.02850356 0.68171021
 0.6152019  0.09738717 0.18764846 0.09976247
 0.3847981  0.01900238 0.58669834 0.00950119
 0.24703088 0.08788599 0.2304038  0.43467933
 0.42042755 0.03087886 0.0023753  0.54631829
 0.17339667 0.11876485 0.42280285 0.28503563
 0.24703088 0.51543943 0.19952494 0.03800475
 0.18764846 0.68408551 0.11401425 0.01425178
 0.23990499 0.11638955 0.29453682 0.34916865

MOTIF human_l3_f_56
letter-probability matrix: alength= 4 w= 9 
 0.42057942 0.38236763 0.04795205 0.1491009 
 0.23926074 0.17707293 0.36963037 0.21403596
 0.02372627 0.4493007  0.05844156 0.46853147
 0.35789211 0.17782218 0.1491009  0.31518482
 0.1505994  0.12762238 0.40984016 0.31193806
 0.17607393 0.27697303 0.18306693 0.36388611
 0.1023976  0.52772228 0.04545455 0.32442557
 0.15859141 0.48076923 0.3001998  0.06043956
 0.23001998 0.48776224 0.09290709 0.18931069

MOTIF human_l3_f_57
letter-probability matrix: alength= 4 w= 9 
 0.03247597 0.07170694 0.22083658 0.67498051
 0.24603793 0.22785139 0.20031177 0.32579891
 0.34112757 0.16523772 0.15978176 0.33385295
 0.55676799 0.26812159 0.09664848 0.07846194
 0.49441413 0.04598597 0.12184983 0.33775006
 0.3790595  0.03325539 0.00831385 0.57937127
 0.41179527 0.00051962 0.25876851 0.3289166 
 0.32112237 0.14497272 0.08209925 0.45180566
 0.54065991 0.0233827  0.25123409 0.1847233 

MOTIF human_l3_f_60
letter-probability matrix: alength= 4 w= 9 
 0.26245085 0.13269987 0.19102228 0.413827  
 0.21035387 0.1595675  0.29325033 0.33682831
 0.0491481  0.04980341 0.15366972 0.74737877
 0.52752294 0.03243775 0.25982962 0.1802097 
 0.4593709  0.03636959 0.46690695 0.03735256
 0.0206422  0.03931848 0.06913499 0.87090433
 0.56258191 0.01933159 0.37090433 0.04718218
 0.73460026 0.00884666 0.21395806 0.04259502
 0.27948886 0.14941022 0.14121887 0.42988204

MOTIF human_l3_f_66
letter-probability matrix: alength= 4 w= 9 
 0.15934539 0.22394488 0.28509905 0.33161068
 0.5343095  0.08383577 0.29543497 0.08641975
 0.43956359 0.1857594  0.21762848 0.15704852
 0.32271031 0.18432386 0.23370657 0.25925926
 9.99138674e-01 2.87108814e-04 2.87108814e-04 2.87108814e-04
 2.87108814e-04 2.87108814e-04 2.87108814e-04 9.99138674e-01
 2.87108814e-04 2.87108814e-04 9.99138674e-01 2.87108814e-04
 0.13924777 0.22652885 0.26988229 0.36434109
 0.263853   0.12001148 0.31524548 0.30089004

MOTIF human_l3_f_68
letter-probability matrix: alength= 4 w= 9 
 0.46476762 0.04172914 0.36381809 0.12968516
 0.24337831 0.23213393 0.17966017 0.34482759
 0.28435782 0.18815592 0.19115442 0.33633183
 0.86756622 0.01924038 0.09970015 0.01349325
 0.12218891 0.0109945  0.00374813 0.86306847
 0.07546227 0.01524238 0.78735632 0.12193903
 0.47951024 0.04272864 0.27361319 0.20414793
 0.14317841 0.17541229 0.19565217 0.48575712
 0.17891054 0.14317841 0.43228386 0.24562719

MOTIF human_l3_f_71
letter-probability matrix: alength= 4 w= 9 
 0.3054371  0.22654584 0.34275053 0.12526652
 0.05836887 0.11513859 0.01705757 0.80943497
 0.05277186 0.09834755 0.58395522 0.26492537
 0.3869936  0.33662047 0.02185501 0.25453092
 0.15778252 0.1553838  0.31529851 0.37153518
 0.71108742 0.0847548  0.09195096 0.11220682
 0.2771855  0.23747335 0.20708955 0.2782516 
 0.23081023 0.30996802 0.26492537 0.19429638
 0.18976546 0.11007463 0.46375267 0.23640725

MOTIF human_l3_f_72
letter-probability matrix: alength= 4 w= 9 
 0.20515387 0.20990743 0.13460095 0.45033775
 0.27445584 0.20915687 0.19089317 0.32549412
 0.21015762 0.02651989 0.0365274  0.7267951 
 0.45859395 0.03577683 0.2752064  0.23042282
 0.50262697 0.13485114 0.22842132 0.13410058
 0.0365274 0.0202652 0.0020015 0.9412059
 0.58218664 0.00275206 0.32674506 0.08831624
 0.6822617  0.00075056 0.25719289 0.05979485
 0.33775331 0.08156117 0.24918689 0.33149862

MOTIF human_l3_f_76
letter-probability matrix: alength= 4 w= 9 
 0.08333333 0.13095238 0.21428571 0.57142857
 0.01190476 0.78571429 0.01190476 0.19047619
 0.01190476 0.01190476 0.96428571 0.01190476
 0.47619048 0.04761905 0.19047619 0.28571429
 0.11904762 0.01190476 0.79761905 0.07142857
 0.03571429 0.75       0.04761905 0.16666667
 0.03571429 0.05952381 0.13095238 0.77380952
 0.28571429 0.01190476 0.66666667 0.03571429
 0.39285714 0.04761905 0.1547619  0.4047619 

MOTIF human_l3_f_78
letter-probability matrix: alength= 4 w= 9 
 0.16537468 0.14341085 0.1369509  0.55426357
 0.42248062 0.14728682 0.20542636 0.2248062 
 0.54651163 0.04392765 0.40826873 0.00129199
 0.49870801 0.01808786 0.20801034 0.2751938 
 0.00129199 0.47803618 0.33333333 0.1873385 
 0.00904393 0.00387597 0.00258398 0.98449612
 0.0245478  0.00129199 0.94444444 0.02971576
 0.99612403 0.00129199 0.00129199 0.00129199
 0.14341085 0.20930233 0.26485788 0.38242894

MOTIF human_l3_f_79
letter-probability matrix: alength= 4 w= 9 
 0.53541927 0.21852315 0.00475594 0.24130163
 0.0465582  0.20876095 0.0057572  0.73892365
 0.02803504 0.03854819 0.61802253 0.31539424
 0.06683354 0.28235294 0.14668335 0.50413016
 0.13291615 0.31914894 0.09361702 0.4543179 
 0.14843554 0.15294118 0.08836045 0.61026283
 0.53742178 0.24230288 0.10538173 0.11489362
 0.32315394 0.11113892 0.08811014 0.477597  
 0.2931164  0.16020025 0.15494368 0.39173967

MOTIF human_l3_f_80
letter-probability matrix: alength= 4 w= 9 
 0.32758183 0.08145141 0.40801827 0.18294849
 0.24790662 0.14717077 0.24283177 0.36209084
 0.10378077 0.22151738 0.47627506 0.1984268 
 0.62674448 0.05074854 0.29764019 0.02486679
 0.4087795  0.10175082 0.08449632 0.40497336
 0.05430094 0.68155291 0.20274042 0.06140573
 0.56965237 0.07789901 0.09312357 0.25932504
 0.14920071 0.34661253 0.1651865  0.33900025
 0.22659224 0.37021061 0.23851814 0.16467902

MOTIF human_l3_f_81
letter-probability matrix: alength= 4 w= 9 
 0.4697733  0.18110831 0.22216625 0.12695214
 0.41914358 0.09042821 0.1534005  0.33702771
 0.28967254 0.18488665 0.32015113 0.20528967
 2.51889169e-04 4.03022670e-03 2.51889169e-04 9.95465995e-01
 0.59798489 0.01284635 0.34231738 0.04685139
 0.39798489 0.01133501 0.53652393 0.05415617
 0.52821159 0.15214106 0.19244332 0.12720403
 0.25239295 0.19622166 0.28564232 0.26574307
 0.21763224 0.1395466  0.38715365 0.25566751

MOTIF human_l3_f_82
letter-probability matrix: alength= 4 w= 9 
 0.13420428 0.16429137 0.29770388 0.40380048
 0.35748219 0.10965954 0.17656374 0.35629454
 0.4378464  0.15043547 0.05463183 0.3570863 
 2.12984956e-01 3.95882819e-04 3.24623911e-01 4.61995249e-01
 0.3111639  0.65558195 0.00633413 0.02692003
 0.44893112 0.01504355 0.32145685 0.21456849
 6.52019002e-01 1.06492478e-01 3.95882819e-04 2.41092637e-01
 2.20110847e-01 3.95882819e-04 3.12747427e-02 7.48218527e-01
 0.34718923 0.00831354 0.08392716 0.56057007

MOTIF human_l3_f_83
letter-probability matrix: alength= 4 w= 9 
 0.18131868 0.15834166 0.22377622 0.43656344
 0.33166833 0.28346653 0.19355644 0.19130869
 0.25749251 0.26873127 0.13711289 0.33666334
 0.27722278 0.04470529 0.13911089 0.53896104
 0.18356643 0.08341658 0.08041958 0.6525974 
 0.30794206 0.52522478 0.00699301 0.15984016
 0.73776224 0.00774226 0.01448551 0.24000999
 0.33591409 0.4985015  0.0954046  0.07017982
 0.39360639 0.36763237 0.03621379 0.20254745

MOTIF human_l3_f_84
letter-probability matrix: alength= 4 w= 9 
 0.189   0.08275 0.05675 0.6715 
 0.15675 0.096   0.03225 0.715  
 0.08975 0.15225 0.1415  0.6165 
 0.093   0.01275 0.846   0.04825
 0.0855  0.01    0.02575 0.87875
 2.5000e-04 9.4500e-02 2.9025e-01 6.1500e-01
 0.11725 0.0645  0.59725 0.221  
 0.21375 0.08875 0.1785  0.519  
 0.245   0.06225 0.2245  0.46825

MOTIF human_l3_f_85
letter-probability matrix: alength= 4 w= 9 
 0.57502931 0.09202814 0.04396249 0.28898007
 0.2919109  0.16822978 0.15767878 0.38218054
 0.24032825 0.1014068  0.03575615 0.62250879
 0.3094959  0.44490035 0.1101993  0.13540445
 0.15416178 0.06037515 0.42497069 0.36049238
 0.40797186 0.17409144 0.32708089 0.0908558 
 0.52696366 0.00762016 0.16588511 0.29953107
 0.43200469 0.0052755  0.37280188 0.18991794
 0.41617819 0.11137163 0.1066823  0.36576788

MOTIF human_l3_f_86
letter-probability matrix: alength= 4 w= 9 
 0.21151795 0.05972272 0.1951653  0.53359403
 0.13899751 0.07252044 0.12833274 0.66014931
 0.29008176 0.01670814 0.25986491 0.43334518
 7.10984714e-04 2.63064344e-02 1.68147885e-01 8.04834696e-01
 0.73658016 0.04123711 0.15961607 0.06256665
 0.69889797 0.12619979 0.10380377 0.07109847
 0.07963029 0.12584429 0.04550302 0.7490224 
 0.0323498  0.16352648 0.09669392 0.70742979
 0.14930679 0.139353   0.08709563 0.62424458

MOTIF human_l3_f_91
letter-probability matrix: alength= 4 w= 9 
 0.42982018 0.12262737 0.40934066 0.03821179
 0.01923077 0.16483516 0.06418581 0.75174825
 0.00574426 0.03346653 0.07892108 0.88186813
 0.4458042  0.06443556 0.26998002 0.21978022
 0.09465534 0.25024975 0.09390609 0.56118881
 1.34615385e-01 2.49750250e-04 1.91558442e-01 6.73576424e-01
 0.57067932 0.03071928 0.06318681 0.33541459
 0.1481019  0.13836164 0.05694306 0.65659341
 0.22302697 0.12637363 0.11663337 0.53396603

MOTIF human_l3_f_92
letter-probability matrix: alength= 4 w= 9 
 0.0205035  0.16558526 0.0628082  0.75110304
 0.02517519 0.13807423 0.36153647 0.47521412
 0.00103815 0.16350895 0.01116013 0.82429276
 0.10251752 0.03296133 0.60809759 0.25642357
 0.01764859 0.07864002 0.67609655 0.22761485
 0.49987023 0.15598235 0.16740202 0.17674539
 0.30677394 0.07552556 0.07682325 0.54087724
 0.31378147 0.11679211 0.2211264  0.34830003
 0.23981313 0.10225798 0.16895925 0.48896963

MOTIF human_l3_f_94
letter-probability matrix: alength= 4 w= 9 
 0.10223642 0.3696942  0.14240073 0.38566864
 0.14376997 0.47238704 0.00684619 0.37699681
 0.60565952 0.08808763 0.28388864 0.02236422
 4.56412597e-04 1.00410771e-02 8.16522136e-01 1.72980374e-01
 0.04016431 0.34687357 0.33637608 0.27658603
 0.50661798 0.20629849 0.14331356 0.14376997
 0.09675947 0.12505705 0.34504792 0.43313555
 0.69694204 0.03925148 0.01277955 0.25102693
 0.11182109 0.16111365 0.15974441 0.56732086

MOTIF human_l3_f_95
letter-probability matrix: alength= 4 w= 9 
 0.5969031  0.1471029  0.15934066 0.09665335
 0.38461538 0.13461538 0.12087912 0.35989011
 0.48876124 0.07942058 0.17382617 0.25799201
 4.77772228e-01 6.96803197e-02 2.49750250e-04 4.52297702e-01
 0.0472028  0.00724276 0.07517483 0.87037962
 8.19180819e-02 4.99500500e-04 1.78071928e-01 7.39510490e-01
 0.09240759 0.06843157 0.44080919 0.39835165
 0.02072927 0.13411588 0.36938062 0.47577423
 0.23451548 0.21978022 0.42682318 0.11888112

MOTIF human_l3_f_98
letter-probability matrix: alength= 4 w= 9 
 0.16377749 0.20853816 0.36714101 0.26054334
 0.17231565 0.08175938 0.24191462 0.50401035
 0.52445019 0.02664942 0.29521345 0.15368693
 0.18602846 0.0007762  0.72005175 0.0931436 
 0.13247089 0.09262613 0.38240621 0.39249677
 0.1373868  0.03622251 0.65692109 0.1694696 
 0.17179819 0.07141009 0.29987063 0.45692109
 0.3622251  0.06649418 0.15549806 0.41578266
 0.13272962 0.06080207 0.08175938 0.72470893

MOTIF human_l3_f_101
letter-probability matrix: alength= 4 w= 9 
 0.2384     0.06826667 0.25653333 0.4368    
 0.05333333 0.0056     0.72053333 0.22053333
 0.16746667 0.04506667 0.17413333 0.61333333
 0.25253333 0.01253333 0.21786667 0.51706667
 0.0264     0.00533333 0.0264     0.94186667
 0.17146667 0.55386667 0.00133333 0.27333333
 2.66666667e-04 4.20533333e-01 1.49066667e-01 4.30133333e-01
 0.3304     0.23493333 0.06       0.37466667
 0.19333333 0.18586667 0.32666667 0.29413333

MOTIF human_l3_f_102
letter-probability matrix: alength= 4 w= 9 
 0.18320083 0.1679917  0.27445558 0.37435188
 0.0680954  0.15416523 0.05530591 0.72243346
 0.62288282 0.01832008 0.24576564 0.11303146
 0.31420671 0.21742136 0.29450398 0.17386796
 0.17317663 0.02315935 0.03767715 0.76598686
 0.59246457 0.03352921 0.21085378 0.16315244
 6.25993778e-01 3.45661943e-04 2.59246457e-01 1.14414103e-01
 0.51711027 0.11406844 0.05841687 0.31040442
 0.11890771 0.05496025 0.18907708 0.63705496

MOTIF human_l3_f_104
letter-probability matrix: alength= 4 w= 9 
 0.76914779 0.08279396 0.10652643 0.04153182
 0.29584682 0.02669903 0.31634304 0.36111111
 0.51456311 0.15210356 0.20010787 0.13322546
 0.68743258 0.07578209 0.23516721 0.00161812
 0.13133765 0.04368932 0.21035599 0.61461704
 0.09304207 0.21143474 0.01078749 0.68473571
 0.18122977 0.11380798 0.4789644  0.22599784
 0.07605178 0.10976268 0.15426106 0.65992449
 0.71089536 0.09142395 0.13403452 0.06364617

MOTIF human_l3_f_105
letter-probability matrix: alength= 4 w= 9 
 0.36722151 0.26350832 0.16338028 0.20588988
 0.09807939 0.60973111 0.12804097 0.16414853
 0.02637644 0.30448143 0.06734955 0.60179257
 1.41869398e-01 2.56081946e-04 8.47119078e-01 1.07554417e-02
 0.10985915 0.00665813 0.15236876 0.73111396
 0.12266325 0.42355954 0.05403329 0.39974392
 0.02355954 0.05121639 0.49295775 0.43226633
 0.1418694  0.42048656 0.16491677 0.27272727
 0.24788732 0.39206146 0.11959027 0.24046095

MOTIF human_l3_f_107
letter-probability matrix: alength= 4 w= 9 
 0.24666163 0.38825901 0.1723356  0.19274376
 0.11589821 0.18745276 0.31796422 0.37868481
 0.06449987 0.22675737 0.56210632 0.14663643
 2.51952633e-04 2.51952633e-04 2.51952633e-04 9.99244142e-01
 2.37843285e-01 2.51952633e-04 7.61652809e-01 2.51952633e-04
 8.80322499e-01 2.51952633e-04 1.19173595e-01 2.51952633e-04
 0.32426304 0.34240363 0.14562862 0.18770471
 0.20760897 0.20458554 0.20861678 0.37918871
 0.143613   0.33887629 0.21264802 0.30486269

MOTIF human_l3_f_108
letter-probability matrix: alength= 4 w= 9 
 0.08793836 0.41710946 0.06455898 0.4303932 
 0.04171095 0.33262487 0.22741764 0.39824655
 0.24601488 0.02098831 0.34723698 0.38575983
 0.13177471 0.04941552 0.6424017  0.17640808
 0.58528162 0.18783209 0.02178533 0.20510096
 0.27656748 0.22635494 0.35387885 0.14319872
 0.50132837 0.13841658 0.25850159 0.10175345
 0.36530287 0.09431456 0.4325186  0.10786397
 0.69553666 0.12327311 0.01248672 0.16870351

MOTIF human_l3_f_111
letter-probability matrix: alength= 4 w= 9 
 0.24712644 0.18773946 0.09961686 0.46551724
 0.04022989 0.28735632 0.05172414 0.62068966
 0.00957854 0.24712644 0.74137931 0.00191571
 0.00191571 0.25862069 0.69348659 0.04597701
 0.04597701 0.04597701 0.01149425 0.89655172
 0.17049808 0.04214559 0.02681992 0.7605364 
 0.06321839 0.00957854 0.00191571 0.92528736
 0.04789272 0.00191571 0.08812261 0.86206897
 0.07471264 0.14176245 0.22796935 0.55555556

MOTIF human_l3_f_113
letter-probability matrix: alength= 4 w= 9 
 0.20756063 0.13694722 0.00998573 0.64550642
 0.27817404 0.12482168 0.00178317 0.59522111
 0.08737518 0.0374465  0.08487874 0.79029957
 0.12660485 0.23965763 0.54778887 0.08594864
 0.13552068 0.40370899 0.43259629 0.02817404
 7.81027104e-01 3.56633381e-04 1.43366619e-01 7.52496434e-02
 0.39550642 0.0085592  0.32025678 0.2756776 
 0.56383738 0.04422254 0.02175464 0.37018545
 0.36447932 0.05991441 0.04636234 0.52924394

MOTIF human_l3_f_115
letter-probability matrix: alength= 4 w= 9 
 0.13904608 0.06440313 0.09161951 0.70493129
 0.48612234 0.08057127 0.29129615 0.14201024
 0.52977634 0.06251684 0.26650499 0.14120183
 0.15656157 0.05631905 0.06952304 0.71759634
 0.46564268 0.05470224 0.275128   0.20452708
 0.49528429 0.07087039 0.30261385 0.13123147
 0.09377526 0.04661816 0.05039073 0.80921584
 0.61007815 0.04176772 0.25626516 0.09188898
 0.59229318 0.043654   0.27890057 0.08515225

MOTIF human_l3_f_118
letter-probability matrix: alength= 4 w= 9 
 0.17582418 0.15097946 0.32154802 0.35164835
 0.02580029 0.039656   0.02054467 0.91399904
 0.54276159 0.07405638 0.36120401 0.02197802
 0.55948399 0.00430005 0.42236025 0.01385571
 0.00955566 0.1863354  0.05542284 0.7486861 
 0.58241758 0.10081223 0.18251314 0.13425705
 0.48112757 0.07453416 0.38748208 0.05685619
 0.35833731 0.10224558 0.15336837 0.38604873
 0.2570473  0.18537984 0.15575729 0.40181558

MOTIF human_l3_f_119
letter-probability matrix: alength= 4 w= 9 
 0.2699005  0.2238806  0.29850746 0.20771144
 0.85945274 0.05472637 0.03109453 0.05472637
 0.48880597 0.00870647 0.06840796 0.4340796 
 0.28482587 0.55223881 0.03109453 0.1318408 
 0.5721393  0.22761194 0.03731343 0.16293532
 0.0261194  0.52487562 0.34577114 0.10323383
 0.01243781 0.41169154 0.50497512 0.07089552
 0.02363184 0.28482587 0.64800995 0.04353234
 0.10447761 0.31094527 0.51616915 0.06840796

MOTIF human_l3_f_122
letter-probability matrix: alength= 4 w= 9 
 0.26693341 0.06630466 0.15661618 0.51014576
 0.37896542 0.25664476 0.0142898  0.35010003
 0.23521006 0.04429837 0.05715919 0.66333238
 0.17890826 0.10945985 0.18948271 0.52214919
 0.00400114 0.08259503 0.21177479 0.70162904
 0.28722492 0.12374964 0.16861961 0.42040583
 0.7673621  0.01314661 0.1969134  0.02257788
 0.07373535 0.04372678 0.31466133 0.56787654
 0.58188054 0.09917119 0.04601315 0.27293512

MOTIF human_l3_f_125
letter-probability matrix: alength= 4 w= 9 
 0.29662749 0.17245784 0.16913643 0.36177823
 0.49846704 0.1446091  0.10194175 0.25498212
 0.57639244 0.08329075 0.12621359 0.21410322
 0.25268268 0.06515074 0.21665815 0.46550843
 0.16836995 0.10858457 0.22151252 0.50153296
 0.64205416 0.07102708 0.18983137 0.09708738
 0.02682678 0.09018906 0.00817578 0.87480838
 0.02631579 0.02299438 0.84747062 0.10321921
 0.07179356 0.18369954 0.15636178 0.58814512

MOTIF human_l3_f_127
letter-probability matrix: alength= 4 w= 9 
 0.61863137 0.19255744 0.08016983 0.10864136
 0.25899101 0.11538462 0.32742258 0.2982018 
 0.06318681 0.07892108 0.1998002  0.65809191
 0.00424575 0.22777223 0.08066933 0.68731269
 0.27547453 0.13061938 0.29245754 0.30144855
 0.14185814 0.41558442 0.18881119 0.25374625
 0.72477522 0.11088911 0.00549451 0.15884116
 0.03146853 0.01048951 0.52272727 0.43531469
 0.16633367 0.34565435 0.19280719 0.2952048 

MOTIF human_l3_f_130
letter-probability matrix: alength= 4 w= 9 
 0.30386179 0.18470528 0.30436992 0.20706301
 0.22332317 0.11026423 0.0523374  0.6140752 
 0.23069106 0.02794715 0.30538618 0.43597561
 0.07240854 0.31122967 0.0785061  0.53785569
 0.71747967 0.02566057 0.0632622  0.19359756
 0.63490854 0.17174797 0.1359248  0.0574187 
 0.47586382 0.14227642 0.10340447 0.27845528
 0.60543699 0.0574187  0.15370935 0.18343496
 0.66920732 0.06859756 0.13871951 0.12347561

MOTIF human_l3_f_131
letter-probability matrix: alength= 4 w= 9 
 0.55469169 0.08284182 0.05308311 0.30938338
 0.3002681  0.1386059  0.13297587 0.42815013
 0.10348525 0.08579088 0.01099196 0.7997319 
 0.23136729 0.04128686 0.28900804 0.4383378 
 0.36219839 0.10616622 0.21367292 0.31796247
 0.35147453 0.57104558 0.06568365 0.01179625
 0.14906166 0.07560322 0.32386059 0.45147453
 0.17560322 0.08632708 0.230563   0.5075067 
 0.07935657 0.14718499 0.38579088 0.38766756

MOTIF human_l3_f_132
letter-probability matrix: alength= 4 w= 9 
 0.08995656 0.03833376 0.13161257 0.74009711
 0.22182469 0.04267825 0.0092001  0.72629696
 0.09992333 0.02325581 0.37234858 0.50447227
 2.55558395e-04 4.77894199e-02 4.85560951e-03 9.47099412e-01
 0.7518528  0.0153335  0.22156913 0.01124457
 0.00996678 0.03833376 0.16227958 0.78941988
 0.04830054 0.00230003 0.00127779 0.94812165
 0.06874521 0.03066701 0.73754153 0.16304626
 0.04395604 0.14081268 0.13825709 0.67697419

MOTIF human_l3_f_133
letter-probability matrix: alength= 4 w= 9 
 0.30076142 0.02994924 0.12741117 0.54187817
 0.1715736  0.04086294 0.04593909 0.74162437
 0.30532995 0.1571066  0.00228426 0.53527919
 0.1715736  0.03984772 0.02182741 0.76675127
 0.39492386 0.00812183 0.04593909 0.55101523
 0.19111675 0.55964467 0.00253807 0.24670051
 0.58680203 0.25304569 0.0680203  0.09213198
 0.79746193 0.01878173 0.11015228 0.07360406
 0.60025381 0.06446701 0.03248731 0.30279188

MOTIF human_l3_f_134
letter-probability matrix: alength= 4 w= 9 
 0.06268731 0.16358641 0.13186813 0.64185814
 0.21728272 0.19480519 0.05394605 0.53396603
 0.14785215 0.25424575 0.18456543 0.41333666
 0.19555445 0.09615385 0.51223776 0.19605395
 0.3026973  0.16658342 0.01348651 0.51723277
 0.04470529 0.12512488 0.05794206 0.77222777
 0.15509491 0.02522478 0.07142857 0.74825175
 0.08816184 0.05644356 0.84490509 0.01048951
 0.21928072 0.12062937 0.2962038  0.36388611

MOTIF human_l3_f_135
letter-probability matrix: alength= 4 w= 9 
 0.45116637 0.14329659 0.13919508 0.26634196
 0.18508075 0.02102025 0.46500897 0.32889003
 0.00999744 0.15073058 0.05024353 0.78902845
 0.0587029  0.39143809 0.2953089  0.25455012
 0.12714689 0.59266855 0.17610869 0.10407588
 0.03845168 0.63035119 0.15970264 0.17149449
 0.03691361 0.34760318 0.27428864 0.34119457
 0.04127147 0.20046142 0.48397847 0.27428864
 0.16764932 0.41527813 0.20405024 0.2130223 

MOTIF human_l3_f_137
letter-probability matrix: alength= 4 w= 9 
 0.39378238 0.11994819 0.28782383 0.1984456 
 0.17772021 0.12746114 0.19585492 0.49896373
 0.10854922 0.31139896 0.09611399 0.48393782
 2.59067358e-04 1.74093264e-01 4.07253886e-01 4.18393782e-01
 0.14119171 0.18160622 0.31606218 0.3611399 
 0.36917098 0.16580311 0.1880829  0.27694301
 0.43626943 0.14818653 0.00854922 0.40699482
 0.10777202 0.22953368 0.13005181 0.53264249
 0.1253886  0.21528497 0.36373057 0.29559585

MOTIF human_l3_f_138
letter-probability matrix: alength= 4 w= 9 
 0.06330014 0.1230441  0.07396871 0.73968706
 0.00675676 0.00675676 0.78733997 0.19914651
 3.55618777e-02 2.08748222e-01 7.11237553e-04 7.54978663e-01
 0.51920341 0.00782361 0.42567568 0.0472973 
 0.10135135 0.27987198 0.14473684 0.47403983
 0.17034139 0.23968706 0.24679943 0.34317212
 0.35526316 0.15753912 0.12766714 0.35953058
 0.2254623  0.18349929 0.21123755 0.37980085
 0.41785206 0.18990043 0.05761024 0.33463727

MOTIF human_l3_f_140
letter-probability matrix: alength= 4 w= 9 
 0.0199262  0.28265683 0.19594096 0.50147601
 0.00258303 0.32214022 0.42250923 0.25276753
 0.14797048 0.19520295 0.59188192 0.06494465
 0.15571956 0.30664207 0.32619926 0.21143911
 0.43837638 0.2103321  0.24464945 0.10664207
 2.61992620e-01 3.69003690e-04 2.47601476e-01 4.90036900e-01
 0.12804428 0.35092251 0.05904059 0.46199262
 0.16863469 0.3202952  0.07638376 0.43468635
 0.25313653 0.33948339 0.21143911 0.19594096

MOTIF human_l3_f_142
letter-probability matrix: alength= 4 w= 9 
 0.18381618 0.20879121 0.05769231 0.5497003 
 0.13086913 0.19280719 0.36188811 0.31443556
 0.17232767 0.32817183 0.08416583 0.41533467
 0.36538462 0.43756244 0.17257742 0.02447552
 0.51373626 0.02247752 0.2544955  0.20929071
 0.26748252 0.02372627 0.40484515 0.30394605
 0.12462537 0.14685315 0.04020979 0.68831169
 0.42582418 0.03871129 0.2495005  0.28596404
 0.00749251 0.04220779 0.29495504 0.65534466

MOTIF human_l3_f_143
letter-probability matrix: alength= 4 w= 9 
 0.62254627 0.09197981 0.25995513 0.02551879
 0.42793045 0.18115536 0.2638811  0.12703309
 0.1292765  0.48261357 0.34015704 0.04795289
 0.59310151 0.15002804 0.09113853 0.16573191
 0.16208637 0.34071789 0.39484016 0.10235558
 0.20218732 0.25266405 0.18199663 0.36315199
 0.08833427 0.16292765 0.04122266 0.70751542
 0.45148626 0.13123948 0.04150308 0.37577117
 0.18676388 0.40213124 0.14021312 0.27089176

MOTIF human_l3_f_144
letter-probability matrix: alength= 4 w= 9 
 0.37296037 0.19476819 0.07847708 0.35379435
 0.54933955 0.12483812 0.2040922  0.12173012
 0.23517224 0.03133903 0.17094017 0.56254856
 0.23543124 0.11266511 0.13493913 0.51696452
 0.14581715 0.03833204 0.05698006 0.75887076
 0.14504015 0.11836312 0.16187516 0.57472157
 0.2983683  0.01657602 0.07666408 0.60839161
 0.3030303  0.05594406 0.36415436 0.27687128
 0.48821549 0.01579902 0.30976431 0.18622119

MOTIF human_l3_f_148
letter-probability matrix: alength= 4 w= 9 
 0.11017897 0.31543624 0.0458613  0.52852349
 0.14653244 0.33724832 0.10011186 0.41610738
 0.2466443  0.22762864 0.38422819 0.14149888
 0.72091723 0.01845638 0.22259508 0.03803132
 0.16778523 0.54642058 0.09675615 0.18903803
 0.25223714 0.55760626 0.18903803 0.00111857
 0.43512304 0.25055928 0.17114094 0.14317673
 0.64876957 0.00167785 0.27013423 0.07941834
 0.38814318 0.08165548 0.0738255  0.45637584

MOTIF human_l3_f_150
letter-probability matrix: alength= 4 w= 9 
 0.30540278 0.11937884 0.2617276  0.31349078
 0.22387577 0.17761242 0.21934649 0.37916532
 2.77903591e-01 3.23519896e-04 6.26658039e-01 9.51148496e-02
 3.23519896e-04 3.37107732e-01 3.23519896e-04 6.62245228e-01
 0.13199612 0.38984148 0.14202523 0.33613717
 0.21740537 0.01682303 0.20543513 0.56033646
 0.4325461  0.3186671  0.00194112 0.24684568
 0.29052087 0.0113232  0.17470074 0.52345519
 0.17987706 0.14623099 0.27984471 0.39404723

MOTIF human_l3_f_151
letter-probability matrix: alength= 4 w= 9 
 0.1530969  0.00899101 0.01473526 0.82317682
 0.01273726 0.00624376 0.00774226 0.97327672
 0.18856144 0.08766234 0.00849151 0.71528472
 0.37712288 0.06443556 0.2962038  0.26223776
 0.11113886 0.12112887 0.02847153 0.73926074
 0.3489011  0.11213786 0.05244755 0.48651349
 0.06868132 0.08591409 0.02197802 0.82342657
 0.37087912 0.09965035 0.01748252 0.51198801
 0.17307692 0.15634366 0.05669331 0.61388611

MOTIF human_l3_f_154
letter-probability matrix: alength= 4 w= 9 
 0.46219931 0.1884307  0.26861397 0.08075601
 0.38831615 0.3556701  0.14032073 0.11569301
 0.79381443 0.11340206 0.0532646  0.0395189 
 0.91237113 0.02061856 0.00630011 0.06071019
 0.15521191 0.45418099 0.13344788 0.25715922
 0.00057274 0.38545246 0.11970218 0.49427262
 0.06242841 0.54810997 0.16151203 0.2279496 
 0.25544101 0.26975945 0.39289805 0.08190149
 0.45761741 0.19358534 0.17754868 0.17124857

MOTIF human_l3_f_155
letter-probability matrix: alength= 4 w= 9 
 0.1830213  0.24919303 0.1714009  0.39638476
 0.42769529 0.26210458 0.06843125 0.24176888
 0.44351194 0.01904454 0.00258231 0.5348612 
 0.64977405 0.00451904 0.14396385 0.20174306
 0.47256294 0.03615236 0.21110394 0.28018076
 0.16365397 0.22788896 0.10103292 0.50742414
 0.18140736 0.46029697 0.08683021 0.27146546
 0.06810846 0.49160749 0.35926404 0.08102001
 0.31149128 0.27275662 0.20432537 0.21142673

MOTIF human_l3_f_156
letter-probability matrix: alength= 4 w= 9 
 0.43919278 0.18852894 0.13754647 0.23473181
 0.25862985 0.00212427 0.69782262 0.04142326
 0.13489113 0.2480085  0.56399363 0.05310674
 5.43281997e-01 2.20924057e-01 2.35262878e-01 5.31067446e-04
 7.49867233e-01 5.31067446e-04 2.46415295e-01 3.18640467e-03
 0.7519915  0.00743494 0.14710568 0.09346787
 0.4747743  0.05735528 0.26606479 0.20180563
 0.66808285 0.00531067 0.06956984 0.25703664
 0.07381837 0.09187467 0.09399894 0.74030802

MOTIF human_l3_f_157
letter-probability matrix: alength= 4 w= 9 
 0.2679701  0.18976423 0.07245543 0.46981024
 0.83841288 0.02501438 0.09028177 0.04629097
 0.14893617 0.11500863 0.07820587 0.65784934
 0.0293272  0.1132835  0.00230017 0.85508913
 0.06296722 0.12967223 0.14117309 0.66618746
 0.26854514 0.22972973 0.43645773 0.0652674 
 0.29528465 0.00143761 0.33640023 0.36687752
 0.5253019  0.17050029 0.08855664 0.21564117
 0.16963772 0.04772858 0.37521564 0.40741806

MOTIF human_l3_f_158
letter-probability matrix: alength= 4 w= 9 
 0.21785893 0.13356678 0.35767884 0.29089545
 0.24912456 0.07678839 0.19484742 0.47923962
 0.21610805 0.12881441 0.07578789 0.57928964
 0.14082041 0.01925963 0.02751376 0.8124062 
 0.47073537 0.00425213 0.34717359 0.17783892
 0.506003   0.01025513 0.35817909 0.12556278
 0.21135568 0.14682341 0.0947974  0.54702351
 0.55152576 0.12281141 0.14332166 0.18234117
 0.32766383 0.11330665 0.41045523 0.14857429

MOTIF human_l3_f_159
letter-probability matrix: alength= 4 w= 9 
 0.30894106 0.08891109 0.28496503 0.31718282
 0.00724276 0.57142857 0.0044955  0.41683317
 2.49750250e-04 1.59590410e-01 1.76823177e-01 6.63336663e-01
 0.13036963 0.0969031  0.37187812 0.40084915
 0.13586414 0.2534965  0.01573427 0.59490509
 0.59490509 0.08766234 0.24025974 0.07717283
 0.02272727 0.44205794 0.06218781 0.47302697
 0.15759241 0.46453546 0.08266733 0.2952048 
 0.1456044  0.31868132 0.23201798 0.3036963 

MOTIF human_l3_f_160
letter-probability matrix: alength= 4 w= 9 
 0.07909091 0.31181818 0.15272727 0.45636364
 0.02363636 0.09636364 0.48454545 0.39545455
 0.07363636 0.09909091 0.51181818 0.31545455
 0.02545455 0.89818182 0.00090909 0.07545455
 0.12818182 0.06909091 0.69       0.11272727
 0.00090909 0.23818182 0.27272727 0.48818182
 0.06636364 0.16454545 0.09181818 0.67727273
 0.08818182 0.02090909 0.87272727 0.01818182
 0.18909091 0.42454545 0.03       0.35636364

MOTIF human_l3_f_163
letter-probability matrix: alength= 4 w= 9 
 0.32461356 0.16736029 0.27883472 0.22919144
 2.97265161e-04 1.97384067e-01 2.97265161e-04 8.02021403e-01
 0.47532699 0.11593341 0.18133175 0.22740785
 0.43192628 0.24048751 0.1313912  0.19619501
 0.54340071 0.02229489 0.10642093 0.32788347
 0.08709869 0.13466112 0.13258026 0.64565993
 0.16973841 0.16082045 0.40219976 0.26724138
 0.13763377 0.11325803 0.61028537 0.13882283
 0.11682521 0.20749108 0.15992866 0.51575505

MOTIF human_l3_f_164
letter-probability matrix: alength= 4 w= 9 
 0.52297702 0.07317682 0.35264735 0.0511988 
 0.74300699 0.09415584 0.04045954 0.12237762
 0.28546454 0.14535465 0.2047952  0.36438561
 0.33816184 0.35639361 0.03446553 0.27097902
 0.44905095 0.07067932 0.23251748 0.24775225
 0.12962038 0.01748252 0.32192807 0.53096903
 0.68281718 0.00724276 0.3031968  0.00674326
 0.4000999  0.07392607 0.38536464 0.14060939
 0.34515485 0.17932068 0.20629371 0.26923077

MOTIF human_l3_f_165
letter-probability matrix: alength= 4 w= 9 
 0.21500251 0.24661315 0.24009032 0.29829403
 0.34345208 0.1430005  0.33442047 0.17912694
 0.4187155  0.24184646 0.05845459 0.28098344
 0.35298545 0.25890617 0.08554942 0.30255896
 0.10963372 0.31936779 0.24385349 0.32714501
 0.12719518 0.29829403 0.15805319 0.4164576 
 0.35223281 0.04340191 0.3283994  0.27596588
 0.04867035 0.41921726 0.17310587 0.35900652
 0.16206724 0.46964375 0.13622679 0.23206222

MOTIF human_l3_f_166
letter-probability matrix: alength= 4 w= 9 
 0.13811189 0.25649351 0.3996004  0.20579421
 0.36663337 0.35589411 0.1486014  0.12887113
 0.06618382 0.12762238 0.75699301 0.0492008 
 0.00799201 0.18906094 0.28696304 0.51598402
 0.03721279 0.08366633 0.35164835 0.52747253
 0.30244755 0.35064935 0.10164835 0.24525475
 0.3046953  0.17657343 0.06993007 0.4488012 
 0.70504496 0.07967033 0.16058941 0.0546953 
 0.38286713 0.18306693 0.20779221 0.22627373

MOTIF human_l3_f_169
letter-probability matrix: alength= 4 w= 9 
 0.04418605 0.05813953 0.59069767 0.30697674
 0.2627907  0.02325581 0.36976744 0.34418605
 0.1        0.00232558 0.8627907  0.03488372
 0.40930233 0.51860465 0.03488372 0.0372093 
 0.05116279 0.29069767 0.06511628 0.59302326
 0.69534884 0.01162791 0.07209302 0.22093023
 0.72325581 0.02790698 0.06046512 0.18837209
 0.73255814 0.07209302 0.09302326 0.10232558
 0.04186047 0.1372093  0.0372093  0.78372093

MOTIF human_l3_f_171
letter-probability matrix: alength= 4 w= 9 
 0.41746969 0.10351259 0.14951818 0.32949953
 0.20826857 0.27292509 0.16226298 0.35654336
 0.18961766 0.29717128 0.31364625 0.19956481
 0.25116568 0.02859807 0.34069008 0.37954616
 0.34752875 0.24308362 0.19303699 0.21635064
 0.2819397  0.27447933 0.15884364 0.28473733
 0.42337582 0.0115014  0.40783339 0.1572894 
 0.17811626 0.08983525 0.71153248 0.02051601
 0.14609885 0.02144855 0.76966118 0.06279142

MOTIF human_l3_f_174
letter-probability matrix: alength= 4 w= 9 
 0.31372549 0.19771242 0.38888889 0.0996732 
 0.08496732 0.79575163 0.09803922 0.02124183
 0.30228758 0.42647059 0.2630719  0.00816993
 0.00163399 0.02941176 0.0130719  0.95588235
 0.20915033 0.00163399 0.00163399 0.7875817 
 0.00163399 0.00163399 0.14705882 0.8496732 
 0.01143791 0.02124183 0.00163399 0.96568627
 0.39705882 0.19934641 0.3627451  0.04084967
 0.30228758 0.36601307 0.04575163 0.28594771

MOTIF human_l3_f_175
letter-probability matrix: alength= 4 w= 9 
 0.17839898 0.56670902 0.04625159 0.20864041
 0.37789072 0.28691233 0.07420584 0.26099111
 0.41829733 0.19974587 0.15578145 0.22617535
 0.12858958 0.39618806 0.17814485 0.29707751
 0.27954257 0.25412961 0.46251588 0.00381194
 0.05158831 0.37026684 0.37865311 0.19949174
 0.71207116 0.05387548 0.03278272 0.20127065
 0.10825921 0.13621347 0.4815756  0.27395172
 0.53900889 0.10876747 0.07522236 0.27700127

MOTIF human_l3_f_177
letter-probability matrix: alength= 4 w= 9 
 0.32120699 0.08262831 0.2605753  0.3355894 
 0.0143824  0.07050197 0.23463057 0.68048505
 0.0214326  0.20304569 0.04201918 0.73350254
 0.28059786 0.00423012 0.5569656  0.15820643
 0.15482234 0.28849408 0.09306261 0.46362098
 2.03609701e-01 2.61139312e-01 2.82007896e-04 5.34968979e-01
 0.18443316 0.27298364 0.21206994 0.33051325
 0.28539199 0.16807671 0.48448957 0.06204174
 0.1644106  0.0786802  0.39001692 0.36689227

MOTIF human_l3_f_179
letter-probability matrix: alength= 4 w= 9 
 0.52291476 0.03849679 0.20623281 0.23235564
 0.02153987 0.10036664 0.11090742 0.76718607
 4.58295142e-04 1.82859762e-01 4.58295142e-04 8.16223648e-01
 1.56278643e-01 4.58295142e-04 5.32080660e-01 3.11182401e-01
 0.00870761 0.02566453 0.16727773 0.79835014
 0.66544455 0.11228231 0.01054079 0.21173236
 0.24060495 0.01374885 0.00274977 0.74289643
 0.03024748 0.01466544 0.16773602 0.78735105
 0.40009166 0.15307058 0.22548121 0.22135655

MOTIF human_l3_f_180
letter-probability matrix: alength= 4 w= 9 
 0.27719581 0.2715552  0.0443191  0.4069299 
 0.35455278 0.29008864 0.06607575 0.28928284
 0.28444803 0.47864625 0.01933924 0.21756648
 0.56406124 0.08138598 0.0918614  0.26269138
 0.07896857 0.0451249  0.727639   0.14826753
 0.11361805 0.51571313 0.12167607 0.24899275
 0.02497985 0.17163578 0.22965351 0.57373086
 1.28928284e-02 1.42626914e-01 8.05801773e-04 8.43674456e-01
 0.02417405 0.18694601 0.47381144 0.31506849

MOTIF human_l3_f_182
letter-probability matrix: alength= 4 w= 9 
 0.21132075 0.15052411 0.21844864 0.4197065 
 0.0163522  0.40922432 0.07295597 0.50146751
 0.06708595 0.09308176 0.35345912 0.48637317
 0.00461216 0.03018868 0.02096436 0.9442348 
 0.26289308 0.01006289 0.41257862 0.31446541
 0.21928721 0.52410901 0.03312369 0.22348008
 0.28218029 0.09727463 0.22264151 0.39790356
 0.14675052 0.19748428 0.29224319 0.36352201
 0.04402516 0.0918239  0.50272537 0.36142558

MOTIF human_l3_f_184
letter-probability matrix: alength= 4 w= 9 
 0.49375159 0.1165519  0.17954603 0.21015047
 0.41366998 0.08008161 0.06885998 0.43738842
 0.34174955 0.16271359 0.14792145 0.3476154 
 0.45014027 0.06809487 0.27543994 0.20632492
 0.52461107 0.03978577 0.08594746 0.3496557 
 0.6110686  0.17419026 0.01045652 0.20428462
 0.39505228 0.00076511 0.32721245 0.27697016
 0.18515685 0.14027034 0.01606733 0.65850548
 0.13465953 0.08441724 0.2165264  0.56439684

MOTIF human_l3_f_186
letter-probability matrix: alength= 4 w= 9 
 5.12820513e-03 7.32600733e-04 4.39560440e-03 9.89743590e-01
 0.53553114 0.00879121 0.45494505 0.0007326 
 0.65274725 0.0007326  0.34578755 0.0007326 
 0.22710623 0.06593407 0.43956044 0.26739927
 0.09084249 0.12087912 0.63369963 0.15457875
 0.55238095 0.32454212 0.05641026 0.06666667
 0.1956044  0.39487179 0.19487179 0.21465201
 0.14212454 0.45201465 0.07765568 0.32820513
 0.12454212 0.27692308 0.29377289 0.3047619 

MOTIF human_l3_f_187
letter-probability matrix: alength= 4 w= 9 
 0.34817814 0.08932186 0.37196356 0.19053644
 7.59109312e-04 7.84412955e-03 2.07995951e-01 7.83400810e-01
 0.01315789 0.12246964 0.1847166  0.67965587
 0.00708502 0.08982794 0.28365385 0.6194332 
 0.09387652 0.15384615 0.01012146 0.74215587
 0.52682186 0.00253036 0.40688259 0.06376518
 0.0569332  0.07135628 0.27226721 0.59944332
 0.09134615 0.29605263 0.32970648 0.28289474
 0.13107287 0.16396761 0.26442308 0.44053644

MOTIF human_l3_f_188
letter-probability matrix: alength= 4 w= 9 
 0.23801199 0.03271728 0.10889111 0.62037962
 0.28021978 0.03621379 0.17832168 0.50524476
 2.20279720e-01 2.49750250e-04 2.42257742e-02 7.55244755e-01
 0.0472028  0.01448551 0.08891109 0.8494006 
 0.06093906 0.02372627 0.07667333 0.83866134
 1.44355644e-01 2.49750250e-02 2.49750250e-04 8.30419580e-01
 1.23376623e-01 2.49750250e-04 5.49450549e-03 8.70879121e-01
 0.03446553 0.04370629 0.00624376 0.91558442
 0.04745255 0.01573427 0.03946054 0.89735265

MOTIF human_l3_f_190
letter-probability matrix: alength= 4 w= 9 
 0.50507442 0.07916103 0.23511502 0.18064953
 0.24221922 0.18064953 0.21481732 0.36231394
 0.11772666 0.09878214 0.01792963 0.76556157
 0.05345061 0.00507442 0.01759134 0.92388363
 0.21447903 0.22090663 0.00169147 0.56292287
 5.30446549e-01 3.74830853e-01 3.38294993e-04 9.43843031e-02
 0.56427605 0.01556157 0.07543978 0.3447226 
 0.67016238 0.08558863 0.11028417 0.13396482
 0.56123139 0.05683356 0.04127199 0.34066306

MOTIF human_l3_f_192
letter-probability matrix: alength= 4 w= 9 
 0.18425902 0.23953672 0.46880758 0.10739668
 0.00737036 0.59568307 0.00658068 0.39036589
 0.17188734 0.18715451 0.29060279 0.35035536
 0.02895499 0.1705712  0.00710713 0.79336668
 0.05843643 0.16556989 0.09844696 0.67754672
 0.45590945 0.11503027 0.12819163 0.30086865
 0.24164254 0.01210845 0.32113714 0.42511187
 0.19952619 0.05606739 0.10581732 0.6385891 
 0.20110555 0.09792051 0.39431429 0.30665965

MOTIF human_l3_f_193
letter-probability matrix: alength= 4 w= 9 
 0.37205387 0.03731762 0.53872054 0.05190797
 0.19612795 0.17003367 0.33670034 0.29713805
 0.14842873 0.53114478 0.003367   0.31705948
 0.22643098 0.11223345 0.03002245 0.63131313
 0.08164983 0.13748597 0.14421998 0.63664422
 0.18013468 0.22334456 0.38271605 0.21380471
 0.31116723 0.10718294 0.1540404  0.42760943
 0.17901235 0.21015713 0.17760943 0.4332211 
 0.18686869 0.32547699 0.01599327 0.47166105

MOTIF human_l3_f_197
letter-probability matrix: alength= 4 w= 9 
 0.36626568 0.09700537 0.26670079 0.27002815
 0.18735603 0.13207064 0.27847453 0.4020988 
 0.17327873 0.20348093 0.29690299 0.32633734
 0.11492193 0.03455337 0.22190939 0.62861531
 0.37650371 0.07627336 0.2536473  0.29357563
 0.34860507 0.10647556 0.26106987 0.2838495 
 0.00972613 0.00204761 0.01100589 0.97722037
 0.65702585 0.00383926 0.29357563 0.04555925
 7.02073202e-01 2.55950857e-04 2.30099821e-01 6.75710264e-02

MOTIF human_l3_f_198
letter-probability matrix: alength= 4 w= 9 
 0.41821842 0.24962255 0.12481127 0.20734776
 0.02793156 0.26094615 0.67262204 0.03850025
 0.14217413 0.25541017 0.23074987 0.37166583
 2.51635632e-04 1.01409160e-01 5.06542526e-01 3.91796678e-01
 0.13990941 0.10845496 0.2040765  0.54755913
 0.12757927 0.07825868 0.04856568 0.74559638
 0.09360845 0.02088576 0.14066432 0.74484147
 0.08530448 0.10568697 0.51182687 0.29718168
 0.15148465 0.08152994 0.32385506 0.44313035

MOTIF human_l3_f_200
letter-probability matrix: alength= 4 w= 9 
 0.27572428 0.21278721 0.42357642 0.08791209
 0.42882118 0.11338661 0.41808192 0.03971029
 0.03246753 0.03696304 0.08091908 0.84965035
 0.13761239 0.11338661 0.31743257 0.43156843
 0.42432567 0.18881119 0.12662338 0.26023976
 0.25824176 0.23551449 0.0492008  0.45704296
 0.24575425 0.34565435 0.00424575 0.40434565
 0.34915085 0.19755245 0.2997003  0.1535964 
 0.17307692 0.23176823 0.15034965 0.44480519

MOTIF human_l3_f_203
letter-probability matrix: alength= 4 w= 9 
 0.30753193 0.09564764 0.29528277 0.30153766
 0.16419077 0.17279124 0.21527235 0.44774563
 0.05994266 0.10659369 0.22673964 0.606724  
 0.11806099 0.15089914 0.45426114 0.27677873
 0.36356529 0.16601512 0.07219182 0.39822778
 0.38259057 0.06437321 0.46390409 0.08913213
 0.14386239 0.0745374  0.17227    0.60933021
 0.53322909 0.10190253 0.04586917 0.31899922
 0.31274433 0.18347667 0.46260099 0.041178  

MOTIF human_l3_f_205
letter-probability matrix: alength= 4 w= 9 
 0.04152431 0.36425756 0.11484888 0.47936925
 0.05913272 0.31642576 0.36793693 0.2565046 
 0.24441524 0.13324573 0.13797635 0.48436268
 0.09461235 0.39737188 0.20893561 0.29908016
 0.25571616 0.24152431 0.29724047 0.20551905
 0.42207622 0.2260184  0.06911958 0.28278581
 0.29724047 0.05781866 0.29592641 0.34901445
 0.2173456  0.09145861 0.48068331 0.21051248
 0.39106439 0.10827858 0.37109067 0.12956636

MOTIF human_l3_f_208
letter-probability matrix: alength= 4 w= 9 
 0.37912088 0.18631369 0.16358641 0.27097902
 0.28771229 0.08016983 0.34140859 0.29070929
 0.00949051 0.04195804 0.33341658 0.61513487
 0.18306693 0.34565435 0.06893107 0.40234765
 0.03571429 0.38886114 0.29270729 0.28271728
 0.0989011  0.04745255 0.13061938 0.72302697
 0.46003996 0.06443556 0.18706294 0.28846154
 0.25074925 0.0541958  0.18781219 0.50724276
 0.12812188 0.08816184 0.1018981  0.68181818

MOTIF human_l3_f_210
letter-probability matrix: alength= 4 w= 9 
 0.2042957  0.03146853 0.02047952 0.74375624
 0.33616384 0.00799201 0.09565435 0.56018981
 2.49750250e-04 4.94505495e-02 5.81918082e-02 8.92107892e-01
 0.48851149 0.00924076 0.10714286 0.3951049 
 0.27647353 0.0472028  0.09265734 0.58366633
 0.03596404 0.01223776 0.01648352 0.93531469
 0.04445554 0.00599401 0.00274725 0.9468032 
 0.10789211 0.15134865 0.56918082 0.17157842
 0.02522478 0.11038961 0.11063936 0.75374625

MOTIF human_l3_f_211
letter-probability matrix: alength= 4 w= 9 
 0.28673835 0.20686124 0.18689196 0.31950845
 0.06579621 0.08627752 0.05120328 0.79672299
 0.49334357 0.03533026 0.20020481 0.27112135
 0.35637481 0.05120328 0.54505888 0.04736303
 0.06169995 0.06118792 0.031234   0.84587814
 0.57245264 0.01792115 0.30517153 0.10445469
 0.53405018 0.01945725 0.30593958 0.140553  
 0.19124424 0.16589862 0.26984127 0.37301587
 0.20199693 0.18151562 0.17613927 0.44034818

MOTIF human_l3_f_214
letter-probability matrix: alength= 4 w= 9 
 0.11397151 0.29992502 0.28867783 0.29742564
 0.01124719 0.43389153 0.00674831 0.54811297
 0.075981   0.01374656 0.60334916 0.30692327
 0.11372157 0.07673082 0.1912022  0.61834541
 0.00749813 0.18820295 0.11297176 0.69132717
 0.18445389 0.07148213 0.18245439 0.5616096 
 0.08647838 0.051987   0.08772807 0.77380655
 0.52811797 0.25218695 0.00674831 0.21294676
 0.05098725 0.22169458 0.08922769 0.63809048

MOTIF human_l3_f_215
letter-probability matrix: alength= 4 w= 9 
 0.52747253 0.21578422 0.13561439 0.12112887
 0.64785215 0.06993007 0.20679321 0.07542458
 0.25274725 0.52122877 0.05044955 0.17557443
 0.04270729 0.40959041 0.38736264 0.16033966
 0.49475524 0.03796204 0.06818182 0.3991009 
 0.26148851 0.23501499 0.08016983 0.42332667
 0.23851149 0.23651349 0.18406593 0.34090909
 0.11488511 0.20829171 0.21003996 0.46678322
 0.18306693 0.25849151 0.31968032 0.23876124

MOTIF human_l3_f_216
letter-probability matrix: alength= 4 w= 9 
 0.22721303 0.18439716 0.41292356 0.17546625
 0.50433412 0.36485422 0.06225374 0.06855792
 0.36327817 0.01707381 0.51379039 0.10585763
 0.28053586 0.02915682 0.62700289 0.06330444
 0.37168374 0.10139217 0.25715787 0.26976622
 0.15550302 0.06855792 0.33884949 0.43708957
 7.88022065e-04 9.50879958e-02 8.19805621e-01 8.43183609e-02
 0.09587602 0.05568689 0.28552666 0.56291043
 0.29577095 0.23877069 0.24507486 0.2203835 

MOTIF human_l3_f_220
letter-probability matrix: alength= 4 w= 9 
 0.24948294 0.11504654 0.3606515  0.27481903
 0.03903826 0.52998966 0.12771458 0.3032575 
 0.30894519 0.15486039 0.38650465 0.14968976
 0.34126163 0.54601861 0.02404343 0.08867632
 0.19415719 0.04007239 0.71820062 0.0475698 
 0.1729576  0.49250259 0.07109617 0.26344364
 0.44441572 0.09720786 0.40227508 0.05610134
 0.1975181  0.05946225 0.62357808 0.11944157
 0.08841779 0.38366081 0.28619442 0.24172699

MOTIF human_l3_f_221
letter-probability matrix: alength= 4 w= 9 
 0.17286085 0.32382599 0.07721118 0.42610199
 0.17113224 0.25727456 0.15355805 0.41803515
 0.26908672 0.05099395 0.28810141 0.39181792
 2.88101412e-04 2.16652262e-01 1.67098819e-01 6.15960818e-01
 0.30481129 0.23019303 0.24690291 0.21809277
 0.1014117  0.14866033 0.13454336 0.61538462
 2.94727744e-01 1.07173725e-01 2.88101412e-04 5.97810429e-01
 0.06453472 0.01411697 0.07663498 0.84471334
 2.88101412e-04 1.51541343e-01 2.95303947e-01 5.52866609e-01

MOTIF human_l3_f_223
letter-probability matrix: alength= 4 w= 9 
 0.05494505 0.05594406 0.33516484 0.55394605
 0.16658342 0.21403596 0.20354645 0.41583417
 0.31143856 0.10614386 0.08641359 0.496004  
 0.09665335 0.17707293 0.16958042 0.55669331
 0.0472028  0.17632368 0.11738262 0.65909091
 0.03771229 0.0506993  0.52997003 0.38161838
 0.13311688 0.15084915 0.6988012  0.01723277
 0.08916084 0.37887113 0.16158841 0.37037962
 0.0497003  0.25       0.06743257 0.63286713

MOTIF human_l3_f_225
letter-probability matrix: alength= 4 w= 9 
 0.14899188 0.06991359 0.09374182 0.68735271
 0.46975648 0.06362922 0.29353234 0.17308196
 0.53260016 0.07043729 0.25713538 0.13982718
 0.14113642 0.0591778  0.07960199 0.72008379
 0.45404556 0.05367897 0.28593873 0.20633674
 0.48756219 0.07410317 0.30243519 0.13589945
 0.10316837 0.04320503 0.05236973 0.80125687
 0.61586803 0.04268133 0.25085101 0.09059963
 0.58025661 0.04687091 0.28908091 0.08379157

MOTIF human_l3_f_226
letter-probability matrix: alength= 4 w= 9 
 0.52797203 0.17582418 0.18506494 0.11113886
 0.23676324 0.07217782 0.25999001 0.43106893
 0.03296703 0.40084915 0.03596404 0.53021978
 0.12562438 0.2455045  0.14360639 0.48526474
 0.0472028  0.08691309 0.31993007 0.54595405
 0.28771229 0.12162837 0.22977023 0.36088911
 0.1973027  0.08816184 0.17207792 0.54245754
 0.30869131 0.02022977 0.51623377 0.15484515
 0.22552448 0.12412587 0.13911089 0.51123876

MOTIF human_l3_f_227
letter-probability matrix: alength= 4 w= 9 
 0.30127796 0.13003195 0.14632588 0.42236422
 3.19488818e-04 2.51757188e-01 9.29712460e-02 6.54952077e-01
 0.02619808 0.00798722 0.0571885  0.9086262 
 0.01373802 0.02428115 0.73099042 0.23099042
 0.03067093 0.00894569 0.26230032 0.69808307
 0.29488818 0.0884984  0.58594249 0.03067093
 4.64856230e-01 3.19488818e-04 7.82747604e-02 4.56549521e-01
 0.17667732 0.0370607  0.14632588 0.6399361 
 0.13865815 0.08083067 0.12108626 0.65942492

MOTIF human_l3_f_229
letter-probability matrix: alength= 4 w= 9 
 0.08686131 0.41605839 0.06131387 0.43576642
 0.41240876 0.4379562  0.09051095 0.05912409
 0.77956204 0.13430657 0.08175182 0.00437956
 0.50364964 0.15109489 0.05109489 0.29416058
 0.6080292  0.17372263 0.0189781  0.19927007
 0.48029197 0.00072993 0.00072993 0.51824818
 0.00072993 0.00072993 0.51824818 0.48029197
 0.04963504 0.04014599 0.58394161 0.32627737
 0.13065693 0.11240876 0.34671533 0.41021898

MOTIF human_l3_f_230
letter-probability matrix: alength= 4 w= 9 
 0.43655207 0.11274014 0.19211325 0.25859454
 0.39004044 0.22017189 0.17997978 0.20980789
 0.11299292 0.07659252 0.0520728  0.75834176
 7.15369060e-02 2.52780586e-04 3.91304348e-01 5.36905966e-01
 0.39812942 0.3359454  0.05915066 0.20677452
 0.23458038 0.11375126 0.10591507 0.54575329
 0.24140546 0.01263903 0.19312437 0.55283114
 0.23862487 0.41961577 0.18983822 0.15192113
 0.33822042 0.04145602 0.32153691 0.29878665

MOTIF human_l3_f_232
letter-probability matrix: alength= 4 w= 9 
 0.30425963 0.28498986 0.17680865 0.23394185
 0.42427316 0.48275862 0.07065585 0.02231237
 0.74442191 0.08891143 0.06152806 0.10513861
 0.02366464 0.0841785  0.35936444 0.53279243
 0.1352265  0.20588235 0.03718729 0.62170385
 0.0581474  0.07843137 0.34009466 0.52332657
 0.12237999 0.03076403 0.23292765 0.61392833
 0.56558485 0.09026369 0.10175794 0.24239351
 0.02332657 0.0551048  0.16024341 0.76132522

MOTIF human_l3_f_234
letter-probability matrix: alength= 4 w= 9 
 0.00149477 0.03139013 0.00298954 0.96412556
 0.19431988 0.0941704  0.55156951 0.15994021
 0.12406577 0.46188341 0.08520179 0.32884903
 0.48430493 0.00149477 0.08520179 0.42899851
 0.31838565 0.09566517 0.12107623 0.46487294
 0.43796712 0.00149477 0.54409567 0.01644245
 0.12556054 0.41405082 0.16442451 0.29596413
 0.23019432 0.26606876 0.10612855 0.39760837
 0.29147982 0.34529148 0.24962631 0.11360239

MOTIF human_l3_f_235
letter-probability matrix: alength= 4 w= 9 
 0.39938635 0.24009205 0.13704935 0.22347226
 0.29890054 0.07645104 0.16696497 0.45768346
 0.56941959 0.01738686 0.03630785 0.37688571
 0.80107389 0.11838405 0.00434671 0.07619535
 1.76936845e-01 2.55689082e-04 3.17054462e-02 7.91102020e-01
 0.57197648 0.00076707 0.21222194 0.21503452
 0.61544362 0.12375352 0.24418307 0.01661979
 0.16006137 0.20455127 0.13628228 0.49910509
 0.28355919 0.15801585 0.18205063 0.37637433

MOTIF human_l3_f_236
letter-probability matrix: alength= 4 w= 9 
 0.14308553 0.127498   0.40127898 0.32813749
 0.0627498  0.16067146 0.12869704 0.64788169
 0.41207034 0.07154277 0.06434852 0.45203837
 5.69944045e-01 5.07593925e-02 3.99680256e-04 3.78896882e-01
 0.16426859 0.49120703 0.1294964  0.21502798
 0.01039169 0.83173461 0.02078337 0.13709033
 0.00559552 0.02078337 0.71742606 0.25619504
 0.38009592 0.37529976 0.05595524 0.18864908
 0.33693046 0.09752198 0.19864109 0.36690647

MOTIF human_l3_f_237
letter-probability matrix: alength= 4 w= 9 
 0.17710518 0.26281091 0.05334132 0.50674258
 0.13635001 0.22655079 0.05543902 0.58166017
 0.12915793 0.38477675 0.02756967 0.45849565
 0.08570572 0.20407552 0.49235841 0.21786035
 0.29487564 0.324543   0.1699131  0.21066826
 0.4378184  0.13874738 0.00479473 0.4186395 
 0.40964939 0.30985915 0.01708121 0.26341025
 0.25471981 0.18489661 0.17261013 0.38777345
 0.5915493  0.0949955  0.18549595 0.12795924

MOTIF human_l3_f_239
letter-probability matrix: alength= 4 w= 9 
 0.22945508 0.09484536 0.09808542 0.57761414
 0.45714286 0.07805596 0.25272459 0.21207658
 0.24830633 0.25301915 0.27452135 0.22415317
 2.94550810e-04 2.94550810e-04 1.17820324e-03 9.98232695e-01
 3.93225331e-01 1.17820324e-03 6.05301915e-01 2.94550810e-04
 8.19440353e-01 2.94550810e-04 1.79086892e-01 1.17820324e-03
 0.43387334 0.11104566 0.3089838  0.1460972 
 0.36818851 0.15257732 0.2544919  0.22474227
 0.28394698 0.2017673  0.1814433  0.33284242

MOTIF human_l3_f_241
letter-probability matrix: alength= 4 w= 9 
 0.13468687 0.08178439 0.29825565 0.48527309
 0.06434086 0.49499571 0.04289391 0.39776952
 0.2662282  0.06376894 0.49642551 0.17357735
 0.00743494 0.68916214 0.03002574 0.27337718
 6.78009723e-01 1.60137261e-02 2.85959394e-04 3.05690592e-01
 0.24306548 0.0732056  0.6605662  0.02316271
 0.36888762 0.21075207 0.29596797 0.12439234
 0.07206177 0.40606234 0.16156706 0.36030884
 0.26451244 0.29425222 0.24020589 0.20102945

MOTIF human_l3_f_242
letter-probability matrix: alength= 4 w= 9 
 0.80793651 0.09047619 0.0984127  0.0031746 
 0.07619048 0.1015873  0.06825397 0.75396825
 0.07460317 0.12380952 0.78730159 0.01428571
 0.00952381 0.29206349 0.01587302 0.68253968
 0.14126984 0.13650794 0.26666667 0.45555556
 0.10793651 0.32857143 0.01587302 0.54761905
 0.60793651 0.01904762 0.24126984 0.13174603
 0.01746032 0.03650794 0.0047619  0.94126984
 0.33650794 0.01904762 0.43809524 0.20634921

MOTIF human_l3_f_243
letter-probability matrix: alength= 4 w= 9 
 0.24257738 0.35944409 0.04801011 0.34996841
 0.39134555 0.18982944 0.24921036 0.16961466
 0.70814908 0.06190777 0.10265319 0.12728996
 0.36986734 0.08780796 0.00410613 0.53821857
 0.25015793 0.13550221 0.44093493 0.17340493
 0.24415666 0.35533797 0.20467467 0.1958307 
 0.12855338 0.12823752 0.09696778 0.64624131
 0.2488945  0.14339861 0.03695515 0.57075174
 0.31585597 0.29185092 0.11718256 0.27511055

MOTIF human_l3_f_244
letter-probability matrix: alength= 4 w= 9 
 0.13662375 0.10872675 0.08369099 0.67095851
 0.027897   0.06509299 0.06366237 0.84334764
 0.32832618 0.00071531 0.03004292 0.64091559
 0.46924177 0.00500715 0.02503577 0.50071531
 0.28898426 0.07868383 0.13805436 0.49427754
 0.15450644 0.16165951 0.11516452 0.56866953
 0.17167382 0.03004292 0.17739628 0.62088698
 0.27181688 0.05436338 0.00572246 0.66809728
 0.68097282 0.06795422 0.23104435 0.02002861

MOTIF human_l3_f_250
letter-probability matrix: alength= 4 w= 9 
 0.24312268 0.26282528 0.08252788 0.41152416
 0.59814126 0.00371747 0.24869888 0.14944238
 0.28327138 0.11933086 0.40817844 0.18921933
 0.00297398 0.06877323 0.02193309 0.9063197 
 0.23568773 0.21412639 0.11449814 0.43568773
 0.06951673 0.05241636 0.21226766 0.66579926
 0.08773234 0.06877323 0.2802974  0.56319703
 0.36654275 0.12973978 0.16914498 0.33457249
 0.24907063 0.11784387 0.53977695 0.09330855

MOTIF human_l3_f_251
letter-probability matrix: alength= 4 w= 9 
 0.66480447 0.01303538 0.13314711 0.18901304
 0.25884544 0.01024209 0.01955307 0.7113594 
 0.13687151 0.27653631 0.0018622  0.58472998
 1.86219739e-02 9.31098696e-04 3.53817505e-02 9.45065177e-01
 0.00931099 0.06610801 0.0009311  0.92364991
 0.7141527  0.26443203 0.02048417 0.0009311 
 0.0009311  0.3556797  0.02979516 0.61359404
 0.15456238 0.4320298  0.10148976 0.31191806
 0.37802607 0.22905028 0.24767225 0.1452514 

MOTIF human_l3_f_253
letter-probability matrix: alength= 4 w= 9 
 0.07070707 0.03367003 0.51178451 0.38383838
 0.003367   0.02020202 0.97306397 0.003367  
 0.91245791 0.03703704 0.003367   0.04713805
 0.18518519 0.08080808 0.08417508 0.64983165
 0.21885522 0.06397306 0.04713805 0.67003367
 0.36026936 0.63299663 0.003367   0.003367  
 0.44444444 0.003367   0.54882155 0.003367  
 0.2996633  0.01683502 0.63299663 0.05050505
 0.42760943 0.16835017 0.34006734 0.06397306
