MEME version 5.4.1

ALPHABET= ACGT

strands: + -

Background letter frequencies
A 0.25 C 0.25 G 0.25 T 0.25

MOTIF human_l3_f_1
letter-probability matrix: alength= 4 w= 9 
 0.14560921 0.02076557 0.13660245 0.69702277
 0.07255442 0.07455592 0.03577683 0.81711283
 0.03327496 0.02927195 0.2429322  0.69452089
 2.50187641e-04 3.32749562e-02 2.50187641e-04 9.66224669e-01
 4.92869652e-01 2.50187641e-04 4.72854641e-02 4.59594696e-01
 2.50187641e-04 8.50637978e-03 2.50187641e-04 9.90993245e-01
 2.50187641e-04 1.50112584e-03 3.93294971e-01 6.04953715e-01
 0.03727796 0.01776332 0.26619965 0.67875907
 0.08356267 0.06955216 0.46584939 0.38103578

MOTIF human_l3_f_3
letter-probability matrix: alength= 4 w= 9 
 0.07634206 0.14054492 0.59239277 0.19072026
 0.35419477 0.3088751  0.20528729 0.13164284
 0.23064473 0.24817912 0.22174265 0.2994335 
 0.30024278 0.00323712 0.61667116 0.07984893
 0.07823037 0.26841111 0.21877529 0.43458322
 0.24467224 0.37118964 0.09711357 0.28702455
 0.14620987 0.00377664 0.33342325 0.51659023
 0.76234152 0.08173725 0.08119773 0.0747235 
 0.24008632 0.26571351 0.10628541 0.38791476

MOTIF human_l3_f_5
letter-probability matrix: alength= 4 w= 9 
 0.29325843 0.14269663 0.10411985 0.45992509
 0.11273408 0.06029963 0.5494382  0.27752809
 0.27790262 0.08651685 0.5917603  0.04382022
 0.02883895 0.33895131 0.05842697 0.57378277
 0.07116105 0.04419476 0.01985019 0.86479401
 0.01610487 0.0082397  0.26891386 0.70674157
 0.03483146 0.14419476 0.09438202 0.72659176
 0.20636704 0.05131086 0.67378277 0.06853933
 0.1329588  0.09625468 0.46067416 0.31011236

MOTIF human_l3_f_7
letter-probability matrix: alength= 4 w= 9 
 4.17536534e-04 1.74947808e-01 4.17536534e-04 8.24217119e-01
 0.0434238  0.06805846 0.51273486 0.37578288
 0.10271399 0.53695198 0.00584551 0.35448852
 0.59457203 0.14530271 0.18037578 0.07974948
 0.37286013 0.40501044 0.04425887 0.17787056
 0.36367432 0.35490605 0.21837161 0.06304802
 0.39039666 0.11649269 0.11899791 0.37411273
 0.23465553 0.0434238  0.26889353 0.45302714
 0.21043841 0.08016701 0.32066806 0.38872651

MOTIF human_l3_f_8
letter-probability matrix: alength= 4 w= 9 
 0.35017283 0.09571922 0.16564743 0.38846052
 0.2004786  0.05131614 0.08907206 0.65913321
 0.1462377  0.10342994 0.11778782 0.63254454
 0.07657538 0.02685456 0.02472747 0.8718426 
 0.64477533 0.0159532  0.21137995 0.12789152
 0.63972348 0.00930604 0.29672959 0.05424089
 0.28423292 0.07258708 0.04945493 0.59372507
 0.5671364  0.09944164 0.10077107 0.23265089
 0.41212443 0.07072587 0.28343526 0.23371444

MOTIF human_l3_f_10
letter-probability matrix: alength= 4 w= 9 
 0.04013042 0.16202659 0.04188613 0.75595686
 0.5297216  0.03034863 0.37120642 0.06872335
 0.0165538  0.09957361 0.05116629 0.8327063 
 0.16980186 0.20015049 0.24404314 0.38600451
 0.12340105 0.17481816 0.2450464  0.45673439
 0.13368447 0.04263858 0.58063707 0.24303988
 0.04915977 0.04665162 0.12239779 0.78179082
 0.15926762 0.1871081  0.38801104 0.26561324
 0.12014046 0.12189616 0.18635566 0.57160773

MOTIF human_l3_f_12
letter-probability matrix: alength= 4 w= 9 
 0.22877123 0.23601399 0.16558442 0.36963037
 0.00124875 0.16183816 0.7504995  0.08641359
 0.37037962 0.00649351 0.001998   0.62112887
 0.12187812 0.000999   0.10714286 0.76998002
 0.23501499 0.02822178 0.00074925 0.73601399
 0.20929071 0.32717283 0.00924076 0.4542957 
 0.02222777 0.27897103 0.30944056 0.38936064
 0.02372627 0.39310689 0.26073926 0.32242757
 0.22302697 0.1968032  0.1545954  0.42557443

MOTIF human_l3_f_17
letter-probability matrix: alength= 4 w= 9 
 0.26749482 0.16231884 0.20165631 0.36853002
 0.10186335 0.05714286 0.04761905 0.79337474
 6.19047619e-01 4.14078675e-04 1.73498965e-01 2.07039337e-01
 0.50724638 0.03850932 0.40414079 0.05010352
 0.00207039 0.00165631 0.00496894 0.99130435
 0.75445135 0.00248447 0.24099379 0.00207039
 0.5747412  0.00662526 0.41449275 0.00414079
 0.26335404 0.09233954 0.15817805 0.48612836
 0.18799172 0.19006211 0.17225673 0.44968944

MOTIF human_l3_f_18
letter-probability matrix: alength= 4 w= 9 
 0.12402122 0.258146   0.06567315 0.55215964
 0.15938368 0.10002526 0.03940389 0.70118717
 0.25208386 0.33013387 0.07779742 0.33998484
 0.76281889 0.15281637 0.07426118 0.01010356
 0.26016671 0.07173529 0.10760293 0.56049507
 0.37433695 0.0022733  0.06339985 0.5599899 
 3.85450871e-01 7.93129578e-02 2.52589038e-04 5.34983582e-01
 0.18388482 0.03409952 0.14852235 0.63349331
 0.17428644 0.2533468  0.23490781 0.33745895

MOTIF human_l3_f_19
letter-probability matrix: alength= 4 w= 9 
 0.19658814 0.03790956 0.11156242 0.65393989
 0.16896832 0.024912   0.0744652  0.73165448
 2.70782562e-04 5.79474682e-02 7.31112916e-03 9.34470620e-01
 2.70782562e-04 6.49878148e-02 4.99052261e-01 4.35689142e-01
 0.05767669 0.04955321 0.00297861 0.8897915 
 0.01841321 0.02274574 0.02761982 0.93122123
 0.01353913 0.00487409 0.04792851 0.93365827
 0.00568643 0.18765232 0.01137287 0.79528838
 0.01489304 0.11454102 0.0232873  0.84727864

MOTIF human_l3_f_20
letter-probability matrix: alength= 4 w= 9 
 0.17732268 0.38211788 0.25874126 0.18181818
 0.15934066 0.49075924 0.1993007  0.1505994 
 0.2007992  0.3021978  0.11288711 0.38411588
 0.39785215 0.1456044  0.17882118 0.27772228
 0.23401598 0.08416583 0.3503996  0.33141858
 0.12512488 0.46078921 0.05669331 0.35739261
 0.50124875 0.002997   0.22927073 0.26648352
 0.02497502 0.07542458 0.77897103 0.12062937
 0.16158841 0.2977023  0.39160839 0.1491009 

MOTIF human_l3_f_21
letter-probability matrix: alength= 4 w= 9 
 0.12963457 0.07148573 0.08749    0.7113897 
 0.47372633 0.07041878 0.30861563 0.14723926
 0.53587623 0.07441985 0.26086957 0.12883436
 0.11789811 0.04667911 0.07308616 0.76233662
 0.50253401 0.05414777 0.31154975 0.13176847
 0.55801547 0.06908509 0.24833289 0.12456655
 0.1157642  0.07708722 0.05494799 0.75220059
 0.54814617 0.07815417 0.2611363  0.11256335
 0.56815151 0.08295545 0.24726594 0.1016271 

MOTIF human_l3_f_22
letter-probability matrix: alength= 4 w= 9 
 0.49772727 0.13636364 0.18383838 0.18207071
 0.36111111 0.04343434 0.2209596  0.37449495
 0.35479798 0.15025253 0.33434343 0.16060606
 0.57727273 0.06287879 0.02424242 0.33560606
 0.53459596 0.10681818 0.06742424 0.29116162
 0.425      0.18181818 0.02929293 0.36388889
 4.06060606e-01 9.59595960e-03 2.52525253e-04 5.84090909e-01
 0.34318182 0.01616162 0.26868687 0.3719697 
 0.53308081 0.10858586 0.14747475 0.21085859

MOTIF human_l3_f_24
letter-probability matrix: alength= 4 w= 9 
 0.17482161 0.20005097 0.11748216 0.50764526
 0.37181448 0.06753313 0.18119266 0.37945973
 0.22502548 0.25891947 0.23190622 0.28414883
 0.78414883 0.1608053  0.00101937 0.0540265 
 0.75152905 0.01427115 0.00356779 0.23063201
 1.69724771e-01 2.54841998e-04 3.46585117e-02 7.95361876e-01
 0.09607543 0.02166157 0.14627931 0.73598369
 0.42074414 0.15010194 0.11518858 0.31396534
 0.14041794 0.122579   0.15978593 0.57721713

MOTIF human_l3_f_25
letter-probability matrix: alength= 4 w= 9 
 0.27205507 0.11193269 0.08414074 0.53187149
 0.10989291 0.11983682 0.37531871 0.39495156
 0.09077002 0.28505864 0.52014278 0.10402856
 2.54971953e-04 4.10249873e-01 7.49617542e-02 5.14533401e-01
 0.04869964 0.41942886 0.19505354 0.33681795
 0.13513514 0.18995411 0.08210097 0.59280979
 0.1126976  0.15425803 0.00866905 0.72437532
 6.75675676e-02 5.09943906e-04 2.24375319e-02 9.09484957e-01
 0.04079551 0.10938297 0.13488016 0.71494136

MOTIF human_l3_f_26
letter-probability matrix: alength= 4 w= 9 
 0.19212598 0.17112861 0.29448819 0.34225722
 0.27979003 0.19475066 0.07611549 0.44934383
 0.04041995 0.40997375 0.49396325 0.05564304
 0.02309711 0.95485564 0.01207349 0.00997375
 0.15275591 0.59737533 0.22204724 0.02782152
 0.00577428 0.23044619 0.33700787 0.42677165
 0.05984252 0.14120735 0.05669291 0.74225722
 0.04251969 0.06771654 0.57847769 0.31128609
 0.0855643  0.22152231 0.34593176 0.34698163

MOTIF human_l3_f_28
letter-probability matrix: alength= 4 w= 9 
 0.17315909 0.14651923 0.26539331 0.41492837
 0.10153305 0.04046243 0.6752953  0.18270922
 0.01005278 0.28750942 0.00276451 0.69967328
 0.22844936 0.10756471 0.4372958  0.22669012
 0.12565971 0.04800201 0.03518472 0.79115356
 0.15079166 0.71223926 0.06232722 0.07464187
 0.04548882 0.10429756 0.2083438  0.64186982
 0.03995979 0.23649158 0.50917316 0.21437547
 0.25961297 0.21814526 0.34832873 0.17391304

MOTIF human_l3_f_29
letter-probability matrix: alength= 4 w= 9 
 0.07202008 0.10941029 0.1846926  0.63387704
 0.05821832 0.37892095 0.04441656 0.51844417
 0.22057716 0.00627353 0.54730238 0.22584693
 5.01882058e-04 6.67503137e-02 1.45545797e-02 9.18193225e-01
 0.22484316 0.05119197 0.11543287 0.60853199
 0.09410289 0.06549561 0.04040151 0.8       
 0.42308657 0.19799247 0.0378921  0.34102886
 0.60451694 0.1412798  0.00250941 0.25169385
 0.01756587 0.35834379 0.19397742 0.43011292

MOTIF human_l3_f_30
letter-probability matrix: alength= 4 w= 9 
 0.34106412 0.39222374 0.06616644 0.2005457 
 0.60095498 0.07230559 0.15620737 0.17053206
 0.07435198 0.0675307  0.50886767 0.34924966
 0.00068213 0.31241473 0.02455662 0.66234652
 0.37653479 0.23601637 0.15620737 0.23124147
 0.11186903 0.33015007 0.12619372 0.43178718
 0.21759891 0.6957708  0.03342428 0.053206  
 0.08185539 0.0218281  0.01568895 0.88062756
 0.07298772 0.05866303 0.73942701 0.12892224

MOTIF human_l3_f_31
letter-probability matrix: alength= 4 w= 9 
 0.17689531 0.1013409  0.22408458 0.49767922
 0.02449716 0.1343476  0.19185147 0.64930376
 0.00154719 0.07581227 0.28442496 0.63821558
 0.0330067  0.02294997 0.43140794 0.51263538
 0.42831356 0.02191851 0.32955132 0.22021661
 0.34012378 0.22408458 0.06059825 0.3751934 
 0.05518308 0.01057246 0.07968025 0.85456421
 0.1160392  0.05750387 0.61113976 0.21531717
 0.38602372 0.13305828 0.05260444 0.42831356

MOTIF human_l3_f_33
letter-probability matrix: alength= 4 w= 9 
 0.15879828 0.19206009 0.38733906 0.26180258
 0.14699571 0.27360515 0.44742489 0.13197425
 0.28540773 0.13841202 0.53648069 0.03969957
 0.01502146 0.27145923 0.04506438 0.66845494
 0.33690987 0.36695279 0.23712446 0.05901288
 0.03862661 0.45493562 0.28648069 0.21995708
 0.32081545 0.01072961 0.64592275 0.02253219
 0.00321888 0.04828326 0.71137339 0.23712446
 0.05472103 0.05793991 0.75858369 0.12875536

MOTIF human_l3_f_35
letter-probability matrix: alength= 4 w= 9 
 0.20800219 0.06960811 0.03617429 0.6862154 
 0.0654974  0.06796383 0.08495478 0.781584  
 0.04494382 0.11482598 0.0298712  0.810359  
 0.46122225 0.38037819 0.06303097 0.09536859
 2.74047684e-04 2.68566731e-02 1.25787887e-01 8.47081392e-01
 0.03315977 0.0764593  0.02219786 0.86818306
 0.20197314 0.03617429 0.0413812  0.72047136
 0.16086599 0.15620718 0.01945739 0.66346944
 0.53987394 0.16333242 0.12058098 0.17621266

MOTIF human_l3_f_36
letter-probability matrix: alength= 4 w= 9 
 0.09236948 0.27710843 0.18714859 0.44337349
 0.02048193 0.16064257 0.00160643 0.81726908
 0.32570281 0.04497992 0.43253012 0.19678715
 0.02891566 0.71044177 0.00883534 0.25180723
 0.41004016 0.08915663 0.03855422 0.462249  
 1.73493976e-01 4.01606426e-04 6.99598394e-01 1.26506024e-01
 0.45341365 0.06506024 0.35301205 0.12851406
 0.08393574 0.40240964 0.34136546 0.17228916
 0.13212851 0.24337349 0.39518072 0.22931727

MOTIF human_l3_f_37
letter-probability matrix: alength= 4 w= 9 
 0.1456077  0.06979543 0.10619735 0.67839952
 0.04753309 0.12334537 0.02105897 0.80806258
 0.27376655 0.02797834 0.53790614 0.16034898
 0.03279182 0.16034898 0.00752106 0.79933815
 0.03880866 0.06077016 0.08483755 0.81558363
 0.00872443 0.00631769 0.1122142  0.87274368
 0.11492178 0.061071   0.21149218 0.61251504
 0.11853189 0.21329723 0.54813478 0.1200361 
 0.02466907 0.05174489 0.37906137 0.54452467

MOTIF human_l3_f_39
letter-probability matrix: alength= 4 w= 9 
 0.49561513 0.08669506 0.16562265 0.25206715
 0.35630168 0.13179654 0.23603107 0.27587071
 0.21122526 0.34978702 0.26158857 0.17739915
 0.15735405 0.00200451 0.67727387 0.16336758
 0.33324981 0.20170383 0.21423202 0.25081433
 0.23903784 0.43247306 0.15184164 0.17664746
 0.02255074 0.24054122 0.00075169 0.73615635
 0.08844901 0.17038336 0.17238787 0.56877975
 0.10573791 0.0491105  0.51140065 0.33375094

MOTIF human_l3_f_41
letter-probability matrix: alength= 4 w= 9 
 0.04621622 0.10972973 0.61594595 0.22810811
 0.03216216 0.1672973  0.05945946 0.74108108
 0.10081081 0.00405405 0.66432432 0.23081081
 0.07432432 0.25594595 0.12351351 0.54621622
 1.11621622e-01 2.70270270e-04 4.66756757e-01 4.21351351e-01
 0.02621622 0.2272973  0.0872973  0.65918919
 0.51243243 0.00108108 0.34891892 0.13756757
 0.11648649 0.22702703 0.18054054 0.47594595
 0.27189189 0.17945946 0.24351351 0.30513514

MOTIF human_l3_f_43
letter-probability matrix: alength= 4 w= 9 
 0.0873888  0.02721088 0.03401361 0.85138671
 0.51805338 0.05442177 0.35845107 0.06907378
 0.70381999 0.03872318 0.24646782 0.01098901
 0.01098901 0.02511774 0.22867609 0.73521716
 0.73731031 0.0685505  0.18681319 0.00732601
 0.62899006 0.00941915 0.30559916 0.05599163
 0.42490842 0.06488749 0.09366824 0.41653585
 0.56776557 0.07169021 0.05599163 0.30455259
 0.27995814 0.05232862 0.27891156 0.38880167

MOTIF human_l3_f_45
letter-probability matrix: alength= 4 w= 9 
 0.14460539 0.25674326 0.11788212 0.48076923
 0.58941059 0.08391608 0.14360639 0.18306693
 0.29245754 0.25174825 0.28046953 0.17532468
 2.49750250e-04 1.02397602e-02 7.24275724e-03 9.82267732e-01
 0.46953047 0.0044955  0.52497502 0.000999  
 7.81968032e-01 4.99500500e-04 2.11538462e-01 5.99400599e-03
 0.28746254 0.14160839 0.3016983  0.26923077
 0.27947053 0.16683317 0.31043956 0.24325674
 0.28096903 0.21078921 0.16933067 0.33891109

MOTIF human_l3_f_46
letter-probability matrix: alength= 4 w= 9 
 0.58084772 0.11512297 0.18838305 0.11564626
 0.41208791 0.1329147  0.19754055 0.25745683
 9.16535845e-01 4.26478284e-02 4.00313972e-02 7.84929356e-04
 0.28597593 0.00418629 0.59157509 0.11826269
 0.29042386 0.02956567 0.38199895 0.29801151
 0.31868132 0.02066981 0.58424908 0.07639979
 5.69858713e-01 6.80272109e-03 4.23076923e-01 2.61643119e-04
 0.14547357 0.04578755 0.5188383  0.28990058
 0.37859759 0.1596023  0.22867609 0.23312402

MOTIF human_l3_f_47
letter-probability matrix: alength= 4 w= 9 
 0.16037111 0.2899271  0.34758118 0.20212061
 0.19449967 0.26673294 0.00861498 0.53015242
 0.6010603  0.15275017 0.24320742 0.00298211
 0.13088138 0.0841617  0.73558648 0.04937044
 0.04075547 0.15275017 0.04274354 0.76375083
 0.17925779 0.39297548 0.20775348 0.22001325
 0.06891981 0.58548708 0.1888668  0.15672631
 0.1785951  0.76838966 0.02617628 0.02683897
 0.07819748 0.13684559 0.34791252 0.4370444 

MOTIF human_l3_f_48
letter-probability matrix: alength= 4 w= 9 
 0.11955206 0.07929782 0.20217918 0.59897094
 0.22790557 0.11955206 0.02542373 0.62711864
 1.42251816e-01 6.96125908e-03 3.02663438e-04 8.50484262e-01
 0.00696126 0.02754237 0.00514528 0.96035109
 3.02663438e-04 4.84261501e-02 3.02663438e-04 9.50968523e-01
 0.47972155 0.35986683 0.04479419 0.11561743
 3.87409201e-02 4.18280872e-01 3.02663438e-04 5.42675545e-01
 0.10169492 0.16253027 0.04872881 0.687046  
 0.10562954 0.2027845  0.1374092  0.55417676

MOTIF human_l3_f_50
letter-probability matrix: alength= 4 w= 9 
 0.37179865 0.0403297  0.54754195 0.0403297 
 0.48366205 0.08036503 0.41448337 0.02148955
 0.57226965 0.0220783  0.40182514 0.00382691
 0.68737121 0.0338534  0.26346777 0.01530762
 0.10980277 0.00971445 0.10185458 0.7786282 
 0.28790109 0.02973212 0.09949956 0.58286724
 0.22225493 0.13600236 0.00559317 0.63614954
 0.43420665 0.14601119 0.17515455 0.24462761
 0.41860465 0.23461878 0.14954372 0.19723285

MOTIF human_l3_f_51
letter-probability matrix: alength= 4 w= 9 
 0.39235764 0.10839161 0.26148851 0.23776224
 0.47002997 0.00899101 0.20929071 0.31168831
 0.07167832 0.31993007 0.27847153 0.32992008
 0.03371628 0.18756244 0.71753247 0.06118881
 0.09165834 0.18156843 0.11413586 0.61263736
 0.34365634 0.22852148 0.10589411 0.32192807
 0.41708292 0.01323676 0.07667333 0.49300699
 0.30819181 0.1456044  0.13461538 0.41158841
 0.15784216 0.23976024 0.1953047  0.40709291

MOTIF human_l3_f_52
letter-probability matrix: alength= 4 w= 9 
 0.09065934 0.02722278 0.09465534 0.78746254
 0.04695305 0.04320679 0.12337662 0.78646354
 3.74625375e-03 2.49750250e-04 9.56543457e-02 9.00349650e-01
 0.08291708 0.01973027 0.37737263 0.51998002
 8.99100899e-03 2.49750250e-04 2.74725275e-03 9.88011988e-01
 2.49750250e-03 1.84815185e-02 2.49750250e-04 9.78771229e-01
 2.49750250e-04 2.49750250e-04 3.20929071e-01 6.78571429e-01
 0.52172827 0.02147852 0.09390609 0.36288711
 0.11788212 0.00774226 0.1003996  0.77397602

MOTIF human_l3_f_55
letter-probability matrix: alength= 4 w= 9 
 0.54925 0.12325 0.03775 0.28975
 0.59175 0.3715  0.009   0.02775
 0.296  0.1335 0.1825 0.388 
 0.35325 0.0895  0.105   0.45225
 0.28425 0.024   0.09375 0.598  
 0.495   0.1685  0.07025 0.26625
 0.701   0.0095  0.04475 0.24475
 0.29275 0.10675 0.0895  0.511  
 0.62175 0.134   0.01475 0.2295 

MOTIF human_l3_f_57
letter-probability matrix: alength= 4 w= 9 
 0.52586462 0.10227609 0.18681644 0.18504286
 0.3650606  0.22140112 0.29145729 0.12208099
 0.35648832 0.07123855 0.35382796 0.21844517
 2.95595625e-04 7.26574047e-01 3.84274313e-02 2.34702926e-01
 0.25509902 0.17351463 0.37067691 0.20070943
 0.1489802  0.58971327 0.01507538 0.24623116
 0.90452261 0.00591191 0.02512563 0.06443985
 0.01182383 0.04197458 0.44428022 0.50192137
 0.07833284 0.49246231 0.14986698 0.27933787

MOTIF human_l3_f_58
letter-probability matrix: alength= 4 w= 9 
 0.38426821 0.50870406 0.0554481  0.05157963
 0.92392005 0.01547389 0.00644745 0.05415861
 0.18568665 0.00193424 0.52546744 0.28691167
 0.05802708 0.41328175 0.03803997 0.49065119
 0.03481625 0.18697614 0.11154094 0.66666667
 0.41005803 0.36492585 0.22114765 0.00386847
 0.76595745 0.11283043 0.07994842 0.0412637 
 0.21147647 0.10444874 0.49065119 0.1934236 
 0.19471309 0.27659574 0.25209542 0.27659574

MOTIF human_l3_f_59
letter-probability matrix: alength= 4 w= 9 
 0.02702703 0.18867925 0.11932687 0.66496685
 0.00203978 0.59663437 0.11677715 0.2845487 
 0.07343192 0.21009689 0.42835288 0.28811831
 0.03773585 0.29882713 0.43855176 0.22488526
 7.44518103e-02 8.79143294e-01 5.09943906e-04 4.58949516e-02
 0.00101989 0.39112698 0.01223865 0.59561448
 0.37888832 0.29576747 0.06578276 0.25956145
 0.15859255 0.36206017 0.04079551 0.43855176
 0.16624171 0.22743498 0.42121367 0.18510964

MOTIF human_l3_f_67
letter-probability matrix: alength= 4 w= 9 
 0.33215815 0.25484765 0.18358096 0.22941325
 0.23998993 0.28053387 0.37874591 0.10073029
 0.25938051 0.46512214 0.02165701 0.25384034
 0.59808612 0.15688743 0.07000755 0.17501889
 0.24930748 0.3434903  0.21908839 0.18811383
 2.51825737e-04 1.11558801e-01 6.31578947e-01 2.56610426e-01
 0.43339209 0.18081088 0.23319063 0.1526064 
 0.32686981 0.26643163 0.17451524 0.23218333
 0.18232183 0.33971292 0.0783178  0.39964744

MOTIF human_l3_f_70
letter-probability matrix: alength= 4 w= 9 
 0.42957043 0.12237762 0.10864136 0.33941059
 0.23401598 0.27097902 0.2012987  0.29370629
 2.57242757e-02 6.05144855e-01 2.49750250e-04 3.68881119e-01
 2.49750250e-04 1.57092907e-01 3.86113886e-01 4.56543457e-01
 0.11988012 0.11313686 0.17757243 0.58941059
 0.02122877 0.14885115 0.20979021 0.62012987
 0.15284715 0.31668332 0.07867133 0.4517982 
 0.19555445 0.06818182 0.12087912 0.61538462
 0.16208791 0.03896104 0.16608392 0.63286713

MOTIF human_l3_f_75
letter-probability matrix: alength= 4 w= 9 
 0.13811189 0.11038961 0.46028971 0.29120879
 0.5521978  0.21878122 0.13386613 0.09515485
 0.62037962 0.03196803 0.1530969  0.19455544
 0.498002   0.16733267 0.13636364 0.1983017 
 0.12837163 0.06843157 0.23876124 0.56443556
 0.27597403 0.12737263 0.37487512 0.22177822
 0.47127872 0.04120879 0.29170829 0.1958042 
 0.36363636 0.19905095 0.16458541 0.27272727
 0.22677323 0.40809191 0.12362637 0.24150849

MOTIF human_l3_f_81
letter-probability matrix: alength= 4 w= 9 
 0.06079831 0.20724293 0.36452551 0.36743325
 0.01215966 0.88078245 0.04916733 0.05789056
 0.31773725 0.18133756 0.05577584 0.44514935
 2.88131113e-02 2.64340471e-04 8.64657679e-01 1.06264869e-01
 0.15913296 0.4023262  0.23922813 0.19931271
 0.05445414 0.05789056 0.2246894  0.6629659 
 0.35500925 0.29526831 0.13772139 0.21200106
 0.40047581 0.35659529 0.0568332  0.18609569
 0.31879461 0.11287338 0.12794079 0.44039122

MOTIF human_l3_f_82
letter-probability matrix: alength= 4 w= 9 
 0.43884485 0.09484711 0.17667044 0.2896376 
 0.14552661 0.29105323 0.00736127 0.55605889
 0.15713477 0.1619479  0.44082673 0.2400906 
 0.00396376 0.43856172 0.00141563 0.55605889
 0.22423556 0.15911665 0.48074745 0.13590034
 0.13023783 0.16761042 0.52916195 0.17298981
 0.73725934 0.13929785 0.11494904 0.00849377
 0.0682333  0.04048698 0.17525481 0.71602492
 0.16874292 0.18459796 0.3887316  0.25792752

MOTIF human_l3_f_83
letter-probability matrix: alength= 4 w= 9 
 0.20802583 0.06964945 0.21402214 0.50830258
 0.07195572 0.32287823 0.08440959 0.52075646
 0.10747232 0.00230627 0.85239852 0.03782288
 0.2702952  0.07887454 0.31549815 0.3353321 
 0.64114391 0.26845018 0.00369004 0.08671587
 4.61254613e-04 5.90405904e-02 6.35147601e-01 3.05350554e-01
 0.38607011 0.12315498 0.13191882 0.35885609
 0.28182657 0.37915129 0.18588561 0.15313653
 0.47186347 0.09363469 0.2103321  0.22416974

MOTIF human_l3_f_85
letter-probability matrix: alength= 4 w= 9 
 0.07865473 0.11960944 0.1027936  0.69894223
 0.11038785 0.22972606 0.02603743 0.63384866
 0.1250339  0.12747491 0.2769189  0.47057228
 0.07756984 0.33984269 0.03363168 0.54895579
 0.43639816 0.10197993 0.30268511 0.1589368 
 0.50800108 0.06699213 0.35014917 0.07485761
 0.13479794 0.12693247 0.34038514 0.39788446
 0.32736642 0.16734472 0.01898563 0.48630323
 0.51532411 0.17304041 0.13018714 0.18144833

MOTIF human_l3_f_86
letter-probability matrix: alength= 4 w= 9 
 0.19311416 0.07895418 0.14703598 0.58089568
 0.00284753 0.00621279 0.00854258 0.9823971 
 2.58866166e-04 4.19363189e-02 4.71136422e-02 9.10691173e-01
 0.03494693 0.03624126 0.77633963 0.15247217
 0.01035465 0.14496505 0.21615325 0.62852705
 0.06834067 0.0872379  0.08257831 0.76184313
 0.02614548 0.01889723 0.25368884 0.70126844
 0.07248253 0.00957805 0.24954698 0.66839244
 0.20528087 0.02019156 0.13719907 0.6373285 

MOTIF human_l3_f_89
letter-probability matrix: alength= 4 w= 9 
 0.4918689  0.35301476 0.03902927 0.11608707
 0.59594696 0.0385289  0.32674506 0.03877908
 0.30522892 0.03527646 0.12884663 0.53064799
 0.00300225 0.08631474 0.36077058 0.54991243
 0.12359269 0.08206155 0.43457593 0.35976983
 0.15061296 0.03927946 0.42156617 0.38854141
 0.22717038 0.03252439 0.67500625 0.06529897
 0.4088066  0.11983988 0.34751063 0.12384288
 0.34851138 0.27595697 0.20015011 0.17538154

MOTIF human_l3_f_90
letter-probability matrix: alength= 4 w= 9 
 0.27181642 0.1195863  0.14091791 0.46767938
 0.28862314 0.12637363 0.23529412 0.34970911
 0.31577246 0.01745314 0.45701357 0.20976083
 0.10116354 0.35843568 0.41628959 0.12411118
 0.47640595 0.0416936  0.16321913 0.31868132
 0.25339367 0.01228184 0.40336134 0.33096315
 0.31189399 0.03361345 0.04395604 0.61053652
 0.49256626 0.08694247 0.27860375 0.14188752
 0.38073691 0.24725275 0.33742728 0.03458306

MOTIF human_l3_f_92
letter-probability matrix: alength= 4 w= 9 
 0.070794   0.08217657 0.24208773 0.6049417 
 0.24958356 0.23459189 0.44447529 0.07134925
 0.10855081 0.13770128 0.43697946 0.31676846
 0.03498057 0.02887285 0.24208773 0.69405886
 0.07273737 0.10355358 0.18350916 0.64019989
 0.5424764  0.22154359 0.17518046 0.06079956
 0.72015547 0.03359245 0.21682399 0.0294281 
 0.38811771 0.39450305 0.14353137 0.07384786
 0.5188784  0.1038312  0.16074403 0.21654636

MOTIF human_l3_f_94
letter-probability matrix: alength= 4 w= 9 
 0.32150887 0.10991756 0.32975269 0.23882088
 0.54783912 0.16837372 0.23032725 0.05345991
 0.19810142 0.01698726 0.21683737 0.56807394
 0.1838621  0.02797902 0.11366475 0.67449413
 0.3952036  0.03372471 0.01948539 0.55158631
 9.55283537e-01 1.99850112e-03 2.49812641e-04 4.24681489e-02
 0.32725456 0.30602048 0.17037222 0.19635274
 0.36422683 0.02448164 0.06420185 0.54708968
 0.28478641 0.29727704 0.17411941 0.24381714

MOTIF human_l3_f_95
letter-probability matrix: alength= 4 w= 9 
 0.26941817 0.37919175 0.18486672 0.16652336
 0.02894812 0.18601318 0.32932072 0.45571797
 0.10404127 0.26253941 0.46746919 0.16595013
 0.05646317 0.57380338 0.08397822 0.28575523
 0.0816853  0.20063055 0.52192605 0.1957581 
 0.48351963 0.35654915 0.05187733 0.10805388
 0.32043565 0.10604758 0.28403554 0.28948123
 0.47750072 0.0323875  0.0189166  0.47119518
 0.61622241 0.18314703 0.03697334 0.16365721

MOTIF human_l3_f_96
letter-probability matrix: alength= 4 w= 9 
 0.22847147 0.19537137 0.28121636 0.2949408 
 0.25861141 0.19510226 0.20021529 0.34607104
 0.26399354 0.07050592 0.3280409  0.33745963
 0.13455328 0.65069968 0.12271259 0.09203445
 0.58934338 0.13347686 0.14720129 0.12997847
 0.30785791 0.11625404 0.17680301 0.39908504
 0.34930032 0.31673843 0.08449946 0.24946179
 0.49246502 0.16576964 0.13885899 0.20290635
 0.18272336 0.23062433 0.15500538 0.43164693

MOTIF human_l3_f_98
letter-probability matrix: alength= 4 w= 9 
 0.20020351 0.29127448 0.34088018 0.16764182
 0.18799288 0.44696006 0.34138896 0.0236581 
 0.02772831 0.55507504 0.1508522  0.26634444
 0.30552022 0.27295853 0.04909692 0.37242432
 0.23810735 0.06105317 0.18697532 0.51386416
 0.25515136 0.0063597  0.44517934 0.29330959
 0.17145764 0.09132536 0.20758077 0.52963622
 0.08522005 0.40422284 0.21012465 0.30043246
 0.0496057  0.35792419 0.25362503 0.33884508

MOTIF human_l3_f_99
letter-probability matrix: alength= 4 w= 9 
 0.33716284 0.23676324 0.17057942 0.25549451
 0.26448551 0.11613387 0.08541459 0.53396603
 0.01123876 0.25799201 0.08066933 0.6500999 
 0.37437562 0.10939061 0.04445554 0.47177822
 0.26648352 0.16708292 0.28346653 0.28296703
 0.08116883 0.02622378 0.05669331 0.83591409
 0.7534965  0.00624376 0.16383616 0.07642358
 0.48651349 0.02647353 0.47077922 0.01623377
 0.43131868 0.17482517 0.1486014  0.24525475

MOTIF human_l3_f_100
letter-probability matrix: alength= 4 w= 9 
 0.38041573 0.0438267  0.15677436 0.41898322
 0.00576008 0.00475833 0.07913849 0.9103431 
 0.01652893 0.00350614 0.06436263 0.9156023 
 0.01001753 0.04332582 0.22038567 0.72627097
 0.23340846 0.01728024 0.23441022 0.51490108
 4.21738042e-01 4.88354621e-02 2.50438267e-04 5.29176058e-01
 0.05634861 0.06185825 0.01452542 0.86726772
 0.02304032 0.08590033 0.09115953 0.79989982
 0.35762585 0.17981468 0.09942399 0.36313549

MOTIF human_l3_f_101
letter-probability matrix: alength= 4 w= 9 
 0.26104418 0.07856426 0.0998996  0.56049197
 0.09111446 0.03463855 0.12223896 0.75200803
 0.15035141 0.31777108 0.15512048 0.37675703
 0.27334337 0.12399598 0.31049197 0.29216867
 0.31777108 0.05848394 0.31726908 0.3064759 
 0.50401606 0.09412651 0.00200803 0.3998494 
 0.51305221 0.17369478 0.09964859 0.21360442
 0.36370482 0.38805221 0.13604418 0.1121988 
 0.33032129 0.17269076 0.09914659 0.39784137

MOTIF human_l3_f_103
letter-probability matrix: alength= 4 w= 9 
 0.2441247  0.13669065 0.24940048 0.36978417
 0.10839329 0.08153477 0.03261391 0.77745803
 0.61342926 0.05515588 0.20815348 0.12326139
 0.52997602 0.08057554 0.34964029 0.03980815
 0.00959233 0.04460432 0.02494005 0.92086331
 0.84748201 0.03549161 0.08441247 0.03261391
 0.53141487 0.01007194 0.45083933 0.00767386
 0.40095923 0.09640288 0.17218225 0.33045564
 0.21822542 0.19952038 0.20719424 0.37505995

MOTIF human_l3_f_105
letter-probability matrix: alength= 4 w= 9 
 0.2199211  0.07889546 0.32642998 0.37475345
 0.21597633 0.18902038 0.22353715 0.37146614
 0.17291256 0.19165023 0.03977646 0.59566075
 0.42472058 0.24852071 0.05719921 0.2695595 
 0.01512163 0.96318212 0.01282051 0.00887574
 3.28731098e-04 1.87705457e-01 1.05851414e-01 7.06114398e-01
 6.57462196e-04 3.71466141e-02 1.65680473e-01 7.96515450e-01
 0.00460224 0.00164366 0.38132807 0.61242604
 0.22781065 0.1808021  0.47600263 0.11538462

MOTIF human_l3_f_107
letter-probability matrix: alength= 4 w= 9 
 0.22688656 0.05322339 0.05647176 0.66341829
 0.00249875 0.08245877 0.0069965  0.90804598
 0.01874063 0.13818091 0.07446277 0.76861569
 0.00949525 0.03198401 0.21264368 0.74587706
 0.01449275 0.10769615 0.00724638 0.87056472
 3.09345327e-01 5.36981509e-01 2.49875062e-04 1.53423288e-01
 0.45452274 0.14117941 0.02273863 0.38155922
 0.52348826 0.0882059  0.17741129 0.21089455
 0.4097951  0.06446777 0.10294853 0.42278861

MOTIF human_l3_f_110
letter-probability matrix: alength= 4 w= 9 
 0.28804649 0.08273381 0.19203099 0.43718871
 0.00138351 0.10680686 0.1770891  0.71472053
 0.00498063 0.01355838 0.00830105 0.97315993
 4.64858882e-02 2.76701716e-04 9.52960708e-01 2.76701716e-04
 0.09933592 0.81627006 0.00719424 0.07719978
 0.0489762  0.14969563 0.00110681 0.80022136
 0.23574986 0.2747648  0.24349751 0.24598783
 0.21721085 0.11925844 0.24903154 0.41449917
 0.30796901 0.15578307 0.25318207 0.28306586

MOTIF human_l3_f_111
letter-probability matrix: alength= 4 w= 9 
 0.13705323 0.10362561 0.38261764 0.37670352
 0.21599383 0.26279249 0.18616611 0.33504757
 0.13962458 0.23630753 0.28362047 0.34044742
 0.32450501 0.03317048 0.19130882 0.45101569
 0.02674209 0.34147596 0.01697094 0.61481101
 0.08742607 0.68732322 0.03857033 0.18668038
 0.02211365 0.1571098  0.40061713 0.42015942
 0.39496014 0.14296734 0.18565184 0.27642067
 0.39136025 0.10002571 0.08588326 0.42273078

MOTIF human_l3_f_113
letter-probability matrix: alength= 4 w= 9 
 0.06343476 0.028623   0.14079422 0.76714801
 0.01315111 0.01650335 0.27256318 0.69778236
 0.05518308 0.07916452 0.41696751 0.44868489
 0.47937081 0.15007736 0.02088706 0.34966478
 0.28081485 0.05079938 0.10598247 0.5624033 
 0.09154203 0.13176895 0.09876225 0.67792677
 0.04280557 0.52320784 0.34734399 0.0866426 
 0.07349149 0.16219701 0.21738009 0.54693141
 0.36591026 0.15729758 0.20268179 0.27411037

MOTIF human_l3_f_114
letter-probability matrix: alength= 4 w= 9 
 0.1052492  0.15562036 0.45201485 0.28711559
 0.02757158 0.22693531 0.01352068 0.73197243
 0.13123012 0.02730647 0.47613998 0.36532344
 0.44247084 0.03419936 0.01988335 0.50344645
 0.23144221 0.25371156 0.27889714 0.2359491 
 0.7592789  0.09066808 0.00556734 0.14448568
 0.59278897 0.06044539 0.32608696 0.02067869
 0.45148462 0.11797455 0.24602333 0.1845175 
 0.53181336 0.11002121 0.17497349 0.18319194

MOTIF human_l3_f_115
letter-probability matrix: alength= 4 w= 9 
 0.16819806 0.19831547 0.28254211 0.35094436
 0.73072996 0.06482899 0.11281266 0.09162838
 0.05155692 0.11817254 0.29019908 0.54007147
 0.00816743 0.08575804 0.18172537 0.72434916
 0.25523226 0.11587545 0.27947933 0.34941297
 0.15160796 0.02067381 0.45431343 0.3734048 
 0.36421644 0.10413476 0.27003573 0.26161307
 0.08371618 0.3085758  0.24757529 0.36013272
 0.42930066 0.05308831 0.19270036 0.32491067

MOTIF human_l3_f_116
letter-probability matrix: alength= 4 w= 9 
 0.50421743 0.11652609 0.10059356 0.27866292
 0.37613246 0.05404561 0.17275851 0.39706342
 0.29834427 0.078413   0.04561075 0.57763199
 0.69821931 0.04748516 0.14370509 0.11059044
 0.41487035 0.14276789 0.19181506 0.2505467 
 0.08809747 0.10684161 0.08903468 0.71602624
 0.32302405 0.13808185 0.12714777 0.41174633
 0.18525461 0.0524836  0.17931896 0.58294283
 0.26554202 0.18306779 0.07310216 0.47828803

MOTIF human_l3_f_118
letter-probability matrix: alength= 4 w= 9 
 0.26573427 0.18756244 0.43056943 0.11613387
 0.1043956  0.1013986  0.4035964  0.39060939
 0.09865135 0.0462038  0.22677323 0.62837163
 0.25524476 0.08741259 0.6008991  0.05644356
 0.14335664 0.26848152 0.43581419 0.15234765
 0.24175824 0.18206793 0.03371628 0.54245754
 0.02447552 0.00999001 0.72652348 0.23901099
 0.21353646 0.15784216 0.54445554 0.08416583
 0.13036963 0.1968032  0.3479021  0.32492507

MOTIF human_l3_f_119
letter-probability matrix: alength= 4 w= 9 
 0.44847529 0.026551   0.25657203 0.26840168
 0.29363828 0.17613039 0.00157729 0.52865405
 0.19847529 0.13117771 0.02891693 0.64143007
 0.32912723 0.18243954 0.00078864 0.48764458
 0.31466877 0.1340694  0.02628812 0.52497371
 4.57676130e-01 5.41272345e-01 2.62881178e-04 7.88643533e-04
 0.81125131 0.09253417 0.02444795 0.07176656
 0.53654048 0.02549947 0.28470032 0.15325973
 0.27497371 0.10672976 0.26866456 0.34963197

MOTIF human_l3_f_121
letter-probability matrix: alength= 4 w= 9 
 0.35864136 0.37962038 0.07217782 0.18956044
 0.40859141 0.33291708 0.06143856 0.19705295
 0.33266733 0.0974026  0.33216783 0.23776224
 0.35314685 0.13936064 0.1500999  0.35739261
 0.14010989 0.1018981  0.14160839 0.61638362
 0.18956044 0.01448551 0.20504496 0.59090909
 0.20679321 0.16358641 0.53221778 0.0974026 
 0.11638362 0.10764236 0.12662338 0.64935065
 0.03321678 0.0954046  0.04395604 0.82742258

MOTIF human_l3_f_122
letter-probability matrix: alength= 4 w= 9 
 0.23661753 0.14041893 0.19860357 0.42435997
 0.25058185 0.03335919 0.10628394 0.60977502
 0.11714507 0.5003879  0.05352987 0.32893716
 0.06051202 0.16214119 0.09231963 0.68502715
 0.08688906 0.41194725 0.01939488 0.48176881
 0.05120248 0.00853375 0.21101629 0.72924748
 0.65399535 0.00775795 0.33747091 0.0007758 
 8.37083010e-01 7.75795190e-04 7.60279286e-02 8.61132661e-02
 0.39953452 0.13576416 0.25678821 0.20791311

MOTIF human_l3_f_123
letter-probability matrix: alength= 4 w= 9 
 0.39375349 0.0819855  0.218628   0.30563302
 0.55577245 0.29475739 0.08449526 0.0649749 
 0.54852203 0.19325153 0.14277747 0.11544897
 0.91466815 0.0443391  0.00306748 0.03792526
 0.27133296 0.10819855 0.04155047 0.57891801
 0.00083659 0.23814835 0.02175125 0.7392638 
 0.61935304 0.11349693 0.19520357 0.07194646
 0.04740658 0.55047407 0.0568879  0.34523146
 0.63413274 0.07808143 0.10819855 0.17958728

MOTIF human_l3_f_125
letter-probability matrix: alength= 4 w= 9 
 0.48301698 0.30594406 0.11963037 0.09140859
 0.25224775 0.18281718 0.06343656 0.5014985 
 0.03971029 0.58591409 0.03521479 0.33916084
 0.03871129 0.25474525 0.63561439 0.07092907
 0.13736264 0.49000999 0.04995005 0.32267732
 0.22477522 0.22252747 0.11263736 0.44005994
 0.12662338 0.29120879 0.12362637 0.45854146
 0.26773227 0.19230769 0.2962038  0.24375624
 0.21478521 0.1003996  0.32142857 0.36338661

MOTIF human_l3_f_126
letter-probability matrix: alength= 4 w= 9 
 0.5262605  0.07422969 0.08018207 0.31932773
 0.09803922 0.02941176 0.10784314 0.76470588
 0.09173669 0.0105042  0.34313725 0.55462185
 0.11169468 0.08403361 0.3522409  0.45203081
 0.4030112  0.03466387 0.49439776 0.06792717
 0.34908964 0.04586835 0.19922969 0.40581232
 0.70098039 0.2289916  0.04166667 0.02836134
 0.24439776 0.00315126 0.08543417 0.66701681
 0.33613445 0.01085434 0.04621849 0.60679272

MOTIF human_l3_f_128
letter-probability matrix: alength= 4 w= 9 
 0.40156532 0.09662854 0.13816978 0.36363636
 0.12913907 0.00933173 0.064118   0.7974112 
 0.00391331 0.21312462 0.00842866 0.77453341
 3.01023480e-04 2.34497291e-01 4.40999398e-01 3.24202288e-01
 3.01023480e-04 1.20409392e-02 9.06080674e-02 8.97049970e-01
 0.21312462 0.27513546 0.50782661 0.00391331
 0.01896448 0.0602047  0.09121011 0.82962071
 0.13004214 0.00150512 0.08127634 0.7871764 
 0.10234798 0.02498495 0.10325105 0.76941601

MOTIF human_l3_f_129
letter-probability matrix: alength= 4 w= 9 
 0.04350251 0.38817624 0.20524261 0.36307864
 1.34969325e-01 7.25041829e-03 8.57222532e-01 5.57724484e-04
 0.10206358 0.40435025 0.49302844 0.00055772
 1.50585611e-02 7.81929727e-01 5.57724484e-04 2.02453988e-01
 0.05744562 0.73619632 0.06692694 0.13943112
 0.01003904 0.67707752 0.06079197 0.25209147
 0.38873397 0.25878416 0.28388176 0.06860011
 0.08867819 0.49525934 0.21360848 0.20245399
 0.25153374 0.30507529 0.14723926 0.2961517 

MOTIF human_l3_f_132
letter-probability matrix: alength= 4 w= 9 
 0.45238095 0.04285714 0.28539683 0.21936508
 0.55079365 0.15047619 0.19269841 0.10603175
 0.66698413 0.11301587 0.21301587 0.00698413
 0.82126984 0.07174603 0.02444444 0.08253968
 3.35873016e-01 7.04761905e-02 3.17460317e-04 5.93333333e-01
 3.17460317e-04 1.12698413e-01 6.31746032e-02 8.23809524e-01
 0.38730159 0.17301587 0.02634921 0.41333333
 0.04       0.2968254  0.01428571 0.64888889
 0.34253968 0.19619048 0.05206349 0.40920635

MOTIF human_l3_f_134
letter-probability matrix: alength= 4 w= 9 
 0.3317757  0.12694704 0.15706127 0.38421599
 0.15446521 0.29724818 0.18094496 0.36734164
 0.07554517 0.29620976 0.04517134 0.58307373
 0.07113188 0.01998962 0.32372793 0.58515057
 0.11163032 0.12409138 0.06386293 0.70041537
 0.28322949 0.05529595 0.06619938 0.59527518
 2.59605400e-02 2.59605400e-04 3.87850467e-01 5.85929387e-01
 0.43821391 0.00882658 0.55218069 0.00077882
 0.52596054 0.09345794 0.21495327 0.16562825

MOTIF human_l3_f_137
letter-probability matrix: alength= 4 w= 9 
 0.33619168 0.28196721 0.17679697 0.20504414
 0.23455233 0.27843632 0.09861286 0.38839849
 0.489029   0.14375788 0.06078184 0.30643127
 0.04514502 0.21437579 0.09306431 0.64741488
 0.16872636 0.08373266 0.05674653 0.69079445
 0.62749054 0.01891551 0.1334174  0.22017654
 0.83026482 0.05220681 0.04943253 0.06809584
 0.14577554 0.30315259 0.40403531 0.14703657
 0.28953342 0.24968474 0.23530895 0.22547289

MOTIF human_l3_f_139
letter-probability matrix: alength= 4 w= 9 
 0.27298851 0.1637931  0.23876698 0.32445141
 0.23746082 0.14602926 0.28918495 0.32732497
 0.12852665 0.14785789 0.10005225 0.62356322
 0.48928945 0.04075235 0.14838036 0.32157785
 0.43364681 0.03343783 0.39263323 0.14028213
 0.04153605 0.01724138 0.03787879 0.90334378
 0.70088819 0.02951933 0.25208986 0.01750261
 0.62199582 0.01933124 0.34613375 0.01253918
 0.31321839 0.1415883  0.2246604  0.32053292

MOTIF human_l3_f_140
letter-probability matrix: alength= 4 w= 9 
 0.25064973 0.32053133 0.0926942  0.33612475
 0.45509674 0.0646838  0.17788045 0.30233901
 0.29223217 0.04042738 0.34392146 0.323419  
 0.00924054 0.09731447 0.02050245 0.87294254
 0.01645972 0.23881028 0.02627779 0.71845221
 0.56742709 0.05255559 0.28010396 0.09991337
 0.09760323 0.06497257 0.15275772 0.68466647
 0.5446145  0.07565694 0.01588218 0.36384638
 0.0629512  0.03869477 0.58706324 0.31129079

MOTIF human_l3_f_141
letter-probability matrix: alength= 4 w= 9 
 0.29600829 0.04795231 0.08009331 0.57594609
 2.59201659e-04 2.64126490e-01 2.20321410e-02 7.13582167e-01
 0.1412649  0.18247797 0.01814412 0.65811301
 0.30689476 0.01736651 0.13141524 0.54432348
 0.25920166 0.08631415 0.03551063 0.61897356
 0.05417315 0.11093831 0.37791602 0.45697252
 0.09668222 0.12752722 0.41316744 0.36262312
 0.38491446 0.08527735 0.42716433 0.10264386
 0.36132711 0.10705029 0.24157595 0.29004666

MOTIF human_l3_f_144
letter-probability matrix: alength= 4 w= 9 
 0.04357683 0.33627204 0.20478589 0.41536524
 0.01133501 0.3581864  0.17707809 0.4534005 
 0.31032746 0.1884131  0.3256927  0.17556675
 0.5115869  0.02015113 0.08589421 0.38236776
 0.6906801  0.07506297 0.04332494 0.19093199
 0.45969773 0.17531486 0.05037783 0.31460957
 0.28261965 0.0115869  0.14785894 0.55793451
 0.31687657 0.04508816 0.31234257 0.3256927 
 0.50881612 0.04030227 0.10302267 0.34785894

MOTIF human_l3_f_146
letter-probability matrix: alength= 4 w= 9 
 0.15311395 0.24748436 0.28936633 0.31003535
 0.05439217 0.08893119 0.0375306  0.81914604
 0.06336688 0.65787327 0.06227903 0.21648083
 0.13489258 0.28011966 0.13407669 0.45091107
 0.06989394 0.00271961 0.18275768 0.74462877
 0.24068534 0.02801197 0.45308676 0.27821594
 0.11231983 0.56649442 0.22028828 0.10089747
 0.10633669 0.11612728 0.46450911 0.31302692
 0.06608648 0.32200163 0.09219472 0.51971716

MOTIF human_l3_f_150
letter-probability matrix: alength= 4 w= 9 
 0.82342657 0.03296703 0.07167832 0.07192807
 0.68631369 0.09315684 0.02272727 0.1978022 
 0.27622378 0.13786214 0.46078921 0.12512488
 0.55794206 0.07367632 0.06468531 0.3036963 
 0.20354645 0.01398601 0.45829171 0.32417582
 0.45454545 0.07867133 0.03646354 0.43031968
 0.32842158 0.30894106 0.09115884 0.27147852
 0.06918082 0.01598402 0.18031968 0.73451548
 0.16708292 0.20779221 0.2027972  0.42232767

MOTIF human_l3_f_152
letter-probability matrix: alength= 4 w= 9 
 0.42907093 0.02547453 0.10614386 0.43931069
 0.11063936 0.03646354 0.10264735 0.75024975
 5.06993007e-02 1.89810190e-01 2.49750250e-04 7.59240759e-01
 0.17957043 0.08066933 0.07167832 0.66808192
 0.01823177 0.11713287 0.11513487 0.7495005 
 0.06518482 0.15184815 0.12862138 0.65434565
 0.17832168 0.02297702 0.11613387 0.68256743
 0.03521479 0.14435564 0.53571429 0.28471528
 0.26048951 0.12112887 0.24225774 0.37612388

MOTIF human_l3_f_153
letter-probability matrix: alength= 4 w= 9 
 0.1174132  0.21521336 0.058044   0.60932945
 0.64590512 0.05883912 0.03313014 0.26212563
 0.20540684 0.21812881 0.187119   0.38934535
 0.01431222 0.14921813 0.06997085 0.76649881
 0.33130135 0.12006361 0.19109462 0.35754042
 0.08269282 0.16962629 0.51523986 0.23244103
 0.57248874 0.01325205 0.08534323 0.32891598
 0.51444474 0.14285714 0.04823748 0.29446064
 0.26027034 0.18102306 0.31539889 0.24330771

MOTIF human_l3_f_154
letter-probability matrix: alength= 4 w= 9 
 0.02230672 0.04740177 0.04638783 0.88390368
 0.10240811 0.22306717 0.1148289  0.55969582
 0.23219265 0.02053232 0.02027883 0.7269962 
 0.69404309 0.01977186 0.00583016 0.28035488
 0.16400507 0.00253485 0.09125475 0.74220532
 0.01520913 0.19898606 0.08187579 0.70392902
 0.11356147 0.11787072 0.39442332 0.37414449
 0.20481622 0.1026616  0.01951838 0.6730038 
 0.31913815 0.12775665 0.32801014 0.22509506

MOTIF human_l3_f_157
letter-probability matrix: alength= 4 w= 9 
 0.03906763 0.18286277 0.15364412 0.62442548
 0.75016415 0.10768221 0.04596192 0.09619173
 0.53972423 0.10604071 0.03611293 0.31812213
 0.10242942 0.01510177 0.2751149  0.60735391
 0.37623112 0.38049902 0.0009849  0.24228496
 0.00919238 0.31943533 0.07550886 0.59586343
 0.09290873 0.1671044  0.07715036 0.66283651
 0.64445174 0.03250164 0.23670387 0.08634274
 0.10472751 0.07682206 0.11457649 0.70387393

MOTIF human_l3_f_158
letter-probability matrix: alength= 4 w= 9 
 8.53485064e-04 7.19772404e-02 8.53485064e-04 9.26315789e-01
 0.17837838 0.01052632 0.54423898 0.26685633
 0.67254623 0.0227596  0.08392603 0.22076814
 0.67908962 0.16073969 0.00256046 0.15761024
 0.15590327 0.08990043 0.11493599 0.63926031
 0.12375533 0.1943101  0.32062589 0.36130868
 0.26116643 0.12631579 0.37581792 0.23669986
 0.24381223 0.11891892 0.36472262 0.27254623
 0.21052632 0.32887624 0.09274538 0.36785206

MOTIF human_l3_f_159
letter-probability matrix: alength= 4 w= 9 
 0.29201245 0.24636929 0.32365145 0.1379668 
 0.43879668 0.00051867 0.18931535 0.37136929
 0.59439834 0.15560166 0.218361   0.031639  
 9.63174274e-01 5.18672199e-04 3.57883817e-02 5.18672199e-04
 0.73962656 0.22665975 0.0129668  0.02074689
 0.4310166  0.25414938 0.28060166 0.03423237
 8.33506224e-01 1.54045643e-01 1.19294606e-02 5.18672199e-04
 0.39574689 0.15145228 0.01037344 0.44242739
 0.53371369 0.19657676 0.09491701 0.17479253

MOTIF human_l3_f_160
letter-probability matrix: alength= 4 w= 9 
 0.1888131  0.10313779 0.13096862 0.57708049
 0.46466576 0.05429741 0.22237381 0.25866303
 0.37380628 0.06111869 0.34706685 0.21800819
 0.08976808 0.01173261 0.03028649 0.86821282
 0.47530696 0.01227831 0.42974079 0.08267394
 0.67257844 0.01937244 0.19263302 0.1154161 
 0.16207367 0.0840382  0.11923602 0.63465211
 0.59399727 0.08540246 0.18854025 0.13206003
 0.56725784 0.03929059 0.30177353 0.09167804

MOTIF human_l3_f_162
letter-probability matrix: alength= 4 w= 9 
 0.00884508 0.12787465 0.06823351 0.79504675
 0.11549153 0.089209   0.21809452 0.57720495
 0.08188021 0.09350518 0.1271165  0.6974981 
 0.51908011 0.01314127 0.03538034 0.43239828
 0.05104877 0.01238312 0.05863028 0.87793783
 7.78367450e-02 2.52716705e-04 5.48142532e-01 3.73768006e-01
 0.18347233 0.14253222 0.1301491  0.54384635
 0.08971443 0.05003791 0.23275208 0.62749558
 0.13671974 0.06216831 0.17159464 0.62951731

MOTIF human_l3_f_164
letter-probability matrix: alength= 4 w= 9 
 0.00569211 0.00336352 0.0160414  0.97490298
 0.0385511  0.0305304  0.01630013 0.91461837
 0.07115136 0.10892626 0.02225097 0.79767141
 0.11228978 0.11720569 0.03078913 0.73971539
 0.09184994 0.14825356 0.1469599  0.61293661
 0.12548512 0.18266494 0.12186287 0.56998706
 0.07684347 0.06416559 0.22923674 0.6297542 
 0.27244502 0.15705045 0.03285899 0.53764554
 0.10323415 0.2393273  0.07192755 0.585511  

MOTIF human_l3_f_165
letter-probability matrix: alength= 4 w= 9 
 0.3245544  0.29050279 0.34450652 0.04043629
 0.41260974 0.42670923 0.02873105 0.13194999
 0.37909018 0.13141793 0.09843043 0.39106145
 0.23596701 0.05959032 0.40276669 0.30167598
 0.22080341 0.12476723 0.04203246 0.61239691
 0.4160681  0.35301942 0.20111732 0.02979516
 0.10295291 0.16786379 0.65256717 0.07661612
 0.18249534 0.30140995 0.35807396 0.15802075
 0.31657356 0.3990423  0.03857409 0.24581006

MOTIF human_l3_f_166
letter-probability matrix: alength= 4 w= 9 
 0.05119009 0.27714379 0.0531464  0.61851973
 0.14313662 0.12129116 0.4189762  0.31659602
 0.2683404  0.07401369 0.24160417 0.41604173
 0.59406586 0.0006521  0.31985654 0.0854255 
 0.15520052 0.00652103 0.43593088 0.40234757
 0.63286599 0.04173459 0.32148679 0.00391262
 0.23051842 0.05477665 0.45614607 0.25855885
 0.4955983  0.07564395 0.19497881 0.23377894
 0.2373655  0.08412129 0.13335507 0.54515813

MOTIF human_l3_f_171
letter-probability matrix: alength= 4 w= 9 
 0.28923661 0.16548127 0.12802276 0.41725936
 0.31910858 0.07254623 0.17401612 0.43432907
 2.69796112e-01 6.69037459e-01 6.06922712e-02 4.74158369e-04
 4.74158369e-04 3.17686107e-02 8.35467046e-01 1.32290185e-01
 0.17638691 0.15742058 0.0592698  0.60692271
 0.12991939 0.00142248 0.19487909 0.67377904
 0.06401138 0.14129919 0.08013276 0.71455666
 0.34660977 0.36510194 0.28307255 0.00521574
 0.20151731 0.17638691 0.13513514 0.48696064

MOTIF human_l3_f_176
letter-probability matrix: alength= 4 w= 9 
 0.35010428 0.26642336 0.12747654 0.25599583
 0.09358707 0.53493222 0.26225235 0.10922836
 0.30865485 0.30161627 0.01251303 0.37721585
 0.1149635  0.63868613 0.0552659  0.19108446
 0.08498436 0.36027112 0.15328467 0.40145985
 0.21167883 0.20855057 0.09410845 0.48566215
 0.25677789 0.2346194  0.22862357 0.27997914
 0.53206465 0.3605318  0.00547445 0.10192909
 0.2544317  0.25156413 0.08342023 0.41058394

MOTIF human_l3_f_179
letter-probability matrix: alength= 4 w= 9 
 0.08559671 0.2266118  0.31495199 0.37283951
 0.00576132 0.55281207 0.02716049 0.41426612
 0.17777778 0.05980796 0.65953361 0.10288066
 0.05898491 0.02414266 0.75336077 0.16351166
 0.21234568 0.49190672 0.10397805 0.19176955
 0.0877915  0.76213992 0.02057613 0.12949246
 0.01838134 0.00548697 0.07462277 0.90150892
 0.35500686 0.40768176 0.07434842 0.16296296
 0.15171468 0.21015089 0.278738   0.35939643

MOTIF human_l3_f_180
letter-probability matrix: alength= 4 w= 9 
 0.19891156 0.18367347 0.07183673 0.54557823
 0.71727891 0.0029932  0.09442177 0.18530612
 0.0214966  0.14204082 0.00517007 0.83129252
 0.23510204 0.39727891 0.08517007 0.28244898
 0.14285714 0.01659864 0.48081633 0.35972789
 0.09659864 0.71428571 0.03428571 0.15482993
 0.06367347 0.10993197 0.24353741 0.58285714
 0.10176871 0.27238095 0.39537415 0.23047619
 0.26068027 0.18040816 0.31564626 0.24326531

MOTIF human_l3_f_181
letter-probability matrix: alength= 4 w= 9 
 0.51637864 0.11787465 0.30642249 0.05932422
 0.18622646 0.19009543 0.54294558 0.08073253
 0.15475883 0.45163786 0.00851174 0.38509157
 0.0492649  0.01650761 0.58189322 0.35233428
 0.27753418 0.2875935  0.21588857 0.21898375
 0.03224142 0.36033015 0.43280887 0.17461955
 0.20969822 0.05932422 0.27134382 0.45963374
 0.43977302 0.21021408 0.18390508 0.16610782
 0.36987361 0.29352592 0.1011091  0.23549136

MOTIF human_l3_f_183
letter-probability matrix: alength= 4 w= 9 
 0.27675648 0.13120121 0.47922438 0.11281793
 0.07504407 0.53941073 0.26718711 0.1183581 
 0.0176278  0.53941073 0.08133971 0.36162176
 0.02694535 0.00931755 0.13497859 0.8287585 
 0.03651473 0.01208764 0.8297658  0.12163183
 0.08159154 0.17174515 0.39360363 0.35305968
 0.09418283 0.21808109 0.33744649 0.3502896 
 0.17879627 0.54721733 0.14530345 0.12868295
 0.30873835 0.14857718 0.16016117 0.38252329

MOTIF human_l3_f_184
letter-probability matrix: alength= 4 w= 9 
 0.19184783 0.13179348 0.29347826 0.38288043
 0.02146739 0.21141304 0.45081522 0.31630435
 0.21195652 0.01766304 0.19103261 0.57934783
 0.15788043 0.17853261 0.57309783 0.09048913
 0.36195652 0.0201087  0.59836957 0.01956522
 0.40842391 0.02418478 0.29375    0.2736413 
 0.1736413  0.00815217 0.72146739 0.09673913
 0.62445652 0.07934783 0.09293478 0.20326087
 0.14728261 0.05163043 0.26657609 0.53451087

MOTIF human_l3_f_185
letter-probability matrix: alength= 4 w= 9 
 0.48917197 0.11745223 0.06751592 0.32585987
 0.19592357 0.19082803 0.07745223 0.53579618
 0.52738854 0.06420382 0.02955414 0.3788535 
 6.84585987e-01 2.54777070e-04 1.66878981e-01 1.48280255e-01
 0.24917197 0.03490446 0.05859873 0.65732484
 0.11363057 0.00229299 0.03847134 0.8456051 
 0.0433121  0.0089172  0.34343949 0.60433121
 0.22700637 0.01783439 0.24407643 0.5110828 
 0.46471338 0.05070064 0.23770701 0.24687898

MOTIF human_l3_f_188
letter-probability matrix: alength= 4 w= 9 
 0.3835461  0.21985816 0.24992908 0.14666667
 5.33333333e-02 5.06099291e-01 2.83687943e-04 4.40283688e-01
 0.11971631 0.21929078 0.10496454 0.55602837
 0.2048227  0.39007092 0.24       0.16510638
 0.18978723 0.36964539 0.01560284 0.42496454
 0.16085106 0.14921986 0.26439716 0.42553191
 0.11687943 0.41702128 0.01985816 0.44624113
 0.34326241 0.31858156 0.29588652 0.0422695 
 0.11205674 0.41673759 0.08510638 0.38609929

MOTIF human_l3_f_190
letter-probability matrix: alength= 4 w= 9 
 0.00431801 0.07848616 0.12319025 0.79400559
 0.15925832 0.27736855 0.29718059 0.26619253
 0.06832614 0.40817882 0.06680213 0.45669291
 0.22987046 0.01422403 0.06527813 0.69062738
 0.46101092 0.26822454 0.11760224 0.15316231
 0.54051308 0.05943612 0.13944628 0.26060452
 0.46812294 0.04114808 0.29108458 0.1996444 
 0.20472441 0.02311405 0.56261113 0.20955042
 0.57251715 0.09398019 0.27635255 0.05715011

MOTIF human_l3_f_194
letter-probability matrix: alength= 4 w= 9 
 0.11927772 0.24847406 0.06256358 0.56968464
 0.10554425 0.12182096 0.15081384 0.62182096
 0.2835707  0.05645982 0.17115972 0.48880977
 0.29603255 0.06586979 0.20676501 0.43133266
 2.44659207e-01 2.54323499e-04 2.42878942e-01 5.12207528e-01
 0.32858596 0.29450661 0.30137335 0.07553408
 0.23830112 0.13224822 0.02644964 0.60300102
 0.21744659 0.15386572 0.0811292  0.54755849
 0.14343845 0.15539166 0.05111902 0.65005086

MOTIF human_l3_f_195
letter-probability matrix: alength= 4 w= 9 
 0.42377957 0.16142558 0.25366876 0.16112609
 0.03054807 0.31506439 0.03024858 0.62413896
 0.34621144 0.06828392 0.26924229 0.31626235
 2.99490866e-04 1.99161426e-01 2.88110213e-01 5.12428871e-01
 0.16861336 0.13746631 0.04312668 0.65079365
 0.0688829  0.08265948 0.60736748 0.24109015
 0.79724468 0.07008086 0.01587302 0.11680144
 0.1868823  0.22252171 0.26325247 0.32734352
 0.29529799 0.30997305 0.06469003 0.33003893

MOTIF human_l3_f_197
letter-probability matrix: alength= 4 w= 9 
 0.22010481 0.11862792 0.20009528 0.46117199
 0.2553597  0.26679371 0.21200572 0.26584088
 0.27251072 0.06145784 0.65793235 0.00809909
 0.09909481 0.27918056 0.14149595 0.48022868
 0.18627918 0.46117199 0.00047642 0.35207242
 0.34206765 0.43782754 0.04287756 0.17722725
 4.76417342e-04 5.01191043e-01 1.78180086e-01 3.20152454e-01
 0.02239162 0.19294902 0.73368271 0.05097666
 0.15292997 0.3434969  0.15197713 0.351596  

MOTIF human_l3_f_198
letter-probability matrix: alength= 4 w= 9 
 0.23997741 0.32749859 0.20750988 0.22501412
 0.65725579 0.148786   0.01863354 0.17532468
 0.54404291 0.09457933 0.09824958 0.26312818
 0.45680407 0.00988142 0.0160926  0.51722191
 0.45652174 0.04771316 0.20412196 0.29164314
 0.1595144  0.00254094 0.5525127  0.28543196
 0.37831733 0.18802936 0.27865613 0.15499718
 0.11801242 0.24703557 0.459345   0.175607  
 0.10559006 0.36476567 0.15047995 0.37916431

MOTIF human_l3_f_199
letter-probability matrix: alength= 4 w= 9 
 0.23776978 0.10863309 0.38561151 0.26798561
 0.33776978 0.17877698 0.18884892 0.29460432
 0.15935252 0.26079137 0.18884892 0.39100719
 9.25899281e-01 4.24460432e-02 3.59712230e-04 3.12949640e-02
 0.05179856 0.09784173 0.25647482 0.59388489
 0.01870504 0.3323741  0.08956835 0.55935252
 0.00323741 0.04604317 0.05       0.90071942
 0.09316547 0.06330935 0.72805755 0.11546763
 0.16726619 0.11079137 0.07482014 0.6471223 

MOTIF human_l3_f_201
letter-probability matrix: alength= 4 w= 9 
 0.5219794  0.06380306 0.21929164 0.1949259 
 0.15121829 0.02813363 0.24742527 0.57322281
 0.1434313  0.22959056 0.24692288 0.38005526
 0.9045466  0.00577744 0.01532278 0.07435318
 0.0035167  0.01657875 0.21904044 0.7608641 
 0.0844009  0.4006531  0.00075358 0.51419241
 0.0035167  0.22205476 0.59105752 0.18337101
 0.03541824 0.14041698 0.15950766 0.66465712
 0.48455162 0.20723436 0.26199447 0.04621954

MOTIF human_l3_f_203
letter-probability matrix: alength= 4 w= 9 
 0.09429658 0.35842839 0.0225602  0.52471483
 0.0243346  0.45703422 0.45678074 0.06185044
 0.08136882 0.14245881 0.34854246 0.42762991
 0.00202788 0.09835234 0.5391635  0.36045627
 0.21875792 0.02864385 0.19416984 0.55842839
 1.46261090e-01 2.53485425e-04 9.30291508e-02 7.60456274e-01
 0.12294043 0.00709759 0.06869455 0.80126743
 0.09302915 0.09277567 0.00684411 0.80735108
 0.27756654 0.21901141 0.16400507 0.33941698

MOTIF human_l3_f_204
letter-probability matrix: alength= 4 w= 9 
 0.39742823 0.13875598 0.29694976 0.16686603
 0.66537081 0.05651914 0.23923445 0.0388756 
 0.83133971 0.05502392 0.09629187 0.0173445 
 0.07266746 0.01854067 0.32177033 0.58702153
 0.25538278 0.24760766 0.06429426 0.43271531
 0.40789474 0.3166866  0.24611244 0.02930622
 0.00568182 0.09180622 0.02990431 0.87260766
 0.15191388 0.13755981 0.0257177  0.68480861
 0.17733254 0.19019139 0.09001196 0.54246411

MOTIF human_l3_f_209
letter-probability matrix: alength= 4 w= 9 
 0.02574103 0.52054082 0.00416017 0.44955798
 0.29667187 0.02600104 0.55070203 0.12662507
 0.2199688  0.03406136 0.28471139 0.46125845
 0.19266771 0.28185127 0.0226209  0.50286011
 0.17264691 0.325013   0.21190848 0.29043162
 0.1050442  0.09048362 0.45163807 0.35283411
 0.38663547 0.37285491 0.01378055 0.22672907
 0.04732189 0.07722309 0.40275611 0.47269891
 0.40301612 0.24700988 0.33307332 0.01690068

MOTIF human_l3_f_210
letter-probability matrix: alength= 4 w= 9 
 0.04362503 0.2464295  0.35886783 0.35107764
 0.14567645 0.65307712 0.00753051 0.19371592
 0.0945209  0.07816152 0.7592833  0.06803428
 0.3505583  0.30485588 0.16670995 0.17787588
 0.19527395 0.57517528 0.07011166 0.15943911
 0.29239159 0.16437289 0.35419372 0.18904181
 0.267463   0.18748377 0.31498312 0.23007011
 0.43910673 0.11737211 0.38509478 0.05842638
 0.15424565 0.13425084 0.54193716 0.16956635

MOTIF human_l3_f_213
letter-probability matrix: alength= 4 w= 9 
 0.25427136 0.29321608 0.20628141 0.24623116
 0.1281407  0.38316583 0.32135678 0.16733668
 0.03994975 0.17688442 0.35904523 0.4241206 
 0.53015075 0.17788945 0.1218593  0.1701005 
 0.13467337 0.03844221 0.28316583 0.54371859
 0.07914573 0.02135678 0.03819095 0.86130653
 0.46005025 0.08542714 0.33819095 0.11633166
 0.44371859 0.18467337 0.06758794 0.3040201 
 0.30150754 0.17914573 0.05226131 0.46708543

MOTIF human_l3_f_214
letter-probability matrix: alength= 4 w= 9 
 0.08487373 0.25045561 0.47331424 0.19135642
 2.60348867e-04 2.60348867e-04 2.60348867e-04 9.99218953e-01
 3.95990627e-01 2.60348867e-04 6.03488675e-01 2.60348867e-04
 6.43322052e-01 2.60348867e-04 3.56157251e-01 2.60348867e-04
 0.22884665 0.17781828 0.25956782 0.33376725
 0.0453007  0.26894038 0.2876855  0.39807342
 0.27258526 0.15646967 0.21634991 0.35459516
 0.32022911 0.27753189 0.32595678 0.07628222
 0.23509503 0.16792502 0.28065608 0.31632387

MOTIF human_l3_f_217
letter-probability matrix: alength= 4 w= 9 
 0.26603192 0.19042285 0.12545505 0.41809017
 0.25427051 0.12545505 0.35256231 0.26771213
 0.15205825 0.11089331 0.03808457 0.69896388
 0.39680762 0.1024923  0.23102772 0.26967236
 0.42089051 0.04592551 0.29655559 0.2366284 
 0.01484178 0.05824699 0.02212265 0.90478857
 0.44469336 0.03724447 0.46233548 0.05572669
 0.7266872  0.04228507 0.21030524 0.02072249
 0.38140577 0.11929432 0.2075049  0.29179502

MOTIF human_l3_f_219
letter-probability matrix: alength= 4 w= 9 
 0.22335158 0.11389106 0.30518634 0.35757102
 0.19807141 0.38415429 0.01094605 0.40682825
 0.26791764 0.09278082 0.30909565 0.33020589
 5.21240553e-04 2.34558249e-02 2.76778733e-01 6.99244201e-01
 3.36721397e-01 2.60620276e-04 3.84936148e-01 2.78081835e-01
 0.37503258 0.04430545 0.4511337  0.12952828
 0.22934584 0.02762575 0.55381809 0.18921032
 0.40161585 0.15715403 0.10138129 0.33984884
 0.28042742 0.17956737 0.13604378 0.40396143

MOTIF human_l3_f_220
letter-probability matrix: alength= 4 w= 9 
 0.04957546 0.28868803 0.02930704 0.63242947
 0.24650781 0.34100247 0.23473021 0.17775952
 0.48726376 0.23199124 0.08792112 0.19282388
 0.2922487  0.38783895 0.2251438  0.09476856
 0.22897836 0.00520405 0.26157217 0.50424541
 0.48534648 0.18953711 0.03834566 0.28677075
 0.20624486 0.09148179 0.53793481 0.16433854
 0.12544508 0.03916735 0.65762805 0.17775952
 0.18132019 0.16433854 0.63133388 0.0230074 

MOTIF human_l3_f_221
letter-probability matrix: alength= 4 w= 9 
 0.1569945  0.19364692 0.42058644 0.22877214
 0.11056811 0.23518632 0.21288943 0.44135614
 0.0913256  0.32529016 0.18265119 0.40073305
 0.07299939 0.89859499 0.01771533 0.01069029
 0.51007941 0.00122175 0.4560171  0.03268173
 0.08735492 0.27336591 0.11392792 0.52535125
 0.09437996 0.1478314  0.02779475 0.72999389
 0.33536958 0.0091631  0.63439218 0.02107514
 0.23029933 0.30299328 0.07025046 0.39645693

MOTIF human_l3_f_222
letter-probability matrix: alength= 4 w= 9 
 0.31453842 0.06163626 0.1384743  0.48535102
 0.56163626 0.08236595 0.05583195 0.30016584
 0.41265893 0.05030404 0.14344942 0.39358762
 3.64842454e-02 2.76395799e-04 5.35102266e-01 4.28137092e-01
 0.05804312 0.0660586  0.14593698 0.7299613 
 0.10143726 0.03676064 0.47733554 0.38446656
 0.10033167 0.01188502 0.0392482  0.8485351 
 0.34632394 0.02763958 0.03510227 0.59093422
 1.38197899e-02 2.76395799e-04 3.04035379e-03 9.82863460e-01

MOTIF human_l3_f_228
letter-probability matrix: alength= 4 w= 9 
 0.40463828 0.17480097 0.31948771 0.10107304
 0.66112842 0.11041883 0.19037729 0.03807546
 0.48286604 0.15507096 0.15057113 0.21149187
 0.67843544 0.0128072  0.08168917 0.22706819
 0.79646937 0.04465213 0.05192108 0.10695742
 0.3236414  0.00726895 0.14468674 0.52440291
 6.14053306e-01 3.46140533e-04 1.36725511e-01 2.48875043e-01
 3.61024576e-01 3.46140533e-04 3.11180339e-01 3.27448944e-01
 0.10938041 0.05399792 0.68085843 0.15576324

MOTIF human_l3_f_232
letter-probability matrix: alength= 4 w= 9 
 0.0070922  0.35460993 0.0177305  0.62056738
 0.20744681 0.42198582 0.24468085 0.12588652
 0.75177305 0.20212766 0.04432624 0.00177305
 0.27304965 0.00177305 0.60283688 0.12234043
 0.2358156  0.13829787 0.13475177 0.49113475
 0.00177305 0.01595745 0.2358156  0.7464539 
 0.32269504 0.0035461  0.40602837 0.2677305 
 0.05141844 0.13829787 0.11170213 0.69858156
 0.75886525 0.07269504 0.00177305 0.16666667

MOTIF human_l3_f_233
letter-probability matrix: alength= 4 w= 9 
 0.21063395 0.25036518 0.200409   0.33859188
 0.13672217 0.05492258 0.38971662 0.41863862
 2.92141396e-04 2.07420391e-02 3.20186970e-01 6.58778849e-01
 0.0324277  0.0119778  0.10312591 0.85246859
 0.10254163 0.01226994 0.3309962  0.55419223
 0.16155419 0.06865323 0.22991528 0.5398773 
 0.67309378 0.07215892 0.04323693 0.21151037
 0.28921998 0.27987146 0.08618171 0.34472685
 0.03622553 0.1305872  0.15717207 0.67601519

MOTIF human_l3_f_235
letter-probability matrix: alength= 4 w= 9 
 0.02781322 0.43914264 0.24725695 0.28578719
 0.21995407 0.23960194 0.29701454 0.24342945
 0.16407247 0.04797142 0.35340648 0.43454963
 0.23858127 0.24240878 0.03521306 0.48379689
 0.32584843 0.01531003 0.04337841 0.61546313
 0.13855575 0.04057157 0.70068895 0.12018372
 0.77290125 0.10487369 0.09543251 0.02679255
 0.32176576 0.10538403 0.53840265 0.03444756
 0.39091605 0.17504465 0.20464404 0.22939525

MOTIF human_l3_f_238
letter-probability matrix: alength= 4 w= 9 
 0.22407849 0.24847521 0.17210289 0.35534341
 0.16494299 0.06019623 0.55979846 0.21506232
 0.08512331 0.16732962 0.02094935 0.72659772
 0.07557677 0.13232564 0.47944842 0.31264916
 0.37390613 0.11641474 0.19676478 0.31291435
 0.49721559 0.17210289 0.02360117 0.30708035
 0.41023601 0.04534606 0.00875099 0.53566693
 0.41607001 0.0100769  0.22275259 0.3511005 
 0.53407584 0.0418987  0.3251127  0.09891276

MOTIF human_l3_f_239
letter-probability matrix: alength= 4 w= 9 
 0.14565217 0.55362319 0.07608696 0.22463768
 0.63623188 0.32173913 0.02971014 0.01231884
 0.92608696 0.00144928 0.04275362 0.02971014
 0.34637681 0.39782609 0.03478261 0.22101449
 0.3384058  0.24347826 0.33478261 0.08333333
 0.63768116 0.00072464 0.20362319 0.15797101
 0.04855072 0.22826087 0.13623188 0.58695652
 0.04710145 0.06811594 0.63695652 0.24782609
 0.18550725 0.27681159 0.22246377 0.31521739

MOTIF human_l3_f_241
letter-probability matrix: alength= 4 w= 9 
 0.28456914 0.10270541 0.40731463 0.20541082
 0.55185371 0.18737475 0.15531062 0.10546092
 0.42785571 0.04208417 0.21392786 0.31613226
 0.39253507 0.01553106 0.40956914 0.18236473
 0.54133267 0.02279559 0.31863727 0.11723447
 0.06788577 0.0996994  0.61798597 0.21442886
 0.14328657 0.05786573 0.51427856 0.28456914
 0.29408818 0.19288577 0.24448898 0.26853707
 0.36798597 0.11598196 0.29509018 0.22094188

MOTIF human_l3_f_242
letter-probability matrix: alength= 4 w= 9 
 0.42548596 0.08261339 0.13012959 0.36177106
 0.43547516 0.087473   0.0836933  0.39335853
 0.30534557 0.44168467 0.10016199 0.15280778
 0.36150108 0.1825054  0.08396328 0.37203024
 0.22840173 0.0137689  0.22084233 0.53698704
 0.11690065 0.05669546 0.04265659 0.7837473 
 0.9462743  0.01079914 0.01322894 0.02969762
 0.67548596 0.07559395 0.10556156 0.14335853
 0.43736501 0.1411987  0.10826134 0.31317495

MOTIF human_l3_f_244
letter-probability matrix: alength= 4 w= 9 
 0.22473605 0.13393665 0.25580694 0.38552036
 0.20090498 0.22895928 0.16802413 0.40211161
 0.10316742 0.02684766 0.09502262 0.77496229
 0.47239819 0.00301659 0.23348416 0.29110106
 0.47993967 0.14509804 0.24343891 0.13152338
 0.0066365  0.01236802 0.00331825 0.97767722
 0.62081448 0.01689291 0.34238311 0.0199095 
 0.73574661 0.00331825 0.22775264 0.0331825 
 0.45550528 0.10527903 0.16832579 0.27088989

MOTIF human_l3_f_246
letter-probability matrix: alength= 4 w= 9 
 0.50066015 0.11645102 0.08898865 0.29390018
 0.23659889 0.20227093 0.16213361 0.39899657
 0.01610774 0.00396092 0.20887246 0.77105889
 0.0504357  0.05254819 0.15289147 0.74412464
 0.29099551 0.13229469 0.23976763 0.33694217
 0.21283338 0.14681806 0.00158437 0.63876419
 0.4594666  0.18774756 0.08714022 0.26564563
 0.02799049 0.23131767 0.24425667 0.49643517
 0.3599155  0.08898865 0.24927383 0.30182202

MOTIF human_l3_f_247
letter-probability matrix: alength= 4 w= 9 
 0.26223776 0.20829171 0.07742258 0.45204795
 0.22202797 0.1461039  0.41158841 0.22027972
 0.38761239 0.28721279 0.21378621 0.11138861
 0.29045954 0.02847153 0.24825175 0.43281718
 0.04320679 0.38986014 0.32267732 0.24425574
 0.14485514 0.59465534 0.1023976  0.15809191
 0.15234765 0.30144855 0.12787213 0.41833167
 0.04270729 0.18981019 0.30344655 0.46403596
 0.13936064 0.53246753 0.22027972 0.10789211

MOTIF human_l3_f_251
letter-probability matrix: alength= 4 w= 9 
 0.20778146 0.25220751 0.24613687 0.29387417
 2.75938190e-04 2.76766004e-01 1.46247241e-02 7.08333333e-01
 0.1214128  0.06015453 0.49668874 0.32174393
 0.09713024 0.17301325 0.01793598 0.71192053
 0.88741722 0.10844371 0.00303532 0.00110375
 4.26600442e-01 2.75938190e-04 5.53256071e-01 1.98675497e-02
 0.10430464 0.23951435 0.28807947 0.36810155
 0.13907285 0.28780353 0.2080574  0.36506623
 0.44012141 0.13162252 0.21467991 0.21357616
