MEME version 5.4.1

ALPHABET= ACGT

strands: + -

Background letter frequencies
A 0.25 C 0.25 G 0.25 T 0.25

MOTIF layer3_filter_2
letter-probability matrix: alength= 4 w= 9 
 0.0035824  0.05527124 0.00716479 0.93398158
 0.02917093 0.00051177 0.49948823 0.47082907
 0.0035824  0.02610031 0.55578301 0.41453429
 0.25742068 0.29836233 0.06755374 0.37666325
 0.15199591 0.00460594 0.40685773 0.43654043
 0.00153531 0.07369498 0.31013306 0.61463664
 0.00818833 0.21903787 0.04042989 0.73234391
 0.00818833 0.24872057 0.7221085  0.0209826 
 0.11821904 0.25332651 0.14278403 0.48567042

MOTIF layer3_filter_3
letter-probability matrix: alength= 4 w= 9 
 0.54183536 0.19635628 0.1734143  0.08839406
 0.37921727 0.33670715 0.25303644 0.03103914
 0.92105263 0.01282051 0.06477733 0.00134953
 0.75641026 0.12820513 0.0317139  0.08367072
 0.30364372 0.12010796 0.13967611 0.4365722 
 0.52699055 0.14709852 0.00674764 0.31916329
 0.30769231 0.00067476 0.13495277 0.55668016
 0.02631579 0.00067476 0.6734143  0.29959514
 0.21390013 0.05330634 0.4365722  0.29622132

MOTIF layer3_filter_5
letter-probability matrix: alength= 4 w= 9 
 0.18497475 0.06565657 0.09659091 0.65277778
 0.40530303 0.14962121 0.00063131 0.44444444
 0.19507576 0.19444444 0.05871212 0.55176768
 0.46275253 0.22032828 0.02525253 0.29166667
 0.22032828 0.19065657 0.52967172 0.05934343
 0.39015152 0.11363636 0.15656566 0.33964646
 0.02335859 0.08459596 0.83459596 0.05744949
 0.03030303 0.05808081 0.09406566 0.81755051
 0.00883838 0.23737374 0.29103535 0.46275253

MOTIF layer3_filter_6
letter-probability matrix: alength= 4 w= 9 
 0.1611797  0.17558299 0.33333333 0.32990398
 0.46570645 0.11728395 0.17352538 0.24348422
 7.65432099e-01 1.28257888e-01 1.05624143e-01 6.85871056e-04
 9.96570645e-01 2.05761317e-03 6.85871056e-04 6.85871056e-04
 0.59739369 0.05898491 0.02194787 0.32167353
 6.85871056e-04 3.42935528e-03 2.05761317e-02 9.75308642e-01
 4.93827160e-02 6.85871056e-04 6.85871056e-04 9.49245542e-01
 6.85871056e-04 6.85871056e-04 9.97942387e-01 6.85871056e-04
 0.04595336 0.21742112 0.20713306 0.52949246

MOTIF layer3_filter_7
letter-probability matrix: alength= 4 w= 9 
 0.05551272 0.06322282 0.12798766 0.75327679
 7.71010023e-04 2.00462606e-02 2.31303007e-03 9.76869699e-01
 0.53585197 0.00231303 0.27910563 0.18272938
 0.21588281 0.4232845  0.32459522 0.03623747
 0.34849653 0.09483423 0.1079414  0.44872783
 9.73785659e-01 1.46491904e-02 7.71010023e-04 1.07941403e-02
 0.58982267 0.10100231 0.08635312 0.2228219 
 0.1688512  0.04548959 0.20508867 0.58057055
 0.22898998 0.02467232 0.16499614 0.58134156

MOTIF layer3_filter_8
letter-probability matrix: alength= 4 w= 9 
 0.19095213 0.19621252 0.32140978 0.29142557
 0.03892688 0.26038927 0.06996318 0.63072067
 0.29510784 0.23724356 0.12309311 0.3445555 
 5.26038927e-04 1.05207785e-03 9.30036823e-01 6.83850605e-02
 5.26038927e-04 3.59810626e-01 5.26038927e-04 6.39137296e-01
 0.3634929  0.07417149 0.1472909  0.41504471
 0.15360337 0.09153077 0.1162546  0.63861126
 0.65491846 0.13887428 0.04839558 0.15781168
 0.05628617 0.0189374  0.29142557 0.63335087

MOTIF layer3_filter_10
letter-probability matrix: alength= 4 w= 9 
 0.18463074 0.08233533 0.30988024 0.42315369
 0.07834331 0.08483034 0.38223553 0.45459082
 0.12924152 0.22305389 0.1741517  0.47355289
 0.34830339 0.01247505 0.2744511  0.36477046
 0.11127745 0.07734531 0.05838323 0.75299401
 1.97105788e-01 7.55988024e-01 4.99001996e-04 4.64071856e-02
 0.06337325 0.63023952 0.0489022  0.25748503
 0.1252495  0.63223553 0.0239521  0.21856287
 0.09680639 0.69810379 0.07984032 0.1252495 

MOTIF layer3_filter_11
letter-probability matrix: alength= 4 w= 9 
 0.78571429 0.07142857 0.07142857 0.07142857
 0.21428571 0.21428571 0.5        0.07142857
 0.07142857 0.07142857 0.5        0.35714286
 0.64285714 0.07142857 0.07142857 0.21428571
 0.07142857 0.07142857 0.07142857 0.78571429
 0.35714286 0.07142857 0.21428571 0.35714286
 0.21428571 0.07142857 0.64285714 0.07142857
 0.07142857 0.07142857 0.07142857 0.78571429
 0.07142857 0.07142857 0.78571429 0.07142857

MOTIF layer3_filter_13
letter-probability matrix: alength= 4 w= 9 
 0.25249501 0.15668663 0.41766467 0.17315369
 0.1242515  0.21706587 0.05339321 0.60528942
 4.99001996e-04 4.13173653e-01 8.48303393e-03 5.77844311e-01
 4.99001996e-04 6.69161677e-01 1.08782435e-01 2.21556886e-01
 0.03892216 0.31237525 0.01546906 0.63323353
 0.16516966 0.28293413 0.05888224 0.49301397
 0.13972056 0.01247505 0.00898204 0.83882236
 0.36277445 0.31536926 0.21107784 0.11077844
 0.1751497  0.06836327 0.56536926 0.19111776

MOTIF layer3_filter_17
letter-probability matrix: alength= 4 w= 9 
 0.40666667 0.23333333 0.00666667 0.35333333
 0.20666667 0.00666667 0.50666667 0.28      
 0.07333333 0.00666667 0.58666667 0.33333333
 0.02666667 0.21333333 0.00666667 0.75333333
 0.29333333 0.43333333 0.26       0.01333333
 0.04       0.86666667 0.00666667 0.08666667
 0.42666667 0.41333333 0.00666667 0.15333333
 0.09333333 0.00666667 0.00666667 0.89333333
 0.12666667 0.02       0.81333333 0.04      

MOTIF layer3_filter_20
letter-probability matrix: alength= 4 w= 9 
 0.30938124 0.16267465 0.14471058 0.38323353
 0.24001996 0.12874251 0.24800399 0.38323353
 0.00798403 0.03592814 0.00548902 0.9505988 
 0.62824351 0.04091816 0.31536926 0.01546906
 0.60379242 0.05289421 0.28093812 0.06237525
 0.02195609 0.00848303 0.02794411 0.94161677
 0.61976048 0.02345309 0.30339321 0.05339321
 8.23353293e-01 4.99001996e-04 1.73153693e-01 2.99401198e-03
 0.23053892 0.1007984  0.10678643 0.56187625

MOTIF layer3_filter_21
letter-probability matrix: alength= 4 w= 9 
 0.16439791 0.36335079 0.19581152 0.27643979
 0.77172775 0.17329843 0.01727749 0.03769634
 0.43717277 0.06073298 0.1617801  0.34031414
 5.23560209e-04 5.23560209e-04 9.42408377e-03 9.89528796e-01
 0.07382199 0.01256545 0.04450262 0.86910995
 0.01884817 0.06806283 0.23979058 0.67329843
 0.14816754 0.34712042 0.38115183 0.12356021
 0.79109948 0.03612565 0.03874346 0.13403141
 0.0104712  0.03560209 0.14764398 0.80628272

MOTIF layer3_filter_22
letter-probability matrix: alength= 4 w= 9 
 0.08269231 0.13653846 0.25576923 0.525     
 0.00192308 0.00192308 0.00192308 0.99423077
 0.69230769 0.00192308 0.30384615 0.00192308
 0.63461538 0.00192308 0.36153846 0.00192308
 0.00192308 0.00192308 0.00192308 0.99423077
 0.86538462 0.00192308 0.13076923 0.00192308
 0.66538462 0.00192308 0.33076923 0.00192308
 0.59807692 0.14230769 0.20384615 0.05576923
 0.05384615 0.20576923 0.25192308 0.48846154

MOTIF layer3_filter_23
letter-probability matrix: alength= 4 w= 9 
 0.24703557 0.05731225 0.33003953 0.36561265
 0.01581028 0.00592885 0.37944664 0.59881423
 0.61660079 0.00197628 0.37944664 0.00197628
 0.00197628 0.01185771 0.08498024 0.90118577
 0.03754941 0.16600791 0.04150198 0.75494071
 0.07312253 0.00592885 0.00197628 0.91897233
 0.00197628 0.01778656 0.02766798 0.95256917
 0.64031621 0.00592885 0.35177866 0.00197628
 0.12450593 0.18181818 0.17193676 0.52173913

MOTIF layer3_filter_25
letter-probability matrix: alength= 4 w= 9 
 0.28571429 0.0952381  0.00529101 0.61375661
 0.3968254  0.1957672  0.00529101 0.4021164 
 0.98412698 0.00529101 0.00529101 0.00529101
 0.0952381  0.13756614 0.00529101 0.76190476
 0.17989418 0.10582011 0.70899471 0.00529101
 0.98412698 0.00529101 0.00529101 0.00529101
 0.00529101 0.00529101 0.00529101 0.98412698
 0.00529101 0.00529101 0.98412698 0.00529101
 0.14285714 0.04761905 0.07407407 0.73544974

MOTIF layer3_filter_26
letter-probability matrix: alength= 4 w= 9 
 0.77744511 0.03992016 0.08083832 0.10179641
 0.11676647 0.01746507 0.03243513 0.83333333
 0.0259481  0.08383234 0.0758483  0.81437126
 7.63473054e-01 4.99001996e-04 5.83832335e-02 1.77644711e-01
 0.08483034 0.01896208 0.04291417 0.85329341
 0.07285429 0.23303393 0.0244511  0.66966068
 0.10778443 0.00149701 0.07684631 0.81387226
 0.28443114 0.00798403 0.07285429 0.63473054
 0.11027944 0.01746507 0.02345309 0.8488024 

MOTIF layer3_filter_27
letter-probability matrix: alength= 4 w= 9 
 0.4886421  0.09843513 0.24785462 0.16506815
 0.63048965 0.10146391 0.17163049 0.09641595
 0.54820798 0.30388693 0.05098435 0.09692075
 8.19283190e-01 5.04795558e-04 3.12973246e-02 1.48914690e-01
 0.43866734 0.06158506 0.0111055  0.4886421 
 0.21807168 0.1822312  0.04189803 0.55779909
 5.30035336e-01 5.04795558e-04 6.56234225e-03 4.62897527e-01
 0.00858152 0.03735487 0.00656234 0.94750126
 0.0343261  0.03836446 0.46340232 0.46390712

MOTIF layer3_filter_34
letter-probability matrix: alength= 4 w= 9 
 0.46424816 0.09516299 0.07623554 0.36435331
 0.08727655 0.34437434 0.09148265 0.47686646
 0.20715037 0.05783386 0.01787592 0.71713985
 5.25762355e-04 2.62881178e-02 9.54784437e-01 1.84016824e-02
 0.04574132 0.26130389 0.00105152 0.69190326
 0.00262881 0.00157729 0.68454259 0.31125131
 0.0320715  0.02839117 0.00262881 0.93690852
 0.25341746 0.14511041 0.08254469 0.51892744
 0.07308097 0.04206099 0.26603575 0.61882229

MOTIF layer3_filter_35
letter-probability matrix: alength= 4 w= 9 
 0.17393617 0.12234043 0.08882979 0.61489362
 0.05691489 0.05265957 0.6287234  0.26170213
 0.56117021 0.01808511 0.26755319 0.15319149
 0.48882979 0.00212766 0.04148936 0.46755319
 0.03297872 0.00053191 0.48829787 0.47819149
 0.10478723 0.21861702 0.35478723 0.32180851
 0.15691489 0.2537234  0.54574468 0.04361702
 0.30585106 0.12978723 0.1537234  0.4106383 
 0.51755319 0.19787234 0.11276596 0.17180851

MOTIF layer3_filter_38
letter-probability matrix: alength= 4 w= 9 
 0.75998004 0.03692615 0.10578842 0.09730539
 0.72804391 0.22205589 0.00499002 0.04491018
 6.04790419e-01 3.76746507e-01 4.99001996e-04 1.79640719e-02
 8.43313373e-01 4.99001996e-04 6.38722555e-02 9.23153693e-02
 4.99001996e-04 1.14770459e-01 3.43313373e-01 5.41417166e-01
 0.35728543 0.04590818 0.12225549 0.4745509 
 0.43063872 0.19760479 0.23852295 0.13323353
 0.03093812 0.07784431 0.11776447 0.77345309
 0.22005988 0.11377246 0.3737525  0.29241517

MOTIF layer3_filter_39
letter-probability matrix: alength= 4 w= 9 
 0.42908903 0.11697723 0.07401656 0.37991718
 0.39596273 0.29865424 0.30175983 0.00362319
 0.32298137 0.08126294 0.59109731 0.00465839
 0.00207039 0.08799172 0.71635611 0.19358178
 0.74585921 0.08333333 0.02173913 0.14906832
 3.46790890e-02 5.17598344e-04 5.48654244e-02 9.09937888e-01
 0.0305383  0.2510352  0.01190476 0.70652174
 0.10093168 0.25       0.19927536 0.44979296
 0.07142857 0.20082816 0.34057971 0.38716356

MOTIF layer3_filter_52
letter-probability matrix: alength= 4 w= 9 
 0.63473054 0.16516966 0.10628743 0.09381238
 0.64071856 0.18163673 0.11327345 0.06437126
 0.07135729 0.00598802 0.00349301 0.91916168
 0.5738523  0.11976048 0.01746507 0.28892216
 0.38722555 0.02295409 0.57185629 0.01796407
 0.00948104 0.21057884 0.25349301 0.52644711
 0.47305389 0.14321357 0.08033932 0.30339321
 0.28792415 0.13872255 0.20309381 0.37025948
 0.13872255 0.40369261 0.01297405 0.44461078

MOTIF layer3_filter_54
letter-probability matrix: alength= 4 w= 9 
 0.27111636 0.10572947 0.36326048 0.25989368
 0.00649734 0.28765505 0.20732428 0.49852333
 0.13762552 0.07383343 0.46485529 0.32368576
 5.90667454e-04 5.90667454e-04 2.36266982e-03 9.96455995e-01
 6.58003544e-01 5.90667454e-04 3.20141760e-01 2.12640284e-02
 0.57117543 0.00059067 0.42764324 0.00059067
 0.32250443 0.15298287 0.25575901 0.26875369
 0.27347903 0.33372711 0.15357354 0.23922032
 0.26580035 0.44949793 0.11222682 0.1724749 

MOTIF layer3_filter_57
letter-probability matrix: alength= 4 w= 9 
 0.07407407 0.26599327 0.02020202 0.63973064
 0.43434343 0.18181818 0.02525253 0.35858586
 0.22727273 0.01683502 0.10942761 0.64646465
 0.09427609 0.00841751 0.0016835  0.8956229 
 0.0016835  0.0016835  0.0016835  0.99494949
 0.92760943 0.05723906 0.01346801 0.0016835 
 0.05723906 0.34848485 0.0016835  0.59259259
 0.35353535 0.55050505 0.05387205 0.04208754
 0.13804714 0.02525253 0.21717172 0.61952862

MOTIF layer3_filter_58
letter-probability matrix: alength= 4 w= 9 
 0.10099573 0.16642959 0.15362731 0.57894737
 0.37908962 0.01635846 0.22830725 0.37624467
 0.56472262 0.24253201 0.10312945 0.08961593
 0.24751067 0.24395448 0.03485064 0.47368421
 0.54267425 0.12517781 0.26671408 0.06543385
 0.5398293  0.00213371 0.44950213 0.00853485
 0.36699858 0.00995733 0.62162162 0.00142248
 0.07752489 0.05761024 0.78378378 0.08108108
 0.56756757 0.08677098 0.3200569  0.02560455

MOTIF layer3_filter_61
letter-probability matrix: alength= 4 w= 9 
 0.13036925 0.26902788 0.12810852 0.47249435
 0.33308214 0.37226827 0.07008289 0.22456669
 0.55237378 0.14845516 0.15523738 0.14393369
 0.1838734  0.46646571 0.32102487 0.02863602
 0.32403919 0.14996232 0.10700829 0.4189902 
 0.09796534 0.07234363 0.32931424 0.50037679
 0.10625471 0.77694047 0.06480784 0.05199699
 0.35418237 0.12584778 0.02110023 0.49886963
 0.27505652 0.06706858 0.56819894 0.08967596

MOTIF layer3_filter_64
letter-probability matrix: alength= 4 w= 9 
 0.51720648 0.23684211 0.10020243 0.14574899
 0.4701417  0.00050607 0.46862348 0.06072874
 0.63917004 0.048583   0.13815789 0.17408907
 0.78390688 0.02378543 0.02378543 0.16852227
 0.29908907 0.07034413 0.02327935 0.60728745
 0.125      0.75101215 0.0055668  0.11842105
 0.43218623 0.02783401 0.47925101 0.06072874
 0.42307692 0.14878543 0.01467611 0.41346154
 0.31123482 0.27125506 0.14827935 0.26923077

MOTIF layer3_filter_67
letter-probability matrix: alength= 4 w= 9 
 0.28414239 0.17669903 0.06213592 0.47702265
 0.15404531 0.39093851 0.01488673 0.44012945
 0.87831715 0.02071197 0.01294498 0.08802589
 0.07378641 0.02006472 0.85501618 0.05113269
 0.66407767 0.00517799 0.02847896 0.30226537
 4.98381877e-02 6.47249191e-04 8.82847896e-01 6.66666667e-02
 0.74498382 0.05113269 0.06472492 0.13915858
 0.39093851 0.02394822 0.21229773 0.37281553
 0.26019417 0.09061489 0.09190939 0.55728155

MOTIF layer3_filter_68
letter-probability matrix: alength= 4 w= 9 
 0.26998224 0.1625222  0.18916519 0.37833037
 0.29573712 0.24511545 0.22024867 0.23889876
 0.0053286  0.0071048  0.0071048  0.98046181
 0.76465364 0.0008881  0.20515098 0.02930728
 0.47513321 0.0035524  0.52042629 0.0008881 
 8.88099467e-04 8.88099467e-04 8.88099467e-04 9.97335702e-01
 0.67761989 0.0008881  0.32060391 0.0008881 
 0.57104796 0.0008881  0.42717584 0.0008881 
 0.25133215 0.13410302 0.20426288 0.41030195

MOTIF layer3_filter_70
letter-probability matrix: alength= 4 w= 9 
 0.05987055 0.20765912 0.11380798 0.61866235
 0.07443366 0.23354908 0.27292341 0.41909385
 0.42988134 0.02912621 0.22437972 0.31661273
 0.89967638 0.0021575  0.08683927 0.01132686
 3.16073355e-01 5.39374326e-04 8.30636462e-02 6.00323625e-01
 1.13268608e-01 5.39374326e-04 5.39374326e-04 8.85652643e-01
 7.55124056e-03 5.39374326e-04 3.48975189e-01 6.42934196e-01
 0.19255663 0.05825243 0.58737864 0.1618123 
 0.54422869 0.04476807 0.23085221 0.18015102

MOTIF layer3_filter_82
letter-probability matrix: alength= 4 w= 9 
 0.04615385 0.29230769 0.01538462 0.64615385
 0.04615385 0.18461538 0.72307692 0.04615385
 0.27692308 0.10769231 0.47692308 0.13846154
 0.83076923 0.06153846 0.01538462 0.09230769
 0.01538462 0.07692308 0.07692308 0.83076923
 0.07692308 0.01538462 0.83076923 0.07692308
 0.43076923 0.53846154 0.01538462 0.01538462
 0.03076923 0.01538462 0.49230769 0.46153846
 0.16923077 0.24615385 0.56923077 0.01538462

MOTIF layer3_filter_86
letter-probability matrix: alength= 4 w= 9 
 0.18080749 0.35927443 0.01345816 0.44645992
 0.16734933 0.56816852 0.14394383 0.12053833
 0.06612054 0.30544178 0.03627853 0.59215916
 0.07782329 0.00526624 0.81217086 0.10473961
 0.10181393 0.7050907  0.05851375 0.13458163
 0.25863078 0.43651258 0.00351083 0.30134582
 0.08718549 0.02516091 0.34464599 0.54300761
 0.15096548 0.60035108 0.20421299 0.04447045
 0.26272674 0.093622   0.37565828 0.26799298

MOTIF layer3_filter_87
letter-probability matrix: alength= 4 w= 9 
 0.29376136 0.41913992 0.02180497 0.26529376
 0.23137492 0.05814658 0.32222895 0.38824955
 0.46638401 0.0557238  0.1592974  0.31859479
 4.23985463e-03 9.31556632e-01 6.05693519e-04 6.35978195e-02
 0.01211387 0.02543913 0.71653543 0.24591157
 0.58025439 0.05814658 0.12053301 0.24106602
 0.18352514 0.28407026 0.13870382 0.39370079
 0.43670503 0.00545124 0.19685039 0.36099334
 0.29073289 0.2992126  0.09812235 0.31193216

MOTIF layer3_filter_91
letter-probability matrix: alength= 4 w= 9 
 0.25298665 0.07027407 0.26282502 0.41391427
 0.26704146 0.05130007 0.16795502 0.51370344
 0.48629656 0.23822909 0.05130007 0.22417428
 0.76879831 0.00421644 0.10470836 0.12227688
 0.68165847 0.13633169 0.00491918 0.17709065
 0.84539705 0.01616304 0.00843289 0.13000703
 0.64581869 0.00210822 0.00843289 0.3436402 
 0.04286718 0.03302881 0.05340829 0.87069571
 0.018974   0.04778637 0.60857344 0.3246662 

MOTIF layer3_filter_93
letter-probability matrix: alength= 4 w= 9 
 0.11111111 0.1984127  0.5952381  0.0952381 
 0.44444444 0.53968254 0.00793651 0.00793651
 0.4047619  0.00793651 0.57936508 0.00793651
 0.12698413 0.28571429 0.00793651 0.57936508
 0.13492063 0.1984127  0.35714286 0.30952381
 0.63492063 0.00793651 0.34920635 0.00793651
 0.00793651 0.34920635 0.00793651 0.63492063
 0.00793651 0.00793651 0.67460317 0.30952381
 0.11111111 0.08730159 0.65873016 0.14285714

MOTIF layer3_filter_95
letter-probability matrix: alength= 4 w= 9 
 0.20554649 0.0663404  0.04241436 0.68569875
 0.10440457 0.02664492 0.45187602 0.4170745 
 7.55845568e-02 3.04513322e-02 5.43773790e-04 8.93420337e-01
 0.08482871 0.10603589 0.4148994  0.394236  
 0.02882001 0.22349103 0.01848831 0.72920065
 0.08754758 0.71288744 0.15660685 0.04295813
 0.44317564 0.08482871 0.0435019  0.42849375
 0.83958673 0.00108755 0.09516041 0.06416531
 0.0891789  0.02392605 0.15334421 0.73355084

MOTIF layer3_filter_96
letter-probability matrix: alength= 4 w= 9 
 0.53744997 0.16638079 0.05774728 0.23842196
 0.59348199 0.24242424 0.00628931 0.15780446
 0.28187536 0.14636935 0.24871355 0.32304174
 0.53630646 0.12235563 0.18753573 0.15380217
 0.59691252 0.01143511 0.04688393 0.34476844
 0.62035449 0.06632361 0.2595769  0.053745  
 9.12521441e-01 7.43281875e-03 7.94739851e-02 5.71755289e-04
 0.58604917 0.01086335 0.0051458  0.39794168
 0.50543168 0.11549457 0.00914808 0.36992567

MOTIF layer3_filter_102
letter-probability matrix: alength= 4 w= 9 
 0.00898204 0.01397206 0.0239521  0.95309381
 4.99001996e-04 7.18562874e-02 1.49700599e-03 9.26147705e-01
 0.35229541 0.01497006 0.08483034 0.54790419
 4.99001996e-04 9.98003992e-04 7.63473054e-02 9.22155689e-01
 0.26347305 0.0499002  0.00199601 0.68463074
 4.99001996e-04 4.99001996e-04 4.84031936e-02 9.50598802e-01
 0.000998   0.03493014 0.00948104 0.95459082
 0.02694611 0.02245509 0.05588822 0.89471058
 0.01397206 0.03393214 0.00399202 0.94810379

MOTIF layer3_filter_106
letter-probability matrix: alength= 4 w= 9 
 0.36277445 0.02994012 0.28642715 0.32085828
 4.99001996e-04 6.29241517e-01 4.99001996e-04 3.69760479e-01
 4.99001996e-04 4.09181637e-02 1.99600798e-03 9.56586826e-01
 0.00349301 0.00149701 0.99301397 0.00199601
 0.00199601 0.0998004  0.25149701 0.64670659
 0.00299401 0.000998   0.25848303 0.73752495
 0.16217565 0.14421158 0.04141717 0.65219561
 0.1746507  0.07834331 0.04441118 0.70259481
 0.12175649 0.23053892 0.08383234 0.56387226

MOTIF layer3_filter_107
letter-probability matrix: alength= 4 w= 9 
 0.14476615 0.16852264 0.16481069 0.52190052
 7.42390497e-04 7.42390497e-04 7.42390497e-04 9.97772829e-01
 7.88418708e-01 7.42390497e-04 2.10096511e-01 7.42390497e-04
 0.59465479 0.00074239 0.40386043 0.00074239
 7.42390497e-04 7.42390497e-04 7.42390497e-04 9.97772829e-01
 7.89161099e-01 7.42390497e-04 2.09354120e-01 7.42390497e-04
 0.67037862 0.00074239 0.3281366  0.00074239
 0.32739421 0.09799555 0.09725316 0.47735709
 0.22865627 0.12694878 0.20564217 0.43875278

MOTIF layer3_filter_108
letter-probability matrix: alength= 4 w= 9 
 0.08853119 0.15794769 0.59808853 0.1554326 
 0.28772636 0.40593561 0.15794769 0.14839034
 0.25754527 0.65945674 0.04577465 0.03722334
 9.72837022e-01 5.03018109e-04 2.61569416e-02 5.03018109e-04
 0.40895372 0.18460765 0.15744467 0.24899396
 0.31991952 0.09909457 0.10362173 0.47736419
 0.61720322 0.01911469 0.2721328  0.0915493 
 0.22484909 0.06036217 0.06539235 0.64939638
 0.1222334  0.00855131 0.77012072 0.09909457

MOTIF layer3_filter_109
letter-probability matrix: alength= 4 w= 9 
 0.32477064 0.13211009 0.24281346 0.30030581
 6.11620795e-04 6.11620795e-04 7.16819572e-01 2.81957187e-01
 2.43425076e-01 4.83180428e-02 6.11620795e-04 7.07645260e-01
 0.00550459 0.00856269 0.32232416 0.66360856
 0.23180428 0.02691131 0.0030581  0.7382263 
 0.39938838 0.41957187 0.01223242 0.16880734
 0.20856269 0.09051988 0.00550459 0.69541284
 0.25321101 0.07155963 0.53700306 0.1382263 
 0.46544343 0.09235474 0.13577982 0.30642202

MOTIF layer3_filter_110
letter-probability matrix: alength= 4 w= 9 
 0.03448276 0.03448276 0.62068966 0.31034483
 0.03448276 0.03448276 0.34482759 0.5862069 
 0.27586207 0.03448276 0.65517241 0.03448276
 0.27586207 0.03448276 0.65517241 0.03448276
 0.03448276 0.89655172 0.03448276 0.03448276
 0.03448276 0.89655172 0.03448276 0.03448276
 0.03448276 0.03448276 0.89655172 0.03448276
 0.89655172 0.03448276 0.03448276 0.03448276
 0.20689655 0.03448276 0.72413793 0.03448276

MOTIF layer3_filter_114
letter-probability matrix: alength= 4 w= 9 
 0.3166944  0.07154742 0.23571825 0.37603993
 0.16749861 0.20965058 0.16250693 0.46034387
 0.12701054 0.24459235 0.12368275 0.50471436
 0.08097615 0.04437049 0.35440932 0.52024404
 0.15585136 0.1957848  0.34276206 0.30560177
 0.44259567 0.37659456 0.0249584  0.15585136
 0.03216861 0.29395452 0.00166389 0.67221298
 0.48863006 0.04437049 0.03494176 0.43205768
 0.82529118 0.04159734 0.08208541 0.05102607

MOTIF layer3_filter_115
letter-probability matrix: alength= 4 w= 9 
 0.03493014 0.02045908 0.00848303 0.93612774
 0.03692615 0.00199601 0.32784431 0.63323353
 0.00548902 0.00349301 0.0249501  0.96606786
 1.34730539e-02 4.99001996e-04 3.04391218e-02 9.55588822e-01
 0.02345309 0.01347305 0.03343313 0.92964072
 0.08532934 0.00548902 0.01796407 0.89121756
 9.33133733e-02 3.99201597e-03 4.99001996e-04 9.02195609e-01
 3.99201597e-03 4.99001996e-04 7.78443114e-02 9.17664671e-01
 0.00748503 0.01197605 0.10578842 0.8747505 

MOTIF layer3_filter_116
letter-probability matrix: alength= 4 w= 9 
 0.11121673 0.28041825 0.32129278 0.28707224
 0.23098859 0.07889734 0.48098859 0.20912548
 0.22053232 0.00095057 0.38688213 0.39163498
 0.00760456 0.4391635  0.31653992 0.23669202
 9.50570342e-04 9.50570342e-04 9.50570342e-04 9.97148289e-01
 0.7661597  0.00095057 0.23193916 0.00095057
 0.5513308  0.00095057 0.44676806 0.00095057
 0.41920152 0.05703422 0.41634981 0.10741445
 0.18821293 0.29942966 0.27661597 0.23574144

MOTIF layer3_filter_117
letter-probability matrix: alength= 4 w= 9 
 8.98203593e-03 4.99001996e-04 4.99001996e-04 9.90019960e-01
 5.98802395e-03 4.99001996e-04 4.99001996e-04 9.93013972e-01
 4.99001996e-04 4.99001996e-04 4.99001996e-04 9.98502994e-01
 4.99001996e-04 4.99001996e-04 4.99001996e-04 9.98502994e-01
 4.99001996e-04 4.99001996e-04 4.99001996e-04 9.98502994e-01
 4.99001996e-04 4.99001996e-04 4.99001996e-04 9.98502994e-01
 4.99001996e-04 4.99001996e-04 4.99001996e-04 9.98502994e-01
 4.99001996e-04 4.99001996e-04 7.50499002e-01 2.48502994e-01
 2.02095808e-01 4.99001996e-04 2.60479042e-01 5.36926148e-01

MOTIF layer3_filter_119
letter-probability matrix: alength= 4 w= 9 
 0.13622754 0.08033932 0.03642715 0.74700599
 0.52944112 0.01097804 0.24800399 0.21157685
 0.45409182 0.04091816 0.44461078 0.06037924
 4.99001996e-04 2.49500998e-03 4.99001996e-04 9.96506986e-01
 6.43712575e-01 2.49500998e-03 3.53293413e-01 4.99001996e-04
 7.20558882e-01 2.49500998e-03 2.76447106e-01 4.99001996e-04
 0.39870259 0.11277445 0.1756487  0.31287425
 0.29341317 0.21407186 0.14870259 0.34381238
 0.22654691 0.17315369 0.20608782 0.39421158

MOTIF layer3_filter_122
letter-probability matrix: alength= 4 w= 9 
 0.06387226 0.20508982 0.11726547 0.61377246
 0.04491018 0.14271457 0.00399202 0.80838323
 0.04341317 0.26447106 0.13622754 0.55588822
 4.99001996e-04 4.99001996e-04 4.99001996e-04 9.98502994e-01
 4.89520958e-01 4.99001996e-04 5.09481038e-01 4.99001996e-04
 8.75748503e-01 4.99001996e-04 1.23253493e-01 4.99001996e-04
 0.48053892 0.03942116 0.07634731 0.40369261
 0.40269461 0.06137725 0.14770459 0.38822355
 0.20209581 0.09730539 0.15568862 0.54491018

MOTIF layer3_filter_123
letter-probability matrix: alength= 4 w= 9 
 5.37249284e-02 7.16332378e-04 3.58166189e-03 9.41977077e-01
 0.64040115 0.00071633 0.31088825 0.04799427
 0.64684814 0.00071633 0.32378223 0.0286533 
 7.16332378e-04 7.16332378e-04 7.16332378e-04 9.97851003e-01
 0.67621777 0.00071633 0.32234957 0.00071633
 0.68624642 0.00071633 0.31232092 0.00071633
 0.38395415 0.11819484 0.1482808  0.3495702 
 0.34527221 0.11461318 0.15616046 0.38395415
 0.33882521 0.14398281 0.21418338 0.3030086 

MOTIF layer3_filter_125
letter-probability matrix: alength= 4 w= 9 
 0.59110562 0.06609018 0.17356393 0.16924027
 0.27609636 0.10438542 0.29709697 0.32242125
 0.69178505 0.02470661 0.27980235 0.00370599
 0.00061767 0.001853   0.54663372 0.45089561
 1.35886350e-02 1.57504632e-01 6.17665225e-04 8.28289067e-01
 0.14021001 0.03397159 0.60407659 0.22174182
 0.19085855 0.23780111 0.00061767 0.57072267
 0.52007412 0.19394688 0.04508956 0.24088944
 0.26003706 0.06732551 0.0407659  0.63187153

MOTIF layer3_filter_126
letter-probability matrix: alength= 4 w= 9 
 0.32470827 0.24200913 0.0913242  0.3419584 
 0.00811771 0.33739219 0.30542872 0.34906139
 0.08675799 0.07153729 0.00405885 0.83764587
 5.07356672e-04 2.53170979e-01 5.07356672e-04 7.45814307e-01
 0.21867073 0.11466261 0.00405885 0.66260781
 0.35971588 0.09386098 0.01014713 0.536276  
 9.46727549e-01 4.97209538e-02 3.04414003e-03 5.07356672e-04
 0.12988331 0.25824455 0.08371385 0.5281583 
 0.50431253 0.29578894 0.01572806 0.18417047

MOTIF layer3_filter_129
letter-probability matrix: alength= 4 w= 9 
 0.1969697  0.52020202 0.15488215 0.12794613
 0.82996633 0.08080808 0.0016835  0.08754209
 0.28451178 0.36195286 0.16498316 0.18855219
 0.20707071 0.27104377 0.0016835  0.52020202
 0.90909091 0.0016835  0.04208754 0.04713805
 0.0016835  0.02188552 0.43265993 0.54377104
 0.08754209 0.00841751 0.05218855 0.85185185
 0.00673401 0.03030303 0.88552189 0.07744108
 0.53367003 0.02525253 0.11616162 0.32491582

MOTIF layer3_filter_130
letter-probability matrix: alength= 4 w= 9 
 0.23864783 0.19778002 0.22754793 0.33602422
 0.2457114  0.31281534 0.06861756 0.3728557 
 3.08779011e-01 3.17860747e-02 5.04540868e-04 6.58930373e-01
 0.44349142 0.00050454 0.31886983 0.23713421
 0.48133199 0.01917255 0.00706357 0.49243189
 0.22704339 0.06811302 0.00655903 0.69828456
 0.129667   0.23158426 0.26387487 0.37487386
 0.45711403 0.46821393 0.00353179 0.07114026
 0.37487386 0.12008073 0.08829465 0.41675076

MOTIF layer3_filter_131
letter-probability matrix: alength= 4 w= 9 
 0.19444444 0.02777778 0.58333333 0.19444444
 0.01388889 0.95833333 0.01388889 0.01388889
 0.01388889 0.06944444 0.88888889 0.02777778
 0.11111111 0.01388889 0.01388889 0.86111111
 0.86111111 0.11111111 0.01388889 0.01388889
 0.94444444 0.01388889 0.02777778 0.01388889
 0.02777778 0.125      0.70833333 0.13888889
 0.22222222 0.29166667 0.31944444 0.16666667
 0.36111111 0.16666667 0.38888889 0.08333333

MOTIF layer3_filter_133
letter-probability matrix: alength= 4 w= 9 
 0.31278655 0.1757514  0.07437596 0.43708609
 0.32144677 0.18899643 0.18899643 0.30056037
 0.11767702 0.46204789 0.09577178 0.32450331
 0.43657667 0.12633724 0.27967397 0.15741212
 0.40295466 0.13041263 0.28374936 0.18288334
 0.62862965 0.07794193 0.00356597 0.28986246
 0.10239429 0.01986755 0.21395823 0.66377993
 0.22363729 0.09373408 0.58634743 0.0962812 
 0.07284768 0.19714722 0.05450841 0.67549669

MOTIF layer3_filter_137
letter-probability matrix: alength= 4 w= 9 
 0.13559322 0.46271186 0.09661017 0.30508475
 0.11129944 0.27966102 0.05649718 0.55254237
 0.31525424 0.25932203 0.30677966 0.11864407
 5.64971751e-04 7.17514124e-02 3.33333333e-02 8.94350282e-01
 0.02881356 0.02542373 0.1480226  0.79774011
 0.33728814 0.04350282 0.54463277 0.07457627
 0.18305085 0.00960452 0.48926554 0.3180791 
 0.35536723 0.41355932 0.0480226  0.18305085
 0.0740113  0.10677966 0.51581921 0.30338983

MOTIF layer3_filter_139
letter-probability matrix: alength= 4 w= 9 
 0.84640884 0.09447514 0.02430939 0.03480663
 0.56906077 0.00662983 0.19281768 0.23149171
 0.05635359 0.10220994 0.00773481 0.83370166
 0.0198895  0.00994475 0.00662983 0.96353591
 0.00552486 0.00607735 0.39337017 0.59502762
 0.34364641 0.11160221 0.52983425 0.01491713
 0.40662983 0.34088398 0.11436464 0.13812155
 0.16574586 0.16850829 0.30055249 0.36519337
 0.15469613 0.2519337  0.26464088 0.32872928

MOTIF layer3_filter_142
letter-probability matrix: alength= 4 w= 9 
 0.37087912 0.06648352 0.23681319 0.32582418
 0.07032967 0.05769231 0.28516484 0.58681319
 0.22472527 0.0510989  0.1010989  0.62307692
 0.0021978  0.18681319 0.59615385 0.21483516
 0.24230769 0.01538462 0.39450549 0.3478022 
 5.49450549e-04 2.19780220e-03 5.49450549e-04 9.96703297e-01
 0.00494505 0.0021978  0.01483516 0.97802198
 2.19780220e-03 6.04395604e-03 5.49450549e-04 9.91208791e-01
 0.02802198 0.00879121 0.03846154 0.92472527

MOTIF layer3_filter_144
letter-probability matrix: alength= 4 w= 9 
 0.42285041 0.24558304 0.17550059 0.15606596
 0.47349823 0.22202591 0.21260306 0.09187279
 0.32685512 0.46054181 0.09599529 0.11660777
 0.24617197 0.39575972 0.35747939 0.00058893
 0.21495878 0.48468787 0.00471143 0.29564193
 0.40282686 0.54122497 0.04416961 0.01177856
 0.50176678 0.1171967  0.14310954 0.23792697
 0.34216726 0.48881037 0.08127208 0.08775029
 0.65371025 0.20789164 0.0836278  0.05477032

MOTIF layer3_filter_150
letter-probability matrix: alength= 4 w= 9 
 0.13822355 0.04590818 0.1741517  0.64171657
 0.03992016 0.05988024 0.09381238 0.80638723
 4.99001996e-04 4.99001996e-04 4.99001996e-04 9.98502994e-01
 2.51497006e-01 4.99001996e-04 1.34231537e-01 6.13772455e-01
 0.22355289 0.000998   0.13622754 0.63922156
 0.14021956 0.01397206 0.01746507 0.82834331
 0.01996008 0.24101796 0.63672655 0.10229541
 4.99001996e-04 1.04790419e-02 1.44710579e-01 8.44311377e-01
 0.16117764 0.07884232 0.15169661 0.60828343

MOTIF layer3_filter_154
letter-probability matrix: alength= 4 w= 9 
 0.19760479 0.28343313 0.06986028 0.4491018 
 0.30139721 0.14371257 0.2994012  0.25548902
 0.89421158 0.06586826 0.03393214 0.00598802
 0.58283433 0.10578842 0.18762475 0.1237525 
 0.33133733 0.09580838 0.05389222 0.51896208
 0.74451098 0.05988024 0.00199601 0.19361277
 0.00199601 0.00199601 0.19361277 0.80239521
 0.00199601 0.00199601 0.88423154 0.11177645
 0.25548902 0.08183633 0.33333333 0.32934132

MOTIF layer3_filter_155
letter-probability matrix: alength= 4 w= 9 
 0.13223553 0.07734531 0.03892216 0.75149701
 1.95109780e-01 4.99001996e-04 4.99001996e-04 8.03892216e-01
 1.73153693e-01 4.99001996e-04 1.54690619e-02 8.10878244e-01
 4.24151697e-02 1.65668663e-01 4.99001996e-04 7.91417166e-01
 0.17215569 0.06087824 0.42215569 0.34481038
 0.06536926 0.38972056 0.30339321 0.24151697
 0.65968064 0.0239521  0.05638723 0.25998004
 5.44411178e-01 4.99001996e-04 2.84930140e-01 1.70159681e-01
 0.2744511  0.02644711 0.06187625 0.63722555

MOTIF layer3_filter_158
letter-probability matrix: alength= 4 w= 9 
 2.44510978e-02 4.99001996e-04 4.99001996e-04 9.74550898e-01
 4.99001996e-04 4.99001996e-04 4.99001996e-04 9.98502994e-01
 9.38123752e-02 4.99001996e-04 4.99001996e-04 9.05189621e-01
 4.99001996e-04 4.99001996e-04 4.99001996e-04 9.98502994e-01
 4.99001996e-04 4.99001996e-04 4.99001996e-04 9.98502994e-01
 4.99001996e-04 4.99001996e-04 4.99001996e-04 9.98502994e-01
 4.99001996e-04 4.99001996e-04 4.99001996e-04 9.98502994e-01
 3.87225549e-01 6.73652695e-02 4.99001996e-04 5.44910180e-01
 0.1756487  0.14870259 0.22005988 0.45558882

MOTIF layer3_filter_160
letter-probability matrix: alength= 4 w= 9 
 0.275  0.1465 0.1815 0.397 
 0.2405 0.1585 0.215  0.386 
 0.0185 0.001  0.0125 0.968 
 6.050e-01 5.000e-04 2.870e-01 1.075e-01
 0.623  0.001  0.2685 0.1075
 5.000e-04 5.000e-04 5.000e-04 9.985e-01
 7.135e-01 5.000e-04 2.755e-01 1.050e-02
 6.625e-01 5.000e-04 3.265e-01 1.050e-02
 0.33   0.1245 0.1255 0.42  

MOTIF layer3_filter_161
letter-probability matrix: alength= 4 w= 9 
 0.13038549 0.28911565 0.33560091 0.24489796
 0.02210884 0.48072562 0.25056689 0.24659864
 0.17460317 0.35997732 0.37414966 0.09126984
 0.00113379 0.00510204 0.76360544 0.23015873
 0.40873016 0.03628118 0.17176871 0.38321995
 0.09750567 0.00396825 0.43197279 0.46655329
 0.47562358 0.00566893 0.10657596 0.41213152
 0.21201814 0.06689342 0.21315193 0.50793651
 0.55952381 0.01190476 0.08560091 0.34297052

MOTIF layer3_filter_170
letter-probability matrix: alength= 4 w= 9 
 0.02380952 0.02380952 0.21428571 0.73809524
 0.02380952 0.02380952 0.02380952 0.92857143
 0.14285714 0.02380952 0.61904762 0.21428571
 0.02380952 0.47619048 0.02380952 0.47619048
 0.66666667 0.28571429 0.02380952 0.02380952
 0.28571429 0.02380952 0.02380952 0.66666667
 0.02380952 0.02380952 0.66666667 0.28571429
 0.02380952 0.33333333 0.02380952 0.61904762
 0.02380952 0.28571429 0.66666667 0.02380952

MOTIF layer3_filter_172
letter-probability matrix: alength= 4 w= 9 
 0.36138905 0.16127134 0.44379046 0.03354915
 0.19717481 0.03708064 0.22366098 0.54208358
 0.18422602 0.02354326 0.43672749 0.35550324
 5.88581519e-04 5.88581519e-04 5.88581519e-04 9.98234255e-01
 0.36668629 0.39611536 0.00353149 0.23366686
 0.33961154 0.04414361 0.07945851 0.53678634
 0.05356092 0.3949382  0.11300765 0.43849323
 0.08534432 0.33961154 0.23013537 0.34490877
 0.52619188 0.02589759 0.40729841 0.04061212

MOTIF layer3_filter_175
letter-probability matrix: alength= 4 w= 9 
 0.35411471 0.16396509 0.14588529 0.33603491
 6.23441397e-04 6.23441397e-04 6.23441397e-04 9.98129676e-01
 7.61221945e-01 6.23441397e-04 2.37531172e-01 6.23441397e-04
 0.56546135 0.00062344 0.43329177 0.00062344
 6.23441397e-04 6.23441397e-04 6.23441397e-04 9.98129676e-01
 6.35286783e-01 6.23441397e-04 3.63466334e-01 6.23441397e-04
 7.31296758e-01 6.23441397e-04 2.67456359e-01 6.23441397e-04
 0.27244389 0.10224439 0.13341646 0.49189526
 0.25997506 0.14962594 0.17518703 0.41521197

MOTIF layer3_filter_179
letter-probability matrix: alength= 4 w= 9 
 0.36183525 0.13086548 0.31074035 0.19655892
 0.01199166 0.10323253 0.09906152 0.78571429
 0.16996872 0.01616267 0.23201251 0.5818561 
 0.05630865 0.02085506 0.47758081 0.44525547
 0.17049009 0.09384776 0.20177268 0.53388947
 0.20490094 0.09019812 0.08133472 0.62356621
 0.23618352 0.03858186 0.15328467 0.57194995
 0.03910323 0.33837331 0.15589155 0.46663191
 0.06517205 0.13086548 0.32168926 0.4822732 

MOTIF layer3_filter_182
letter-probability matrix: alength= 4 w= 9 
 0.23502994 0.02295409 0.15668663 0.58532934
 0.03892216 0.00299401 0.08632735 0.87175649
 0.09081836 0.06387226 0.19610778 0.6492016 
 0.00698603 0.11477046 0.22704591 0.6511976 
 0.00199601 0.06736527 0.04241517 0.88822355
 4.99001996e-04 9.98003992e-04 9.38123752e-02 9.04690619e-01
 0.04391218 0.04041916 0.90618762 0.00948104
 2.22055888e-01 7.58483034e-02 4.99001996e-04 7.01596806e-01
 0.00349301 0.15568862 0.01047904 0.83033932

MOTIF layer3_filter_186
letter-probability matrix: alength= 4 w= 9 
 0.19061876 0.11526946 0.5508982  0.14321357
 0.1492016  0.1262475  0.39570858 0.32884232
 0.18463074 0.28443114 0.04740519 0.48353293
 0.29141717 0.26197605 0.20958084 0.23702595
 0.21007984 0.26846307 0.14121756 0.38023952
 0.06636727 0.66217565 0.2005988  0.07085828
 0.35479042 0.24451098 0.37674651 0.0239521 
 0.73502994 0.01447106 0.10329341 0.14720559
 0.09730539 0.10928144 0.08133733 0.71207585

MOTIF layer3_filter_187
letter-probability matrix: alength= 4 w= 9 
 8.63273453e-02 9.48103792e-03 4.99001996e-04 9.03692615e-01
 0.47954092 0.03393214 0.16866267 0.31786427
 0.15369261 0.00149701 0.43363273 0.41117764
 0.1237525  0.16467066 0.3008982  0.41067864
 0.43063872 0.14820359 0.24251497 0.17864271
 0.44061876 0.07884232 0.01646707 0.46407186
 0.0499002  0.06287425 0.34381238 0.54341317
 0.13922156 0.08632735 0.12974052 0.64471058
 0.2994012  0.03493014 0.18213573 0.48353293

MOTIF layer3_filter_189
letter-probability matrix: alength= 4 w= 9 
 0.09596662 0.46383866 0.15994437 0.28025035
 0.06397775 0.10709318 0.64742698 0.18150209
 0.13143255 0.30528512 0.52781641 0.03546592
 0.75869263 0.0403338  0.11196106 0.08901252
 0.57371349 0.07510431 0.20305981 0.14812239
 0.14255911 0.10570236 0.03824757 0.71349096
 0.38456189 0.07232267 0.0403338  0.50278164
 0.19054242 0.11961057 0.01808067 0.67176634
 0.54311544 0.22600834 0.07371349 0.15716273

MOTIF layer3_filter_190
letter-probability matrix: alength= 4 w= 9 
 0.11948052 0.13506494 0.07012987 0.67532468
 0.00779221 0.11428571 0.04935065 0.82857143
 0.37142857 0.21298701 0.07272727 0.34285714
 0.04155844 0.03896104 0.41558442 0.5038961 
 0.29090909 0.0025974  0.58181818 0.12467532
 0.01558442 0.57142857 0.04155844 0.37142857
 0.02597403 0.1038961  0.32727273 0.54285714
 0.31688312 0.13246753 0.02337662 0.52727273
 0.25454545 0.04415584 0.26233766 0.43896104

MOTIF layer3_filter_191
letter-probability matrix: alength= 4 w= 9 
 0.16164154 0.16331658 0.00837521 0.66666667
 0.00083752 0.00586265 0.58710218 0.40619765
 0.03098827 0.10134003 0.00586265 0.86180905
 0.00753769 0.06532663 0.7638191  0.16331658
 0.06700168 0.00251256 0.11222781 0.81825796
 8.62646566e-02 8.37520938e-04 8.84422111e-01 2.84757119e-02
 0.01842546 0.02093802 0.12479062 0.8358459 
 0.3358459  0.04941374 0.07788945 0.53685092
 0.03768844 0.01172529 0.08291457 0.86767169

MOTIF layer3_filter_192
letter-probability matrix: alength= 4 w= 9 
 0.33033932 0.16167665 0.0758483  0.43213573
 0.23952096 0.12724551 0.19261477 0.44061876
 0.06736527 0.32634731 0.00798403 0.59830339
 0.00199601 0.48902196 0.04141717 0.46756487
 0.24451098 0.16566866 0.45359281 0.13622754
 0.20808383 0.13023952 0.21906188 0.44261477
 0.33283433 0.00499002 0.01996008 0.64221557
 4.99001996e-04 3.99201597e-03 2.14071856e-01 7.81437126e-01
 0.05439122 0.03443114 0.3997006  0.51147705

MOTIF layer3_filter_194
letter-probability matrix: alength= 4 w= 9 
 0.52994012 0.16417166 0.08083832 0.2250499 
 0.1252495  0.06087824 0.6756487  0.13822355
 0.09680639 0.09630739 0.11676647 0.69011976
 0.00698603 0.13473054 0.31487026 0.54341317
 0.31487026 0.01447106 0.3008982  0.36976048
 0.28343313 0.07135729 0.11726547 0.52794411
 0.27794411 0.08982036 0.02994012 0.60229541
 0.08832335 0.02744511 0.25648703 0.62774451
 0.15269461 0.08183633 0.31536926 0.4500998 

MOTIF layer3_filter_195
letter-probability matrix: alength= 4 w= 9 
 0.21306818 0.10511364 0.35454545 0.32727273
 0.00625    0.00681818 0.77386364 0.21306818
 0.29602273 0.01306818 0.15738636 0.53352273
 0.02272727 0.01761364 0.47784091 0.48181818
 0.01363636 0.19090909 0.025      0.77045455
 5.68181818e-04 3.50568182e-01 6.81818182e-03 6.42045455e-01
 0.37954545 0.29204545 0.21306818 0.11534091
 0.14375    0.22556818 0.05397727 0.57670455
 0.07556818 0.23579545 0.30056818 0.38806818

MOTIF layer3_filter_207
letter-probability matrix: alength= 4 w= 9 
 0.00648703 0.63123752 0.15918164 0.20309381
 0.000998   0.8997006  0.08582834 0.01347305
 0.01097804 0.8747505  0.00848303 0.10578842
 0.01297405 0.82734531 0.06087824 0.0988024 
 0.01047904 0.60129741 0.22904192 0.15918164
 0.05938124 0.72105788 0.01347305 0.20608782
 0.11526946 0.54441118 0.09830339 0.24201597
 0.1501996  0.52295409 0.10578842 0.22105788
 0.10229541 0.67265469 0.06287425 0.16217565

MOTIF layer3_filter_209
letter-probability matrix: alength= 4 w= 9 
 0.26218852 0.04929577 0.06175515 0.62676056
 0.08992416 0.44095341 0.08559047 0.38353196
 0.25731311 0.47291441 0.02112676 0.24864572
 0.17984832 0.13976165 0.6695558  0.01083424
 0.0552546  0.00704225 0.07908992 0.85861322
 0.08342362 0.01408451 0.04496208 0.85752979
 5.41711809e-04 4.82123510e-02 2.96316360e-01 6.54929577e-01
 0.01679307 0.0595883  0.33206934 0.5915493 
 0.25839653 0.1971831  0.46641387 0.0780065 

MOTIF layer3_filter_210
letter-probability matrix: alength= 4 w= 9 
 0.63227513 0.04179894 0.17142857 0.15449735
 0.05026455 0.17195767 0.01164021 0.76613757
 0.27936508 0.06825397 0.2005291  0.45185185
 5.29100529e-04 5.29100529e-04 5.29100529e-04 9.98412698e-01
 7.66666667e-01 5.29100529e-04 9.57671958e-02 1.37037037e-01
 5.80952381e-01 5.29100529e-04 2.81481481e-01 1.37037037e-01
 0.11375661 0.17513228 0.21746032 0.49365079
 0.32962963 0.10634921 0.06402116 0.5       
 0.24550265 0.15132275 0.18835979 0.41481481

MOTIF layer3_filter_214
letter-probability matrix: alength= 4 w= 9 
 0.19447236 0.27085427 0.17336683 0.36130653
 0.00100503 0.2241206  0.06281407 0.7120603 
 0.31356784 0.00603015 0.12311558 0.55728643
 0.10100503 0.07035176 0.64874372 0.1798995 
 0.04673367 0.02663317 0.37386935 0.55276382
 9.26633166e-01 8.04020101e-03 6.48241206e-02 5.02512563e-04
 4.12060302e-02 5.02512563e-04 3.30150754e-01 6.28140704e-01
 0.10301508 0.01909548 0.04723618 0.83065327
 0.01306533 0.07738693 0.42663317 0.48291457

MOTIF layer3_filter_215
letter-probability matrix: alength= 4 w= 9 
 0.50413223 0.19989669 0.26859504 0.02737603
 0.78460744 0.14307851 0.04493802 0.02737603
 0.5428719  0.21332645 0.20609504 0.03770661
 0.59504132 0.2660124  0.00981405 0.12913223
 0.05010331 0.12654959 0.0981405  0.72520661
 0.2856405  0.05268595 0.31095041 0.35072314
 8.16115702e-02 1.49793388e-02 9.02892562e-01 5.16528926e-04
 0.26136364 0.05681818 0.34452479 0.33729339
 0.31766529 0.16115702 0.24070248 0.28047521

MOTIF layer3_filter_216
letter-probability matrix: alength= 4 w= 9 
 0.71806387 0.02794411 0.16467066 0.08932136
 0.32085828 0.12874251 0.04341317 0.50698603
 0.15518962 0.17764471 0.60678643 0.06037924
 0.70808383 0.04191617 0.04191617 0.20808383
 0.15469062 0.03043912 0.26047904 0.55439122
 0.07135729 0.00149701 0.43962076 0.48752495
 0.42065868 0.12824351 0.19461078 0.25648703
 0.20459082 0.08283433 0.09231537 0.62025948
 0.19610778 0.0993014  0.2260479  0.47854291

MOTIF layer3_filter_217
letter-probability matrix: alength= 4 w= 9 
 0.499501   0.01796407 0.22754491 0.25499002
 0.00698603 0.01447106 0.01297405 0.96556886
 0.00199601 0.00449102 0.02045908 0.97305389
 0.19760479 0.00548902 0.21057884 0.58632735
 0.0259481  0.09331337 0.02994012 0.8507984 
 0.56536926 0.23403194 0.03393214 0.16666667
 0.02095808 0.17814371 0.06636727 0.73453094
 0.08732535 0.11626747 0.24201597 0.55439122
 0.13323353 0.08333333 0.4745509  0.30888224

MOTIF layer3_filter_218
letter-probability matrix: alength= 4 w= 9 
 0.25548902 0.29540918 0.03592814 0.41317365
 0.53043912 0.02994012 0.40868263 0.03093812
 0.05389222 0.07035928 0.14371257 0.73203593
 0.01796407 0.09780439 0.08682635 0.79740519
 0.14620758 0.05788423 0.35129741 0.44461078
 0.17015968 0.05988024 0.26347305 0.50648703
 0.53792415 0.00748503 0.36926148 0.08532934
 0.1506986  0.16616766 0.15768463 0.5254491 
 0.16367265 0.24151697 0.29690619 0.29790419

MOTIF layer3_filter_223
letter-probability matrix: alength= 4 w= 9 
 0.44639279 0.03657315 0.40380762 0.11322645
 0.30360721 0.23296593 0.14729459 0.31613226
 0.32665331 0.10420842 0.24248497 0.32665331
 8.45190381e-01 5.01002004e-04 1.53807615e-01 5.01002004e-04
 0.25651303 0.08517034 0.04058116 0.61773547
 0.16733467 0.1252505  0.41533066 0.29208417
 0.72144289 0.00801603 0.25951904 0.01102204
 0.01953908 0.16883768 0.09819639 0.71342685
 0.00951904 0.02705411 0.83316633 0.13026052

MOTIF layer3_filter_224
letter-probability matrix: alength= 4 w= 9 
 0.24101796 0.21257485 0.36526946 0.18113772
 0.27245509 0.60479042 0.06536926 0.05738523
 0.44660679 0.23003992 0.27744511 0.04590818
 0.50948104 0.06437126 0.2739521  0.15219561
 0.31686627 0.52944112 0.0758483  0.07784431
 0.24850299 0.02944112 0.02694611 0.69510978
 0.08782435 0.35778443 0.00149701 0.55289421
 0.16816367 0.10279441 0.19061876 0.53842315
 0.23053892 0.20958084 0.0758483  0.48403194

MOTIF layer3_filter_227
letter-probability matrix: alength= 4 w= 9 
 0.05238095 0.21666667 0.03968254 0.69126984
 0.16984127 0.05873016 0.00952381 0.76190476
 0.06825397 0.18809524 0.18809524 0.55555556
 1.74603175e-02 9.60317460e-01 7.93650794e-04 2.14285714e-02
 0.59126984 0.18968254 0.03809524 0.18095238
 0.59047619 0.00079365 0.10873016 0.3       
 0.4968254  0.00634921 0.01031746 0.48650794
 0.26825397 0.05873016 0.12380952 0.54920635
 0.25238095 0.20793651 0.11904762 0.42063492

MOTIF layer3_filter_228
letter-probability matrix: alength= 4 w= 9 
 0.05555556 0.05555556 0.83333333 0.05555556
 0.05555556 0.05555556 0.05555556 0.83333333
 0.05555556 0.05555556 0.83333333 0.05555556
 0.83333333 0.05555556 0.05555556 0.05555556
 0.11111111 0.77777778 0.05555556 0.05555556
 0.05555556 0.77777778 0.05555556 0.11111111
 0.05555556 0.38888889 0.11111111 0.44444444
 0.11111111 0.66666667 0.16666667 0.05555556
 0.05555556 0.05555556 0.22222222 0.66666667

MOTIF layer3_filter_231
letter-probability matrix: alength= 4 w= 9 
 0.47315605 0.20873056 0.06874059 0.2493728 
 0.07877572 0.6281987  0.09332664 0.19969895
 9.20220773e-01 5.01756147e-04 5.51931761e-02 2.40842950e-02
 0.44104365 0.05418966 0.09934772 0.40541897
 0.3146011  0.18866031 0.1018565  0.39488209
 0.27797291 0.10938284 0.10436528 0.50827898
 0.00903161 0.12895133 0.0572002  0.80481686
 0.1144004  0.0125439  0.35975916 0.51329654
 0.25589563 0.19668841 0.2162569  0.33115906

MOTIF layer3_filter_233
letter-probability matrix: alength= 4 w= 9 
 0.51261352 0.06306761 0.35519677 0.0691221 
 0.28607467 0.16347124 0.20282543 0.34762866
 0.46569122 0.35368315 0.13471241 0.04591322
 0.48183653 0.12361251 0.12008073 0.27447023
 0.09636731 0.03430878 0.00857719 0.86074672
 1.21089808e-02 5.04540868e-04 5.04540868e-04 9.86881937e-01
 0.00908174 0.03784057 0.30676085 0.64631685
 0.21644803 0.03834511 0.74217962 0.00302725
 0.36629667 0.17810293 0.24268416 0.21291625

MOTIF layer3_filter_237
letter-probability matrix: alength= 4 w= 9 
 0.00649351 0.04545455 0.00649351 0.94155844
 0.65584416 0.00649351 0.33116883 0.00649351
 0.98051948 0.00649351 0.00649351 0.00649351
 0.67532468 0.07792208 0.01298701 0.23376623
 0.86363636 0.11688312 0.01298701 0.00649351
 0.38311688 0.00649351 0.00649351 0.6038961 
 0.00649351 0.00649351 0.6038961  0.38311688
 0.08441558 0.07792208 0.44805195 0.38961039
 0.21428571 0.12337662 0.11688312 0.54545455

MOTIF layer3_filter_238
letter-probability matrix: alength= 4 w= 9 
 0.34652461 0.16844242 0.22932522 0.25570776
 0.35819381 0.12480974 0.11060375 0.40639269
 0.14358194 0.15372907 0.35920852 0.34348047
 5.07356672e-04 5.07356672e-04 3.04414003e-03 9.95941147e-01
 5.26128869e-01 5.07356672e-04 4.72856418e-01 5.07356672e-04
 7.86910198e-01 5.07356672e-04 2.12075089e-01 5.07356672e-04
 0.07052258 0.04769153 0.04870624 0.83307965
 0.47995941 0.12328767 0.27143582 0.1253171 
 0.61694571 0.05631659 0.27143582 0.05530188

MOTIF layer3_filter_250
letter-probability matrix: alength= 4 w= 9 
 0.66666667 0.15918164 0.11526946 0.05888224
 0.89820359 0.03992016 0.03093812 0.03093812
 0.66666667 0.01047904 0.00199601 0.32085828
 3.49301397e-03 4.99001996e-04 4.99001996e-04 9.95508982e-01
 4.99001996e-04 9.98003992e-02 4.99001996e-04 8.99201597e-01
 0.24351297 0.01996008 0.54191617 0.19461078
 0.3737525  0.14570858 0.34131737 0.13922156
 0.31037924 0.22155689 0.14670659 0.32135729
 0.2744511  0.23453094 0.13722555 0.35379242

MOTIF layer3_filter_252
letter-probability matrix: alength= 4 w= 9 
 0.61177645 0.01497006 0.14820359 0.2250499 
 0.70708583 0.08033932 0.04840319 0.16417166
 0.63123752 0.20159681 0.08133733 0.08582834
 0.13922156 0.00898204 0.01497006 0.83682635
 0.16367265 0.00399202 0.08682635 0.74550898
 6.12275449e-01 2.69960080e-01 4.99001996e-04 1.17265469e-01
 0.60728543 0.00598802 0.00149701 0.38522954
 0.57884232 0.08832335 0.2000998  0.13273453
 0.40469062 0.14570858 0.31237525 0.13722555

MOTIF layer3_filter_255
letter-probability matrix: alength= 4 w= 9 
 0.73282443 0.06641221 0.08549618 0.11526718
 0.50992366 0.02824427 0.05038168 0.41145038
 0.7648855  0.05648855 0.14427481 0.03435115
 0.08244275 0.02290076 0.00229008 0.89236641
 0.00229008 0.08244275 0.02137405 0.89389313
 0.85877863 0.09923664 0.03206107 0.00992366
 0.00229008 0.01755725 0.06870229 0.91145038
 0.2870229  0.0389313  0.0648855  0.60916031
 0.10534351 0.08931298 0.41068702 0.39465649
