MEME version 5.4.1

ALPHABET= ACGT

strands: + -

Background letter frequencies
A 0.25 C 0.25 G 0.25 T 0.25

MOTIF layer3_filter_2
letter-probability matrix: alength= 4 w= 9 
 0.01654491 0.07907177 0.01955307 0.88483025
 0.02943704 0.00429738 0.43661367 0.52965191
 0.00945423 0.02771809 0.57477439 0.38805329
 0.19144822 0.26493339 0.07842716 0.46519123
 0.13601203 0.00666094 0.40588741 0.45143962
 0.00472712 0.07434465 0.40717662 0.51375161
 0.01568543 0.23399226 0.05328749 0.69703481
 0.02385045 0.22410829 0.56725398 0.18478728
 0.1072196  0.22990976 0.11667383 0.54619682

MOTIF layer3_filter_3
letter-probability matrix: alength= 4 w= 9 
 0.54411161 0.16864998 0.19368076 0.09355765
 0.39310628 0.33155519 0.22773902 0.04759951
 0.85145671 0.0172343  0.12310217 0.00820681
 0.73574066 0.1263849  0.03364793 0.10422651
 0.29667624 0.11899877 0.16536725 0.41895773
 0.46163316 0.21255642 0.04021338 0.28559705
 0.30242101 0.00164136 0.21542881 0.48050882
 0.03487895 0.00328272 0.64300369 0.31883463
 0.24866639 0.09150595 0.36479278 0.29503488

MOTIF layer3_filter_5
letter-probability matrix: alength= 4 w= 9 
 0.19788714 0.11852615 0.07111569 0.61247101
 0.41071889 0.15073435 0.00154599 0.43700077
 0.18603453 0.16567895 0.077815   0.57047153
 0.44086576 0.21978871 0.03298119 0.30636434
 0.19866014 0.19170317 0.51636176 0.09327493
 0.30842566 0.11569183 0.18191188 0.39397063
 0.01932492 0.11285751 0.77660397 0.0912136 
 0.04792579 0.06364339 0.10718887 0.78124195
 0.00489565 0.22185004 0.31821695 0.45503736

MOTIF layer3_filter_6
letter-probability matrix: alength= 4 w= 9 
 0.16233091 0.17533819 0.32466181 0.33766909
 0.46097815 0.12539022 0.19510926 0.21852237
 6.97190427e-01 1.77419355e-01 1.24869927e-01 5.20291363e-04
 0.98335068 0.01144641 0.00156087 0.00364204
 0.56243496 0.11342352 0.05879292 0.2653486 
 5.20291363e-04 2.60145682e-02 4.94276795e-02 9.24037461e-01
 7.49219563e-02 1.56087409e-03 5.20291363e-04 9.22996878e-01
 1.04058273e-02 5.20291363e-04 9.88553590e-01 5.20291363e-04
 0.0541103  0.21436004 0.28043704 0.45109261

MOTIF layer3_filter_7
letter-probability matrix: alength= 4 w= 9 
 0.05958549 0.09815774 0.1925734  0.64968336
 2.87852619e-04 4.66321244e-02 2.44674727e-02 9.28612550e-01
 0.44214162 0.00921128 0.33909039 0.20955671
 0.22826713 0.42659758 0.29303397 0.05210132
 0.36586068 0.13816926 0.13960852 0.35636154
 0.92659758 0.0333909  0.00575705 0.03425446
 0.49136442 0.14363846 0.11859528 0.24640184
 0.25043178 0.07915947 0.18969488 0.48071387
 0.25474957 0.06160046 0.24755325 0.43609672

MOTIF layer3_filter_8
letter-probability matrix: alength= 4 w= 9 
 0.24143234 0.20782074 0.29767135 0.25307557
 0.05096661 0.27108963 0.07820738 0.59973638
 0.29898946 0.23703866 0.16344464 0.30052724
 0.0013181  0.00395431 0.91542179 0.0793058 
 4.39367311e-04 3.23374341e-01 2.19683656e-03 6.73989455e-01
 0.33172232 0.13246924 0.14081722 0.39499121
 0.17486819 0.12719684 0.21616872 0.48176626
 0.49011424 0.15377856 0.07710896 0.27899824
 0.07205624 0.0309754  0.32051845 0.57644991

MOTIF layer3_filter_10
letter-probability matrix: alength= 4 w= 9 
 0.19907221 0.11577249 0.31000403 0.37515127
 0.09903187 0.0943929  0.32230738 0.48426785
 0.12666398 0.22791448 0.14804357 0.49737797
 0.31887858 0.01774909 0.32472771 0.33864461
 0.12061315 0.11052844 0.11093183 0.65792658
 2.98507463e-01 6.44211376e-01 2.01694232e-04 5.70794675e-02
 0.0980234  0.54820492 0.04396934 0.30980234
 0.1222267  0.56272691 0.03348124 0.28156515
 0.09459459 0.5875353  0.09842678 0.21944332

MOTIF layer3_filter_11
letter-probability matrix: alength= 4 w= 9 
 0.82941176 0.14117647 0.00588235 0.02352941
 0.45294118 0.16470588 0.37647059 0.00588235
 0.07058824 0.01176471 0.61176471 0.30588235
 0.33529412 0.1        0.02352941 0.54117647
 0.23529412 0.14705882 0.00588235 0.61176471
 0.45294118 0.00588235 0.10588235 0.43529412
 0.42941176 0.09411765 0.38235294 0.09411765
 0.17058824 0.02352941 0.12941176 0.67647059
 0.11764706 0.24117647 0.60588235 0.03529412

MOTIF layer3_filter_13
letter-probability matrix: alength= 4 w= 9 
 0.22785846 0.18449581 0.35815095 0.22949478
 0.1378605  0.21415422 0.08877071 0.55921456
 0.00204541 0.47555737 0.01759051 0.50480671
 2.04540806e-04 5.33033340e-01 1.54632849e-01 3.12129270e-01
 0.07097566 0.4150133  0.02945388 0.48455717
 0.12599714 0.3403559  0.05338515 0.48026181
 0.2035181  0.03334015 0.0355901  0.72755165
 0.31642463 0.33606054 0.22069953 0.1268153 
 0.19472285 0.0711802  0.53691962 0.19717734

MOTIF layer3_filter_17
letter-probability matrix: alength= 4 w= 9 
 0.499002   0.17964072 0.00598802 0.31536926
 0.23752495 0.00798403 0.35928144 0.39520958
 0.11177645 0.00199601 0.64071856 0.24550898
 0.01796407 0.20958084 0.01197605 0.76047904
 0.23952096 0.32934132 0.26546906 0.16566866
 0.05189621 0.68063872 0.00199601 0.26546906
 0.5508982  0.22954092 0.01397206 0.20558882
 0.08582834 0.00399202 0.03992016 0.87025948
 0.14171657 0.04590818 0.75648703 0.05588822

MOTIF layer3_filter_20
letter-probability matrix: alength= 4 w= 9 
 0.27064523 0.20942524 0.14776481 0.37216472
 0.19180797 0.12067826 0.27681128 0.41070249
 0.04888791 0.11583352 0.03919841 0.79608016
 0.41885047 0.14225941 0.34045364 0.09843647
 0.4985686  0.16582251 0.21118696 0.12442193
 0.06452323 0.04624532 0.08830654 0.80092491
 0.51838802 0.04294208 0.2840784  0.1545915 
 0.83439771 0.01475446 0.12001762 0.03083021
 0.19863466 0.09381194 0.11539309 0.59216032

MOTIF layer3_filter_21
letter-probability matrix: alength= 4 w= 9 
 0.18794179 0.3010395  0.19293139 0.31808732
 0.69272349 0.22723493 0.03326403 0.04677755
 0.37879418 0.05779626 0.21455301 0.34885655
 4.15800416e-04 6.23700624e-04 1.76715177e-02 9.81288981e-01
 0.06133056 0.03970894 0.05322245 0.84573805
 0.04490644 0.08856549 0.23659044 0.62993763
 0.12869023 0.30748441 0.41725572 0.14656965
 0.61871102 0.05031185 0.05550936 0.27546778
 0.02702703 0.06278586 0.16735967 0.74282744

MOTIF layer3_filter_22
letter-probability matrix: alength= 4 w= 9 
 0.21392758 0.1264624  0.23899721 0.42061281
 6.12813370e-03 5.57103064e-04 1.61559889e-02 9.77158774e-01
 6.76323120e-01 5.57103064e-04 3.22562674e-01 5.57103064e-04
 0.62896936 0.00612813 0.3637883  0.00111421
 0.08412256 0.01671309 0.02729805 0.8718663 
 0.63008357 0.02729805 0.29359331 0.04902507
 0.70306407 0.00779944 0.27855153 0.01058496
 0.3454039  0.11810585 0.16824513 0.36824513
 0.16768802 0.15153203 0.22841226 0.45236769

MOTIF layer3_filter_23
letter-probability matrix: alength= 4 w= 9 
 0.14834337 0.05722892 0.18298193 0.61144578
 0.01355422 0.00527108 0.31024096 0.67093373
 0.57680723 0.00075301 0.42168675 0.00075301
 7.53012048e-04 5.27108434e-03 9.71385542e-02 8.96837349e-01
 0.04668675 0.10391566 0.05346386 0.79593373
 7.60542169e-02 2.25903614e-03 7.53012048e-04 9.20933735e-01
 7.53012048e-04 1.43072289e-02 3.16265060e-02 9.53313253e-01
 0.52861446 0.01581325 0.45331325 0.00225904
 0.1001506  0.12048193 0.19427711 0.58509036

MOTIF layer3_filter_25
letter-probability matrix: alength= 4 w= 9 
 0.31788079 0.19426049 0.05739514 0.43046358
 0.23178808 0.39072848 0.02869757 0.34878587
 0.97571744 0.00220751 0.01986755 0.00220751
 0.25165563 0.19205298 0.01324503 0.54304636
 0.35320088 0.16777042 0.45916115 0.01986755
 0.98233996 0.00220751 0.01324503 0.00220751
 0.00220751 0.01324503 0.00220751 0.98233996
 0.00220751 0.00220751 0.98233996 0.01324503
 0.15673289 0.11699779 0.18763797 0.53863135

MOTIF layer3_filter_26
letter-probability matrix: alength= 4 w= 9 
 0.65807354 0.05195843 0.08413269 0.20583533
 0.15767386 0.02198241 0.04276579 0.77757794
 0.08353317 0.07993605 0.06694644 0.76958433
 7.61990408e-01 1.99840128e-04 4.89608313e-02 1.88848921e-01
 0.08373301 0.02418066 0.05535572 0.83673062
 0.07214229 0.2246203  0.02358114 0.67965627
 0.2440048  0.00439648 0.08153477 0.67006395
 0.25479616 0.01778577 0.07713829 0.65027978
 0.13768985 0.03677058 0.04476419 0.78077538

MOTIF layer3_filter_27
letter-probability matrix: alength= 4 w= 9 
 0.37949678 0.1599085  0.20253691 0.25805781
 0.51445207 0.13765856 0.1599085  0.18798087
 0.40923269 0.32813475 0.0679975  0.19463506
 8.62549387e-01 2.07943439e-04 4.94905386e-02 8.77521314e-02
 0.35558328 0.09357455 0.05240175 0.49844042
 0.14348097 0.30276565 0.05427324 0.49948014
 5.69349137e-01 2.07943439e-04 4.63713870e-02 3.84071533e-01
 0.02890414 0.09128717 0.00686213 0.87294656
 0.09211894 0.09503015 0.35516739 0.45768351

MOTIF layer3_filter_34
letter-probability matrix: alength= 4 w= 9 
 0.42444637 0.12917933 0.14719931 0.29917499
 0.14850195 0.36343899 0.1309162  0.35714286
 0.25900999 0.09140252 0.05297438 0.59661311
 2.17108120e-04 1.15935736e-01 8.20451585e-01 6.33955710e-02
 0.07598784 0.30547112 0.00390795 0.61463309
 0.01541468 0.00499349 0.58250109 0.39709075
 0.04798089 0.05709944 0.00998697 0.8849327 
 0.23903604 0.1845419  0.14785063 0.42857143
 0.1070343  0.07642206 0.3343465  0.48219713

MOTIF layer3_filter_35
letter-probability matrix: alength= 4 w= 9 
 0.18851924 0.14677104 0.14046532 0.5242444 
 0.08045227 0.06414438 0.51902588 0.33637747
 0.57512503 0.01913459 0.23570341 0.17003696
 0.46205697 0.01195912 0.06675364 0.45923027
 5.47945205e-02 2.17438574e-04 5.02065666e-01 4.42922374e-01
 0.152207   0.22918026 0.32289628 0.29571646
 0.19156338 0.26179604 0.47619048 0.0704501 
 0.29462927 0.15525114 0.17829963 0.37181996
 0.43748641 0.21852577 0.13372472 0.2102631 

MOTIF layer3_filter_38
letter-probability matrix: alength= 4 w= 9 
 0.62410072 0.08633094 0.13988809 0.14968026
 0.62230216 0.2873701  0.01698641 0.07334133
 0.47521982 0.48381295 0.00639488 0.03457234
 7.43804956e-01 5.99520384e-04 1.63868905e-01 9.17266187e-02
 0.05435651 0.14288569 0.43065548 0.37210232
 0.44404476 0.07454037 0.18365308 0.29776179
 0.3695044  0.23121503 0.22142286 0.17785771
 0.04636291 0.13089528 0.15507594 0.66766587
 0.15827338 0.14288569 0.39508393 0.30375699

MOTIF layer3_filter_39
letter-probability matrix: alength= 4 w= 9 
 0.39153878 0.13148071 0.11074243 0.36623808
 0.36209042 0.25570303 0.32082124 0.06138532
 0.33554542 0.08025715 0.56387391 0.02032352
 0.00995438 0.12277063 0.62173372 0.24554127
 0.65304853 0.10203235 0.04935711 0.19556201
 0.0568229  0.00248859 0.07818333 0.86250518
 0.05018664 0.26482787 0.01783492 0.66715056
 0.12899212 0.25611779 0.1907922  0.42409788
 0.06926586 0.2198258  0.30982995 0.40107839

MOTIF layer3_filter_52
letter-probability matrix: alength= 4 w= 9 
 0.54441495 0.22421891 0.09944864 0.1319175 
 0.56973657 0.17704717 0.17132939 0.08188687
 0.16132326 0.02042067 0.0183786  0.79987748
 0.46436594 0.22666939 0.08168266 0.22728201
 0.40392077 0.04962222 0.46702062 0.07943639
 0.01756177 0.26587707 0.18153972 0.53502144
 0.43802328 0.16969573 0.10373698 0.28854401
 0.26812334 0.15744333 0.21625485 0.35817848
 0.13110067 0.41923627 0.02409639 0.42556667

MOTIF layer3_filter_53
letter-probability matrix: alength= 4 w= 9 
 0.09090909 0.09090909 0.72727273 0.09090909
 0.09090909 0.72727273 0.09090909 0.09090909
 0.72727273 0.09090909 0.09090909 0.09090909
 0.63636364 0.18181818 0.09090909 0.09090909
 0.09090909 0.45454545 0.09090909 0.36363636
 0.72727273 0.09090909 0.09090909 0.09090909
 0.09090909 0.09090909 0.09090909 0.72727273
 0.09090909 0.09090909 0.09090909 0.72727273
 0.09090909 0.09090909 0.72727273 0.09090909

MOTIF layer3_filter_54
letter-probability matrix: alength= 4 w= 9 
 0.25888065 0.14285714 0.35701508 0.24124712
 0.02734475 0.2616918  0.22616918 0.48479428
 0.14745719 0.11960133 0.39892665 0.33401482
 2.55558395e-04 2.55558395e-04 5.87784309e-03 9.93611040e-01
 6.38384871e-01 2.55558395e-04 3.38103757e-01 2.32558140e-02
 6.08740097e-01 3.06670074e-03 3.87937644e-01 2.55558395e-04
 0.30360337 0.15563506 0.26220291 0.27855865
 0.27268081 0.30667007 0.16509072 0.2555584 
 0.25709175 0.37669307 0.12292359 0.24329159

MOTIF layer3_filter_57
letter-probability matrix: alength= 4 w= 9 
 0.08146067 0.35674157 0.02715356 0.53464419
 0.38108614 0.25187266 0.082397   0.28464419
 0.34363296 0.02059925 0.13389513 0.50187266
 0.17602996 0.02434457 0.00374532 0.79588015
 9.36329588e-04 9.36329588e-04 1.49812734e-02 9.83146067e-01
 0.78838951 0.18258427 0.01123596 0.01779026
 0.167603   0.41573034 0.01029963 0.40636704
 0.32303371 0.46816479 0.12640449 0.082397  
 0.12734082 0.05243446 0.20037453 0.61985019

MOTIF layer3_filter_58
letter-probability matrix: alength= 4 w= 9 
 0.1375     0.16802326 0.15116279 0.54331395
 0.36395349 0.01947674 0.2247093  0.39186047
 0.52877907 0.25552326 0.10843023 0.10726744
 0.24331395 0.21569767 0.05930233 0.48168605
 0.5255814  0.14738372 0.24883721 0.07819767
 0.49447674 0.00755814 0.48662791 0.01133721
 0.42587209 0.0130814  0.54883721 0.0122093 
 0.10174419 0.06918605 0.72732558 0.10174419
 0.52819767 0.10988372 0.30813953 0.05377907

MOTIF layer3_filter_61
letter-probability matrix: alength= 4 w= 9 
 0.14497041 0.27679158 0.11538462 0.46285339
 0.33070348 0.36094675 0.0739645  0.23438527
 0.52564103 0.18836292 0.12952005 0.156476  
 0.23668639 0.40894149 0.28599606 0.06837607
 0.29815911 0.16896778 0.08974359 0.44312952
 0.14036818 0.08645628 0.30374753 0.46942801
 0.11176857 0.71959237 0.05950033 0.10913872
 0.34648258 0.15581854 0.0295858  0.46811308
 0.27580539 0.0877712  0.50788955 0.12853386

MOTIF layer3_filter_64
letter-probability matrix: alength= 4 w= 9 
 0.48864097 0.19229209 0.13935091 0.17971602
 5.46247465e-01 2.02839757e-04 3.38945233e-01 1.14604462e-01
 0.55983773 0.0663286  0.18539554 0.18843813
 0.77931034 0.02454361 0.03022312 0.16592292
 0.21521298 0.08965517 0.03448276 0.66064909
 0.15983773 0.64503043 0.00993915 0.1851927 
 0.5        0.03549696 0.39006085 0.07444219
 0.36186613 0.17342799 0.01643002 0.44827586
 0.32048682 0.23711968 0.1326572  0.30973631

MOTIF layer3_filter_67
letter-probability matrix: alength= 4 w= 9 
 0.31275362 0.1742029  0.10434783 0.40869565
 0.23826087 0.36608696 0.0457971  0.34985507
 0.83478261 0.02       0.04927536 0.09594203
 0.08318841 0.03217391 0.83072464 0.05391304
 0.68463768 0.00956522 0.05565217 0.25014493
 0.03014493 0.01072464 0.81536232 0.14376812
 0.64202899 0.10521739 0.09710145 0.15565217
 0.37507246 0.03072464 0.2626087  0.3315942 
 0.29565217 0.14028986 0.1026087  0.46144928

MOTIF layer3_filter_68
letter-probability matrix: alength= 4 w= 9 
 0.21573232 0.18814206 0.26269445 0.33343117
 0.15350748 0.296742   0.21074259 0.33900792
 0.15556208 0.10566481 0.07807455 0.66069856
 0.53213971 0.03199296 0.28001174 0.15585559
 0.40123276 0.07161726 0.40270032 0.12444966
 2.93513355e-04 2.93513355e-04 1.17405342e-03 9.98238920e-01
 6.09040211e-01 2.93513355e-04 3.87437628e-01 3.22864690e-03
 6.40446140e-01 2.93513355e-04 3.58086293e-01 1.17405342e-03
 0.27648958 0.12239507 0.36718521 0.23393014

MOTIF layer3_filter_70
letter-probability matrix: alength= 4 w= 9 
 0.056      0.22162963 0.144      0.57837037
 0.10044444 0.30014815 0.24918519 0.35022222
 0.38696296 0.06340741 0.24592593 0.3037037 
 0.85333333 0.0082963  0.11674074 0.02162963
 0.35466667 0.00296296 0.12177778 0.52059259
 1.72444444e-01 2.96296296e-04 4.74074074e-03 8.22518519e-01
 0.03051852 0.00355556 0.37037037 0.59555556
 0.23051852 0.14192593 0.48177778 0.14577778
 0.44740741 0.04533333 0.36474074 0.14251852

MOTIF layer3_filter_82
letter-probability matrix: alength= 4 w= 9 
 0.02790698 0.30232558 0.04651163 0.62325581
 0.11627907 0.28837209 0.53488372 0.06046512
 0.1255814  0.08837209 0.5627907  0.22325581
 0.6744186  0.05116279 0.03255814 0.24186047
 0.1255814  0.06976744 0.13023256 0.6744186 
 0.10697674 0.01860465 0.6744186  0.2       
 0.35813953 0.53023256 0.00465116 0.10697674
 0.15348837 0.00465116 0.3627907  0.47906977
 0.18139535 0.17209302 0.51162791 0.13488372

MOTIF layer3_filter_86
letter-probability matrix: alength= 4 w= 9 
 0.18499759 0.33791606 0.02267246 0.45441389
 0.16136035 0.51471298 0.16304872 0.16087795
 0.10781476 0.34370478 0.02508442 0.52339604
 0.09647853 0.01591896 0.7501206  0.13748191
 0.09503136 0.62108056 0.08996623 0.19392185
 0.29811867 0.35287024 0.00868307 0.34032803
 0.08297154 0.04341534 0.31741438 0.55619875
 0.13289918 0.56970574 0.26073324 0.03666184
 0.23637241 0.170767   0.30873131 0.28412928

MOTIF layer3_filter_87
letter-probability matrix: alength= 4 w= 9 
 0.2568685  0.39210456 0.03067485 0.32035209
 0.21659109 0.0557482  0.31821819 0.40944252
 0.37369965 0.07522006 0.1693785  0.38170179
 7.46865831e-03 9.02640704e-01 2.66737797e-04 8.96238997e-02
 0.02854094 0.03894372 0.63403574 0.29847959
 0.54387837 0.07788744 0.17791411 0.20032009
 0.19418512 0.27047213 0.12536676 0.40997599
 0.40170712 0.01387037 0.18965057 0.39477194
 0.27287277 0.26060283 0.11763137 0.34889304

MOTIF layer3_filter_91
letter-probability matrix: alength= 4 w= 9 
 0.17437923 0.07223476 0.15716704 0.59621896
 0.27454853 0.03470655 0.13628668 0.55445824
 0.36681716 0.14757336 0.04260722 0.44300226
 0.60581264 0.00677201 0.0513544  0.33606095
 0.51072235 0.09706546 0.00902935 0.38318284
 0.748307   0.01777652 0.01072235 0.22319413
 0.4238149  0.01326185 0.01297968 0.54994357
 0.06828442 0.04317156 0.06743792 0.82110609
 0.03724605 0.07308126 0.37274266 0.51693002

MOTIF layer3_filter_93
letter-probability matrix: alength= 4 w= 9 
 0.11568123 0.218509   0.52956298 0.13624679
 0.44987147 0.49614396 0.00771208 0.04627249
 0.56298201 0.00257069 0.43187661 0.00257069
 0.27249357 0.27249357 0.00257069 0.45244216
 0.16709512 0.24421594 0.27763496 0.31105398
 0.75321337 0.00257069 0.24164524 0.00257069
 0.00257069 0.24164524 0.01799486 0.7377892 
 0.00257069 0.00257069 0.77892031 0.2159383 
 0.10539846 0.11311054 0.56041131 0.22107969

MOTIF layer3_filter_95
letter-probability matrix: alength= 4 w= 9 
 0.22234612 0.08831401 0.06735058 0.6219893 
 0.13514719 0.09322034 0.35080285 0.42082962
 0.08809099 0.0573149  0.00669045 0.84790366
 0.07515611 0.12890277 0.40031222 0.3956289 
 0.03925067 0.26873327 0.0367975  0.65521855
 0.07158787 0.6677074  0.14763604 0.11306869
 0.38871543 0.07738626 0.06333631 0.470562  
 0.67729706 0.00892061 0.22033898 0.09344335
 0.11128457 0.03099911 0.18465656 0.67305977

MOTIF layer3_filter_96
letter-probability matrix: alength= 4 w= 9 
 0.50196896 0.21635395 0.08200139 0.1996757 
 0.5371786  0.24391939 0.03636785 0.18253417
 0.31572852 0.18971508 0.19318972 0.30136669
 0.50335881 0.17720639 0.22932592 0.09010887
 0.53856845 0.04910818 0.08362289 0.32870049
 0.57053509 0.1012277  0.22677785 0.10145935
 0.86217281 0.01737318 0.10979847 0.01065555
 0.55246699 0.03428307 0.02038453 0.39286542
 0.52466991 0.14686125 0.01088719 0.31758165

MOTIF layer3_filter_102
letter-probability matrix: alength= 4 w= 9 
 0.04045894 0.06783414 0.08172303 0.8099839 
 2.01288245e-04 1.51972625e-01 2.19404187e-02 8.25885668e-01
 0.27254428 0.02455717 0.32246377 0.38043478
 0.0034219  0.03582931 0.18699678 0.77375201
 0.38285024 0.12459742 0.04770531 0.44484702
 6.03864734e-04 3.01932367e-03 1.61231884e-01 8.35144928e-01
 0.00281804 0.09883253 0.07286634 0.82548309
 0.11855878 0.102657   0.08534622 0.693438  
 0.08695652 0.12560386 0.03442029 0.75301932

MOTIF layer3_filter_106
letter-probability matrix: alength= 4 w= 9 
 0.28479872 0.06929702 0.21790507 0.4279992 
 0.06068496 0.57480473 0.01862608 0.34588424
 2.00280393e-04 1.25976367e-01 1.10154216e-02 8.62807931e-01
 0.03504907 0.00761065 0.94171841 0.01562187
 0.0102143  0.14320048 0.21570198 0.63088324
 0.01041458 0.01061486 0.26316844 0.71580212
 0.14259964 0.1409974  0.07490487 0.6414981 
 0.21009413 0.08091328 0.07710795 0.63188464
 0.13438814 0.24914881 0.08612057 0.53034248

MOTIF layer3_filter_107
letter-probability matrix: alength= 4 w= 9 
 0.22819022 0.13855628 0.2206637  0.4125898 
 2.60006842e-02 6.84228532e-04 3.42114266e-02 9.39103661e-01
 5.68936025e-01 3.42114266e-04 3.54088265e-01 7.66335956e-02
 6.89018132e-01 3.42114266e-04 2.94560383e-01 1.60793705e-02
 0.09613411 0.01334246 0.00684229 0.88368115
 0.46082792 0.01094766 0.22511119 0.30311324
 0.54567225 0.02942183 0.23058502 0.1943209 
 0.23195347 0.07971262 0.12555594 0.56277797
 0.21450564 0.12008211 0.2350325  0.43037975

MOTIF layer3_filter_108
letter-probability matrix: alength= 4 w= 9 
 0.09812704 0.2007329  0.49572476 0.20541531
 0.31962541 0.36278502 0.16612378 0.1514658 
 0.2968241  0.5840798  0.07145765 0.04763844
 9.39332248e-01 2.03583062e-04 6.02605863e-02 2.03583062e-04
 0.47536645 0.17263844 0.11950326 0.23249186
 0.3257329  0.0781759  0.08448697 0.51160423
 0.50081433 0.03583062 0.29763844 0.16571661
 0.22882736 0.07756515 0.08713355 0.60647394
 0.13619707 0.02137622 0.6514658  0.19096091

MOTIF layer3_filter_109
letter-probability matrix: alength= 4 w= 9 
 0.21872082 0.16293184 0.25653595 0.36181139
 0.00583567 0.00303455 0.71195145 0.27917834
 0.21451914 0.06839402 0.00303455 0.71405229
 0.01470588 0.03151261 0.32096172 0.63281979
 0.195845   0.03781513 0.0130719  0.75326797
 0.37978525 0.35714286 0.06069094 0.20238095
 0.26563959 0.1197479  0.0245098  0.59010271
 0.2700747  0.08660131 0.48179272 0.16153128
 0.50233427 0.09290383 0.11834734 0.28641457

MOTIF layer3_filter_110
letter-probability matrix: alength= 4 w= 9 
 0.16062176 0.00518135 0.24352332 0.59067358
 0.05699482 0.08290155 0.17098446 0.68911917
 0.75647668 0.01554404 0.22279793 0.00518135
 0.76683938 0.01554404 0.21243523 0.00518135
 0.00518135 0.51295337 0.00518135 0.47668394
 0.00518135 0.55958549 0.00518135 0.43005181
 0.00518135 0.07772021 0.52849741 0.38860104
 0.50777202 0.05699482 0.38860104 0.04663212
 0.0984456  0.01036269 0.46632124 0.42487047

MOTIF layer3_filter_114
letter-probability matrix: alength= 4 w= 9 
 0.31509267 0.0913504  0.24536628 0.34819064
 0.13834951 0.19947043 0.17806708 0.48411297
 0.15070609 0.24382171 0.13812886 0.46734334
 0.11142983 0.07833186 0.30008826 0.51015004
 0.15180936 0.19505737 0.33451015 0.31862312
 0.39607237 0.39585172 0.05428067 0.15379523
 0.07149162 0.26257723 0.00816417 0.65776699
 0.42122683 0.07877317 0.03574581 0.46425419
 0.72484554 0.07303619 0.11584289 0.08627538

MOTIF layer3_filter_115
letter-probability matrix: alength= 4 w= 9 
 0.11228983 0.07786229 0.03082466 0.77902322
 0.14991994 0.01621297 0.2756205  0.5582466 
 0.02502002 0.02882306 0.0682546  0.87790232
 0.04123299 0.00420336 0.09227382 0.86228983
 0.17514011 0.056245   0.10388311 0.66473179
 0.06945556 0.01721377 0.05444355 0.85888711
 1.94755805e-01 5.36429143e-02 2.00160128e-04 7.51401121e-01
 0.06505204 0.0306245  0.08726982 0.81705364
 0.15272218 0.02221777 0.22377902 0.60128102

MOTIF layer3_filter_116
letter-probability matrix: alength= 4 w= 9 
 0.09183242 0.22725349 0.28269149 0.3982226 
 0.1527719  0.1066441  0.46889547 0.27168853
 0.24164198 0.00169276 0.31823953 0.43842573
 0.02962336 0.3516716  0.23994922 0.37875582
 4.23190859e-04 4.23190859e-04 4.23190859e-04 9.98730427e-01
 6.80914092e-01 4.23190859e-04 3.18239526e-01 4.23190859e-04
 6.71180702e-01 4.23190859e-04 3.27972916e-01 4.23190859e-04
 0.35548032 0.06813373 0.41049513 0.16589082
 0.21371138 0.2501058  0.26322471 0.2729581 

MOTIF layer3_filter_117
letter-probability matrix: alength= 4 w= 9 
 0.09361702 0.01574468 0.0106383  0.88      
 5.80851064e-02 2.12765957e-04 3.82978723e-03 9.37872340e-01
 1.63829787e-02 2.12765957e-04 2.12765957e-04 9.83191489e-01
 2.12765957e-04 2.12765957e-04 2.12765957e-04 9.99361702e-01
 2.12765957e-04 2.12765957e-04 2.12765957e-04 9.99361702e-01
 2.12765957e-04 5.61702128e-02 4.46808511e-03 9.39148936e-01
 2.12765957e-04 2.12765957e-04 1.34042553e-02 9.86170213e-01
 0.03489362 0.03787234 0.4806383  0.44659574
 0.21957447 0.04978723 0.17638298 0.55425532

MOTIF layer3_filter_119
letter-probability matrix: alength= 4 w= 9 
 0.17168988 0.197672   0.12076491 0.50987321
 0.45292039 0.0995635  0.19663272 0.25088339
 0.24402411 0.15963417 0.43795469 0.15838703
 4.78071087e-03 1.74599875e-02 2.07856994e-04 9.77551445e-01
 0.6152567  0.0149657  0.36499688 0.00478071
 0.72562877 0.00893785 0.26356267 0.00187071
 0.42278113 0.11785492 0.22864269 0.23072126
 0.29952193 0.26460195 0.15880274 0.27707337
 0.16898774 0.21617127 0.19746414 0.41737684

MOTIF layer3_filter_122
letter-probability matrix: alength= 4 w= 9 
 0.11934156 0.22178904 0.16699155 0.49187784
 0.09335066 0.17153996 0.02880658 0.70630279
 0.05891271 0.30214425 0.16785792 0.47108512
 2.16590860e-04 2.16590860e-04 2.16590860e-04 9.99350227e-01
 4.95559887e-01 2.16590860e-04 5.04006931e-01 2.16590860e-04
 8.54884124e-01 2.16590860e-04 1.44682694e-01 2.16590860e-04
 0.45354126 0.08013862 0.12518952 0.3411306 
 0.40264241 0.09789907 0.16915746 0.33030106
 0.23110245 0.11782543 0.19233268 0.45873944

MOTIF layer3_filter_123
letter-probability matrix: alength= 4 w= 9 
 0.1949182  0.04559694 0.06891751 0.69056735
 0.50922381 0.01357466 0.20953707 0.26766446
 0.34319527 0.02540898 0.38426732 0.24712844
 6.61329621e-03 3.48068221e-04 3.48068221e-04 9.92690567e-01
 5.11660285e-01 3.48068221e-04 4.81378350e-01 6.61329621e-03
 7.59832927e-01 3.48068221e-04 2.33205708e-01 6.61329621e-03
 0.48451096 0.09014967 0.15106161 0.27427776
 0.35120084 0.10476853 0.14792899 0.39610164
 0.32718413 0.15558649 0.22694048 0.2902889 

MOTIF layer3_filter_125
letter-probability matrix: alength= 4 w= 9 
 0.46126126 0.06589447 0.16396396 0.30888031
 0.21184041 0.13307593 0.27644788 0.37863578
 0.54800515 0.03294723 0.37683398 0.04221364
 2.57400257e-04 2.83140283e-03 4.58172458e-01 5.38738739e-01
 2.54826255e-02 1.34620335e-01 2.57400257e-04 8.39639640e-01
 0.10785071 0.05740026 0.62368082 0.21106821
 2.22136422e-01 2.08751609e-01 2.57400257e-04 5.68854569e-01
 0.46846847 0.14543115 0.06486486 0.32123552
 0.24092664 0.0960103  0.04195624 0.62110682

MOTIF layer3_filter_126
letter-probability matrix: alength= 4 w= 9 
 0.30406714 0.20507855 0.12395094 0.36690338
 0.05272219 0.30557349 0.30643426 0.33527007
 0.12459651 0.11512804 0.01291156 0.74736389
 0.00193673 0.26511728 0.00172154 0.73122445
 0.17258446 0.15666021 0.02668388 0.64407144
 0.34409296 0.15343232 0.01570906 0.48676566
 9.05100065e-01 7.89756832e-02 1.57090596e-02 2.15192597e-04
 0.17043254 0.24897784 0.10587476 0.47471487
 0.48396815 0.25134495 0.03593716 0.22874973

MOTIF layer3_filter_129
letter-probability matrix: alength= 4 w= 9 
 0.20871261 0.44993498 0.1573472  0.1840052 
 0.81014304 0.05656697 0.00845254 0.12483745
 0.27048114 0.30169051 0.17230169 0.25552666
 0.15474642 0.3023407  0.0006502  0.54226268
 0.88751625 0.00845254 0.02210663 0.08192458
 0.00260078 0.0663199  0.41352406 0.51755527
 0.20286086 0.01040312 0.05526658 0.73146944
 0.00975293 0.08192458 0.78218466 0.12613784
 0.38621586 0.05136541 0.15084525 0.41157347

MOTIF layer3_filter_130
letter-probability matrix: alength= 4 w= 9 
 0.28873526 0.20536804 0.20577471 0.300122  
 0.25132168 0.2555917  0.07238715 0.42069947
 3.00528670e-01 5.51037007e-02 4.06669378e-04 6.43960960e-01
 4.73566490e-01 2.03334689e-04 2.70435136e-01 2.55795039e-01
 0.33855226 0.02602684 0.01545344 0.61996747
 0.17405449 0.05022367 0.00650671 0.76921513
 0.1201708  0.16673444 0.29890199 0.41419276
 0.40992273 0.42781619 0.02745018 0.1348109 
 0.31699878 0.14375763 0.08540057 0.45384303

MOTIF layer3_filter_131
letter-probability matrix: alength= 4 w= 9 
 0.21142857 0.03428571 0.50857143 0.24571429
 0.00571429 0.97142857 0.00571429 0.01714286
 0.00571429 0.12       0.72571429 0.14857143
 0.09142857 0.03428571 0.02857143 0.84571429
 0.87428571 0.11428571 0.00571429 0.00571429
 0.90285714 0.00571429 0.01714286 0.07428571
 0.05142857 0.10857143 0.69714286 0.14285714
 0.28       0.29714286 0.30285714 0.12      
 0.31428571 0.17142857 0.42285714 0.09142857

MOTIF layer3_filter_133
letter-probability matrix: alength= 4 w= 9 
 0.29903471 0.1749846  0.09057301 0.43540768
 0.33353871 0.15958102 0.18484288 0.32203738
 0.12343397 0.38488396 0.14972274 0.34195933
 0.44013144 0.11378106 0.27890737 0.16718012
 0.47484083 0.11419183 0.23659889 0.17436845
 0.49065517 0.05606901 0.01232286 0.44095297
 0.10412816 0.0334771  0.27007599 0.59231875
 0.29739166 0.12466626 0.42246868 0.1554734 
 0.07147258 0.18422674 0.0755802  0.66872048

MOTIF layer3_filter_137
letter-probability matrix: alength= 4 w= 9 
 0.15897549 0.42835063 0.11569883 0.29697505
 0.1238684  0.29233826 0.08147494 0.50231839
 0.29476706 0.25347759 0.28990947 0.16184588
 2.20799293e-04 1.06425259e-01 5.74078163e-02 8.35946125e-01
 0.04769265 0.05210863 0.18591301 0.71428571
 0.34842129 0.05475822 0.47604328 0.12077721
 0.16692427 0.03599028 0.41267388 0.38441157
 0.39280194 0.39898432 0.05299183 0.1552219 
 0.07220137 0.13490837 0.43055862 0.36233164

MOTIF layer3_filter_139
letter-probability matrix: alength= 4 w= 9 
 0.75777927 0.12424446 0.0539512  0.06402507
 0.48824715 0.01656593 0.22140139 0.27378554
 0.09626147 0.12715469 0.02462503 0.75195881
 0.04163868 0.02910231 0.03246026 0.89679875
 0.02731139 0.01455115 0.44817551 0.50996194
 0.31654354 0.12939333 0.52205059 0.03201254
 0.40183568 0.30266398 0.12536378 0.17013656
 0.16521155 0.15536154 0.29102306 0.38840385
 0.14931722 0.27132304 0.26706962 0.31229013

MOTIF layer3_filter_142
letter-probability matrix: alength= 4 w= 9 
 0.24444444 0.05803668 0.16936354 0.52815534
 0.04401294 0.06774542 0.17044229 0.71779935
 0.17130529 0.02998921 0.06429342 0.73441208
 0.00539374 0.14304207 0.47141316 0.38015102
 0.13915858 0.01855448 0.2407767  0.60151025
 2.15749730e-04 5.82524272e-03 5.17799353e-03 9.88781014e-01
 0.00798274 0.00647249 0.01877023 0.96677454
 0.00798274 0.01316073 0.00107875 0.97777778
 0.02632147 0.01100324 0.04099245 0.92168285

MOTIF layer3_filter_144
letter-probability matrix: alength= 4 w= 9 
 0.41410594 0.23266023 0.21773486 0.13549898
 0.49692713 0.24963418 0.18817676 0.06526193
 0.3745976  0.43898156 0.07784606 0.10857477
 0.26924203 0.37547556 0.35294118 0.00234124
 0.24290313 0.42961662 0.01638865 0.3110916 
 0.37489025 0.56248171 0.04126427 0.02136377
 0.51770559 0.08984489 0.16154522 0.2309043 
 0.30582382 0.45127305 0.12174422 0.12115891
 0.64237635 0.20807726 0.08223588 0.06731051

MOTIF layer3_filter_150
letter-probability matrix: alength= 4 w= 9 
 0.12900641 0.03565705 0.17988782 0.65544872
 0.07151442 0.07552083 0.09314904 0.75981571
 2.00320513e-04 2.00320513e-04 3.20512821e-03 9.96394231e-01
 0.21514423 0.00060096 0.19611378 0.58814103
 0.24519231 0.00160256 0.11097756 0.64222756
 0.11338141 0.04166667 0.05889423 0.78605769
 0.03585737 0.25580929 0.33032853 0.37800481
 0.00400641 0.02463942 0.15064103 0.82071314
 0.20372596 0.13741987 0.12059295 0.53826122

MOTIF layer3_filter_154
letter-probability matrix: alength= 4 w= 9 
 0.22782037 0.25629792 0.13143483 0.38444688
 0.37568456 0.13800657 0.24863089 0.23767798
 0.88280394 0.0788609  0.03066813 0.00766703
 0.550931   0.11829135 0.22015334 0.11062432
 0.42168675 0.12157722 0.07557503 0.38116101
 0.65717415 0.07228916 0.00109529 0.2694414 
 0.00109529 0.00109529 0.27382256 0.72398686
 0.00109529 0.00109529 0.86966046 0.12814896
 0.22891566 0.09638554 0.38006572 0.29463308

MOTIF layer3_filter_155
letter-probability matrix: alength= 4 w= 9 
 0.12165201 0.06481292 0.02944183 0.78409323
 2.17746882e-01 2.65794316e-03 2.04457166e-04 7.79390718e-01
 1.77059906e-01 2.04457166e-04 1.34941730e-02 8.09241464e-01
 0.05745246 0.13637293 0.00347577 0.80269883
 0.14680025 0.04947863 0.25904723 0.54467389
 0.10774893 0.21181762 0.17910448 0.50132897
 0.42813331 0.01553874 0.05724801 0.49907994
 0.35207524 0.00347577 0.19893682 0.44551217
 0.20363934 0.01451646 0.05356778 0.72827643

MOTIF layer3_filter_158
letter-probability matrix: alength= 4 w= 9 
 1.06714628e-01 1.99840128e-04 4.79616307e-03 8.88289369e-01
 1.99840128e-04 1.99840128e-04 1.45883293e-02 9.85011990e-01
 1.46482814e-01 1.99840128e-04 5.59552358e-03 8.47721823e-01
 5.59552358e-03 1.99840128e-04 1.99840128e-04 9.94004796e-01
 1.99840128e-04 1.99840128e-04 1.99840128e-04 9.99400480e-01
 0.08573141 0.00179856 0.06195044 0.85051958
 1.99840128e-04 1.99840128e-04 1.99840128e-04 9.99400480e-01
 0.1892486  0.06514788 0.07274181 0.67286171
 0.21442846 0.08593125 0.16346922 0.53617106

MOTIF layer3_filter_160
letter-probability matrix: alength= 4 w= 9 
 0.23764652 0.12939554 0.2197196  0.41323834
 0.18156746 0.16501954 0.20156286 0.45185015
 0.13698    0.0128706  0.07676396 0.77338543
 0.38244082 0.00505631 0.31441048 0.29809239
 0.50563089 0.04550678 0.21443346 0.23442887
 0.00183866 0.01172144 0.01723742 0.96920248
 0.71316939 0.0128706  0.21581246 0.05814755
 0.52401747 0.00252815 0.3994484  0.07400598
 0.39186394 0.09721903 0.16662836 0.34428867

MOTIF layer3_filter_161
letter-probability matrix: alength= 4 w= 9 
 0.13150507 0.26819261 0.33362125 0.26668106
 0.07708918 0.49427769 0.23429065 0.19434247
 0.15245087 0.37918376 0.30425394 0.16411142
 0.00928525 0.01144461 0.75556035 0.22370978
 0.3249838  0.08054416 0.17555604 0.418916  
 0.14489311 0.00971712 0.33707623 0.50831354
 0.38371842 0.0077737  0.11898078 0.4895271 
 0.22673289 0.09868279 0.17598791 0.49859642
 0.47160441 0.02979918 0.10278558 0.39581084

MOTIF layer3_filter_170
letter-probability matrix: alength= 4 w= 9 
 0.0030581  0.02752294 0.19266055 0.77675841
 0.0030581  0.0030581  0.04281346 0.95107034
 0.52599388 0.02140673 0.27217125 0.18042813
 0.0764526  0.25993884 0.00611621 0.65749235
 0.3853211  0.09174312 0.01529052 0.50764526
 0.19266055 0.02446483 0.07033639 0.71253823
 0.00611621 0.15902141 0.21406728 0.62079511
 0.3088685  0.28134557 0.13761468 0.27217125
 0.03058104 0.27828746 0.41590214 0.27522936

MOTIF layer3_filter_172
letter-probability matrix: alength= 4 w= 9 
 0.3474555  0.1915267  0.40285786 0.05815994
 0.2341439  0.05414891 0.22812735 0.48357984
 0.22035598 0.03735272 0.40762096 0.33467034
 2.50689396e-04 2.50689396e-04 5.01378792e-04 9.98997242e-01
 0.3735272  0.41062923 0.01529205 0.20055152
 0.34369516 0.08097267 0.09476059 0.48057157
 0.0970168  0.36575583 0.11682126 0.42040612
 0.15191777 0.29405866 0.28754074 0.26648283
 0.53096014 0.04687892 0.34118827 0.08097267

MOTIF layer3_filter_175
letter-probability matrix: alength= 4 w= 9 
 0.41199518 0.10638939 0.23116335 0.25045208
 0.11211573 0.05726341 0.11844485 0.71217601
 0.42073538 0.04611212 0.20765521 0.32549729
 0.49065702 0.00421941 0.49216395 0.01295961
 3.91802291e-03 3.01386377e-04 3.22483424e-02 9.63532248e-01
 0.59403255 0.01717902 0.38125377 0.00753466
 0.74171187 0.00421941 0.25165763 0.00241109
 0.26160338 0.12326703 0.19107896 0.42405063
 0.28722122 0.19409283 0.16033755 0.3583484 

MOTIF layer3_filter_179
letter-probability matrix: alength= 4 w= 9 
 0.29635129 0.15188799 0.29274501 0.2590157 
 0.02418328 0.12834111 0.13470513 0.71277047
 0.20470938 0.04115401 0.23525668 0.51887993
 0.04751803 0.02609249 0.41663131 0.50975817
 0.18073823 0.10776411 0.27450148 0.43699618
 0.21637675 0.12897751 0.12621977 0.52842597
 0.18285957 0.05982181 0.18031396 0.57700467
 0.10415783 0.4221468  0.14849385 0.32520153
 0.07064064 0.16397964 0.27853203 0.48684769

MOTIF layer3_filter_182
letter-probability matrix: alength= 4 w= 9 
 0.17286171 0.05535572 0.17246203 0.59932054
 0.03776978 0.00659472 0.0881295  0.867506  
 0.09292566 0.11770584 0.29196643 0.49740208
 0.01578737 0.1498801  0.19564349 0.63868905
 0.01059153 0.08513189 0.06914468 0.83513189
 1.99840128e-04 4.19664269e-03 1.54276579e-01 8.41326938e-01
 0.04736211 0.08932854 0.74860112 0.11470823
 0.27557954 0.10091926 0.02058353 0.60291767
 0.01258993 0.15847322 0.05435651 0.77458034

MOTIF layer3_filter_186
letter-probability matrix: alength= 4 w= 9 
 0.1895963  0.12552721 0.50893754 0.17593894
 0.16690098 0.11889938 0.38341032 0.33078932
 0.20124523 0.25145612 0.06748343 0.47981522
 0.25266118 0.23900382 0.26250251 0.2458325 
 0.24362322 0.26852782 0.15384615 0.33400281
 0.11749347 0.51556537 0.24944768 0.11749347
 0.39907612 0.19863426 0.36192006 0.04036955
 0.62341836 0.06386825 0.14641494 0.16629845
 0.14099217 0.17513557 0.08053826 0.603334  

MOTIF layer3_filter_187
letter-probability matrix: alength= 4 w= 9 
 0.0911271  0.03257394 0.00479616 0.8715028 
 0.45243805 0.05455635 0.21402878 0.27897682
 0.22442046 0.01059153 0.35391687 0.41107114
 0.18884892 0.1314948  0.28756994 0.39208633
 0.39568345 0.17745803 0.2206235  0.20623501
 0.42246203 0.09752198 0.04596323 0.43405276
 0.12110312 0.08233413 0.31714628 0.47941647
 0.23521183 0.08213429 0.11211031 0.57054357
 0.35611511 0.04116707 0.13828937 0.46442846

MOTIF layer3_filter_189
letter-probability matrix: alength= 4 w= 9 
 0.13665689 0.40381232 0.15835777 0.30117302
 0.09384164 0.09853372 0.59824047 0.20938416
 0.1340176  0.33841642 0.46539589 0.06217009
 0.64750733 0.05454545 0.17507331 0.1228739 
 0.52580645 0.09677419 0.24780059 0.12961877
 0.20967742 0.11026393 0.05894428 0.62111437
 0.41759531 0.10410557 0.04281525 0.43548387
 0.21818182 0.15601173 0.02991202 0.59589443
 0.52991202 0.22639296 0.06891496 0.17478006

MOTIF layer3_filter_190
letter-probability matrix: alength= 4 w= 9 
 0.10356455 0.11801541 0.12716763 0.65125241
 0.01011561 0.18545279 0.06262042 0.74181118
 0.29479769 0.2066474  0.11753372 0.38102119
 0.06791908 0.08333333 0.53131021 0.31743738
 0.31695568 0.011079   0.39595376 0.27601156
 0.011079   0.43111753 0.0322736  0.52552987
 0.01541426 0.08236994 0.56647399 0.33574181
 0.21965318 0.2066474  0.03564547 0.53805395
 0.34633911 0.10211946 0.21676301 0.33477842

MOTIF layer3_filter_191
letter-probability matrix: alength= 4 w= 9 
 0.19591261 0.21458774 0.04016913 0.54933051
 0.00845666 0.02501762 0.66913319 0.29739253
 0.05673009 0.15151515 0.04263566 0.7491191 
 0.06483439 0.12649753 0.60570825 0.20295983
 0.11592671 0.02713178 0.17618041 0.6807611 
 0.16138125 0.0081043  0.78752643 0.04298802
 0.04016913 0.04087385 0.16631431 0.75264271
 0.39816772 0.05637773 0.12720226 0.41825229
 0.05250176 0.02255109 0.14552502 0.77942213

MOTIF layer3_filter_192
letter-probability matrix: alength= 4 w= 9 
 0.38354787 0.15989541 0.07361223 0.38294449
 0.22787611 0.10921158 0.21600965 0.44690265
 0.10257442 0.38032985 0.01689461 0.50020113
 0.00563154 0.4350362  0.03680611 0.52252615
 0.192679   0.16673371 0.44750603 0.19308126
 0.17296862 0.12811746 0.3417136  0.35720032
 0.29364441 0.04304103 0.03177796 0.6315366 
 0.04183427 0.03338697 0.29304103 0.63173773
 0.15768302 0.10599356 0.33507643 0.40124698

MOTIF layer3_filter_194
letter-probability matrix: alength= 4 w= 9 
 0.54367746 0.17430259 0.0739157  0.20810426
 0.12054571 0.06353085 0.59010385 0.22581959
 0.07717369 0.11504785 0.1146406  0.69313785
 0.00529424 0.1378538  0.33822032 0.51863164
 0.22826308 0.0207697  0.36733863 0.38362859
 0.24862553 0.10038689 0.14029729 0.51069029
 0.2616575  0.10140501 0.07126858 0.56566891
 0.1138261  0.03848503 0.24597842 0.60171045
 0.18183669 0.11810222 0.30930564 0.39075545

MOTIF layer3_filter_195
letter-probability matrix: alength= 4 w= 9 
 0.21416197 0.10480728 0.29363361 0.38739714
 0.03118233 0.0108272  0.58813339 0.36985708
 0.26310091 0.0197055  0.13858813 0.57860546
 0.02208748 0.03897791 0.50844521 0.43048939
 0.01883932 0.19575574 0.02490256 0.76050238
 0.00216544 0.33001299 0.00931139 0.65851018
 0.30727588 0.27479428 0.30381117 0.11411867
 0.10350801 0.21524469 0.07557384 0.60567345
 0.06539628 0.21221308 0.27479428 0.44759636

MOTIF layer3_filter_207
letter-probability matrix: alength= 4 w= 9 
 0.04696243 0.54616307 0.16866507 0.23820943
 0.03097522 0.75339728 0.14308553 0.07254197
 0.04316547 0.72142286 0.02098321 0.21442846
 0.07094325 0.66986411 0.12589928 0.13329337
 0.02517986 0.49420464 0.21422862 0.26638689
 0.0557554  0.68385292 0.03077538 0.22961631
 0.09552358 0.52138289 0.10331735 0.27977618
 0.14528377 0.48121503 0.11410871 0.25939249
 0.13109512 0.64028777 0.06215028 0.16646683

MOTIF layer3_filter_209
letter-probability matrix: alength= 4 w= 9 
 0.29165782 0.09467204 0.07174698 0.54192316
 0.12545107 0.39800467 0.10974315 0.3668011 
 0.22415623 0.47654426 0.05688813 0.24241138
 0.20908512 0.17682021 0.59095733 0.02313734
 0.08851624 0.03735937 0.13181915 0.74230524
 0.12821057 0.03459987 0.07302059 0.76416897
 0.00976438 0.07195924 0.35576311 0.56251327
 0.02568457 0.08936532 0.42793462 0.4570155 
 0.2753131  0.2670346  0.34939503 0.10825727

MOTIF layer3_filter_210
letter-probability matrix: alength= 4 w= 9 
 0.51347551 0.07780642 0.1926412  0.21607687
 0.08882119 0.21513944 0.04921491 0.64682447
 0.31966253 0.08975861 0.18701664 0.40356222
 2.34356691e-04 2.34356691e-04 2.34356691e-04 9.99296930e-01
 6.97211155e-01 2.34356691e-04 1.70377314e-01 1.32177174e-01
 5.57534568e-01 2.34356691e-04 3.10053902e-01 1.32177174e-01
 0.20271854 0.20224982 0.21490509 0.38012655
 0.34380127 0.13077103 0.10967893 0.41574877
 0.27208812 0.17483009 0.21677994 0.33630185

MOTIF layer3_filter_214
letter-probability matrix: alength= 4 w= 9 
 0.19172531 0.29217317 0.18746001 0.3286415 
 0.01556835 0.28726807 0.06760503 0.62955854
 0.30987417 0.01514182 0.21411815 0.46086586
 0.15674984 0.07293666 0.61015142 0.16016208
 0.0806142  0.04286628 0.37300064 0.50351887
 0.83280017 0.02836426 0.10919173 0.02964385
 0.08999787 0.00511836 0.42354447 0.4813393 
 0.16314779 0.03646833 0.08104073 0.71934314
 0.01812753 0.11068458 0.423971   0.44721689

MOTIF layer3_filter_215
letter-probability matrix: alength= 4 w= 9 
 0.44073917 0.20879354 0.31032285 0.04014444
 0.72833475 0.17204758 0.07009346 0.02952421
 0.47939677 0.2644435  0.18649108 0.06966865
 0.51401869 0.26529312 0.04439252 0.17629567
 0.08050127 0.18372982 0.12701784 0.60875106
 0.26295667 0.07158029 0.32455395 0.34090909
 1.26168224e-01 3.82327952e-02 8.35174172e-01 4.24808836e-04
 0.23980459 0.05118946 0.40420561 0.30480034
 0.27697536 0.18606627 0.27633815 0.26062022

MOTIF layer3_filter_216
letter-probability matrix: alength= 4 w= 9 
 0.56643216 0.05226131 0.17708543 0.20422111
 0.26432161 0.14371859 0.08482412 0.50713568
 0.10351759 0.33005025 0.48703518 0.07939698
 0.69507538 0.07557789 0.06974874 0.15959799
 0.28120603 0.03115578 0.28824121 0.39939698
 0.16623116 0.00904523 0.37366834 0.45105528
 0.47236181 0.12221106 0.16703518 0.23839196
 0.23678392 0.08944724 0.13105528 0.54271357
 0.21447236 0.10693467 0.21326633 0.46532663

MOTIF layer3_filter_217
letter-probability matrix: alength= 4 w= 9 
 0.36130206 0.02385766 0.26829761 0.34654266
 0.0171856  0.01961181 0.03093409 0.9322685 
 0.01253538 0.00950263 0.0442782  0.93368378
 0.24100283 0.01152446 0.21471896 0.53275374
 0.04003235 0.13061059 0.03154064 0.79781642
 0.54771533 0.25192074 0.05479175 0.14557218
 0.04993934 0.17124949 0.11403154 0.66477962
 0.10270926 0.13445208 0.22321068 0.53962798
 0.1724626  0.08471492 0.39061868 0.3522038 

MOTIF layer3_filter_218
letter-probability matrix: alength= 4 w= 9 
 0.24949739 0.32468838 0.07760354 0.3482107 
 0.44792923 0.04221954 0.45375955 0.05609168
 0.09227986 0.11097708 0.1739043  0.62283876
 0.03116204 0.1451548  0.14636108 0.67732207
 0.15379976 0.08906313 0.36349015 0.39364696
 0.1761158  0.11580217 0.26256534 0.44551669
 0.57599517 0.02191395 0.31041415 0.09167672
 0.14877362 0.22014475 0.19119421 0.43988741
 0.17913148 0.26718938 0.28749497 0.26618416

MOTIF layer3_filter_223
letter-probability matrix: alength= 4 w= 9 
 0.41085763 0.06485002 0.35445712 0.16983523
 0.247782   0.22792564 0.15885087 0.36544149
 0.30904098 0.13983946 0.25242924 0.29869033
 7.99112801e-01 2.11237854e-04 2.00464723e-01 2.11237854e-04
 0.29869033 0.10245036 0.07139839 0.52746092
 0.18483312 0.14976764 0.4235319  0.24186734
 0.65652725 0.04098014 0.22285594 0.07963667
 0.03485425 0.17110266 0.12061681 0.67342628
 0.04478243 0.05048585 0.6886354  0.21609632

MOTIF layer3_filter_224
letter-probability matrix: alength= 4 w= 9 
 0.2534219  0.22846216 0.34963768 0.16847826
 0.28381643 0.55797101 0.08756039 0.07065217
 0.3886876  0.24174718 0.25422705 0.11533816
 0.42552335 0.10849436 0.26187601 0.20410628
 0.26328502 0.53844605 0.07669082 0.1215781 
 0.30032206 0.04247182 0.03301127 0.62419485
 0.10688406 0.34057971 0.00885668 0.54367955
 0.1781401  0.11775362 0.22383253 0.48027375
 0.24134461 0.23067633 0.09561192 0.43236715

MOTIF layer3_filter_227
letter-probability matrix: alength= 4 w= 9 
 0.13202698 0.24349502 0.07934468 0.54513331
 0.2576293  0.1111468  0.00738837 0.62383553
 0.10986187 0.23321555 0.18503052 0.47189207
 2.24863476e-02 9.32862191e-01 3.21233537e-04 4.43302281e-02
 0.54384838 0.16639897 0.04433023 0.24542242
 0.53517507 0.00160617 0.15965307 0.30356569
 0.47253453 0.01702538 0.01317058 0.49726951
 0.24991969 0.09090909 0.15676197 0.50240925
 0.2614841  0.24413749 0.1570832  0.33729521

MOTIF layer3_filter_228
letter-probability matrix: alength= 4 w= 9 
 0.07279152 0.18869258 0.57102473 0.16749117
 7.06713781e-04 7.06713781e-04 7.06713781e-04 9.97879859e-01
 1.51943463e-01 7.06713781e-04 8.46643110e-01 7.06713781e-04
 9.83745583e-01 7.06713781e-04 1.48409894e-02 7.06713781e-04
 0.36819788 0.37667845 0.13639576 0.11872792
 0.08904594 0.38586572 0.29823322 0.22685512
 0.18657244 0.30106007 0.30742049 0.204947  
 0.22968198 0.35971731 0.25017668 0.16042403
 0.1639576  0.20141343 0.30318021 0.33144876

MOTIF layer3_filter_231
letter-probability matrix: alength= 4 w= 9 
 0.45719642 0.22474484 0.10393668 0.21412206
 0.1118517  0.53842949 0.14017913 0.20953968
 8.61278900e-01 4.16579879e-04 8.85232243e-02 4.97812956e-02
 0.43928348 0.05457196 0.11268486 0.3934597 
 0.31910019 0.1780879  0.17683816 0.32597376
 0.23745053 0.12997292 0.15913351 0.47344303
 0.02207873 0.20891481 0.06727765 0.70172881
 0.11351802 0.03166007 0.3353468  0.51947511
 0.2422412  0.20683191 0.20579046 0.34513643

MOTIF layer3_filter_233
letter-probability matrix: alength= 4 w= 9 
 0.39784946 0.10442514 0.33664185 0.16108354
 0.24503722 0.1780397  0.17907361 0.39784946
 0.39578164 0.37200165 0.16149711 0.0707196 
 0.4528536  0.132134   0.14205955 0.27295285
 0.12923904 0.05252275 0.02936311 0.7888751 
 5.02481390e-02 2.06782465e-04 1.05459057e-02 9.38999173e-01
 0.04321754 0.07712986 0.3172043  0.5624483 
 0.23449132 0.11414392 0.62531017 0.02605459
 0.38234078 0.18507031 0.21484698 0.21774194

MOTIF layer3_filter_237
letter-probability matrix: alength= 4 w= 9 
 0.00176056 0.18661972 0.00176056 0.80985915
 0.64612676 0.00176056 0.33098592 0.02112676
 0.88380282 0.07394366 0.04049296 0.00176056
 0.59859155 0.11267606 0.13556338 0.15316901
 0.75       0.06514085 0.10035211 0.08450704
 0.27816901 0.12676056 0.00176056 0.59330986
 0.00704225 0.00176056 0.68133803 0.30985915
 0.04929577 0.12676056 0.47711268 0.34683099
 0.2834507  0.11971831 0.20774648 0.38908451

MOTIF layer3_filter_238
letter-probability matrix: alength= 4 w= 9 
 0.24777868 0.23061389 0.25545234 0.26615509
 0.44365913 0.14357835 0.08764136 0.32512116
 0.1161147  0.23021002 0.35682553 0.29684976
 2.01938611e-04 2.01938611e-04 3.02907916e-03 9.96567044e-01
 4.76171244e-01 2.01938611e-04 5.23222940e-01 4.03877221e-04
 8.02907916e-01 2.01938611e-04 1.96688207e-01 2.01938611e-04
 0.15731018 0.11470113 0.14519386 0.58279483
 0.29301292 0.21466074 0.23949919 0.25282714
 0.43699515 0.11833603 0.273021   0.17164782

MOTIF layer3_filter_250
letter-probability matrix: alength= 4 w= 9 
 0.58735609 0.196122   0.11533024 0.10119168
 0.69622299 0.10220158 0.10866492 0.09291052
 0.66350232 0.07008685 0.01454252 0.25186831
 2.90850333e-02 8.28115532e-03 2.01979398e-04 9.62431832e-01
 0.00242375 0.17895375 0.00545344 0.81316906
 0.2136942  0.04100182 0.4980812  0.24722278
 0.32377298 0.14946475 0.37507574 0.15168653
 0.27792365 0.26115936 0.16441123 0.29650576
 0.22237932 0.27186427 0.13088265 0.37487376

MOTIF layer3_filter_252
letter-probability matrix: alength= 4 w= 9 
 0.57976021 0.03088803 0.13168055 0.25767121
 0.56330014 0.12558423 0.10973379 0.20138183
 0.57508636 0.21763869 0.09185125 0.11542369
 0.22739281 0.01463117 0.02519813 0.73277789
 0.15870758 0.01341191 0.10546637 0.72241414
 0.5435887  0.32310506 0.00081284 0.1324934 
 0.64458443 0.0075188  0.01036375 0.33753302
 0.51046535 0.09611868 0.25584231 0.13757366
 0.37004674 0.17211949 0.31985369 0.13798009

MOTIF layer3_filter_255
letter-probability matrix: alength= 4 w= 9 
 0.7263332  0.06366267 0.10458867 0.10541546
 0.48491112 0.06696982 0.05911534 0.38900372
 0.64613477 0.11575031 0.15832989 0.07978504
 0.10417528 0.03307152 0.01157503 0.85117817
 0.01033485 0.16163704 0.03348491 0.7945432 
 0.70897065 0.19222819 0.06738322 0.03141794
 0.02273667 0.05994212 0.0892931  0.82802811
 0.27532038 0.06283588 0.15626292 0.50558082
 0.09011988 0.09425382 0.41504754 0.40057875
