MEME version 5.4.1

ALPHABET= ACGT

strands: + -

Background letter frequencies
A 0.25 C 0.25 G 0.25 T 0.25

MOTIF layer3_filter_2
letter-probability matrix: alength= 4 w= 9 
 0.00240302 0.04188122 0.00823893 0.94747683
 2.09406111e-02 3.43288706e-04 3.88946104e-01 5.89769997e-01
 0.00240302 0.01922417 0.57500858 0.40336423
 0.18125644 0.23995881 0.05320975 0.52557501
 0.10813594 0.0030896  0.46618606 0.4225884 
 0.00102987 0.08135942 0.3374528  0.58015791
 0.00549262 0.19086852 0.02883625 0.77480261
 0.00720906 0.20494336 0.65980089 0.12804669
 0.08341916 0.20837624 0.10298661 0.60521799

MOTIF layer3_filter_3
letter-probability matrix: alength= 4 w= 9 
 0.51865476 0.18234367 0.19390436 0.10509721
 0.38518129 0.34997373 0.23436679 0.03047819
 0.87598529 0.00998424 0.10877562 0.00525486
 0.74093537 0.131897   0.03363111 0.09353652
 0.31056227 0.11613242 0.16079874 0.41250657
 0.51445087 0.15817131 0.01996847 0.30740935
 0.30793484 0.00105097 0.15186548 0.53914871
 0.02995271 0.00105097 0.68628481 0.28271151
 0.22911193 0.09196006 0.38150289 0.29742512

MOTIF layer3_filter_5
letter-probability matrix: alength= 4 w= 9 
 0.16221683 0.07605178 0.07928803 0.68244337
 3.65291262e-01 1.31877023e-01 4.04530744e-04 5.02427184e-01
 0.1618123  0.1763754  0.05542071 0.60639159
 0.41343042 0.2079288  0.0210356  0.35760518
 0.21156958 0.16990291 0.56229773 0.05622977
 0.33535599 0.10315534 0.16464401 0.39684466
 0.01739482 0.0881877  0.82726537 0.0671521 
 0.0368123  0.04571197 0.08940129 0.82807443
 0.00647249 0.22653722 0.27669903 0.49029126

MOTIF layer3_filter_6
letter-probability matrix: alength= 4 w= 9 
 0.1602602  0.18273211 0.3240686  0.33293909
 0.4843288  0.12182141 0.16735659 0.2264932 
 7.32702543e-01 1.51981076e-01 1.14725015e-01 5.91366056e-04
 0.99231224 0.00413956 0.0017741  0.0017741 
 0.58604376 0.0940272  0.0366647  0.28326434
 5.91366056e-04 1.18273211e-02 3.01596688e-02 9.57421644e-01
 5.73625074e-02 1.77409817e-03 5.91366056e-04 9.40272028e-01
 3.54819633e-03 5.91366056e-04 9.95269072e-01 5.91366056e-04
 0.05085748 0.21880544 0.23536369 0.49497339

MOTIF layer3_filter_7
letter-probability matrix: alength= 4 w= 9 
 0.06105695 0.06824012 0.1503335  0.72036942
 5.13083633e-04 4.00205233e-02 2.56541816e-03 9.56900975e-01
 0.47922011 0.00205233 0.34581837 0.17290918
 0.21857363 0.46126219 0.28168291 0.03848127
 0.3950744  0.10261673 0.11185223 0.39045664
 0.9466393  0.02308876 0.00513084 0.0251411 
 0.50743971 0.11236532 0.10312981 0.27706516
 0.17496152 0.05746537 0.21190354 0.55566957
 0.26526424 0.0502822  0.20831195 0.47614161

MOTIF layer3_filter_8
letter-probability matrix: alength= 4 w= 9 
 0.20981818 0.21090909 0.32181818 0.25745455
 0.04654545 0.27236364 0.06509091 0.616     
 0.31018182 0.22727273 0.15127273 0.31127273
 7.27272727e-04 1.09090909e-03 9.38545455e-01 5.96363636e-02
 3.63636364e-04 3.55272727e-01 3.63636364e-04 6.44000000e-01
 0.35127273 0.108      0.13272727 0.408     
 0.18690909 0.10327273 0.15345455 0.55636364
 0.57454545 0.13854545 0.06036364 0.22654545
 0.05709091 0.02109091 0.31745455 0.60436364

MOTIF layer3_filter_10
letter-probability matrix: alength= 4 w= 9 
 0.20139814 0.0948735  0.31358189 0.39014647
 0.0948735  0.08322237 0.34221039 0.47969374
 0.12050599 0.20838881 0.15545939 0.51564581
 0.32523302 0.01065246 0.28595206 0.37816245
 0.10685752 0.10086551 0.07656458 0.71571238
 2.86284953e-01 6.69773635e-01 3.32889481e-04 4.36085220e-02
 0.09653795 0.56291611 0.04227696 0.29826897
 0.11484687 0.56824234 0.03195739 0.2849534 
 0.07856192 0.61684421 0.10885486 0.19573901

MOTIF layer3_filter_11
letter-probability matrix: alength= 4 w= 9 
 0.83870968 0.03225806 0.03225806 0.09677419
 0.41935484 0.19354839 0.35483871 0.03225806
 0.16129032 0.03225806 0.48387097 0.32258065
 0.61290323 0.03225806 0.09677419 0.25806452
 0.03225806 0.03225806 0.03225806 0.90322581
 0.51612903 0.03225806 0.09677419 0.35483871
 0.09677419 0.03225806 0.83870968 0.03225806
 0.12903226 0.03225806 0.03225806 0.80645161
 0.03225806 0.03225806 0.90322581 0.03225806

MOTIF layer3_filter_13
letter-probability matrix: alength= 4 w= 9 
 0.23135819 0.17143808 0.38981358 0.20739015
 0.12183755 0.20306258 0.06890812 0.60619174
 3.32889481e-04 4.42410120e-01 1.29826897e-02 5.44274301e-01
 3.32889481e-04 6.10519308e-01 1.30825566e-01 2.58322237e-01
 0.05659121 0.36950732 0.01198402 0.56191744
 0.14747004 0.30159787 0.05026631 0.50066578
 0.17676431 0.01830892 0.02496671 0.77996005
 0.32789614 0.32123835 0.21870839 0.13215712
 0.18708389 0.07123835 0.54161119 0.20006658

MOTIF layer3_filter_17
letter-probability matrix: alength= 4 w= 9 
 0.5704698  0.14765101 0.01006711 0.27181208
 0.16107383 0.0033557  0.33557047 0.5       
 0.09395973 0.0033557  0.69798658 0.20469799
 0.01342282 0.17114094 0.00671141 0.80872483
 0.26510067 0.30536913 0.18791946 0.24161074
 0.03355705 0.59731544 0.0033557  0.36577181
 0.58389262 0.26510067 0.01342282 0.13758389
 0.08389262 0.0033557  0.02348993 0.88926174
 0.09060403 0.03020134 0.85234899 0.02684564

MOTIF layer3_filter_20
letter-probability matrix: alength= 4 w= 9 
 0.28204238 0.1913859  0.13650573 0.390066  
 0.20736367 0.11913859 0.25633901 0.41715874
 0.02813477 0.07294199 0.01806183 0.88086141
 0.50746787 0.10246613 0.34109066 0.04897534
 0.52170893 0.11045502 0.23966655 0.1281695 
 0.03786037 0.0194512  0.0461966  0.89649184
 0.57867315 0.0267454  0.30427232 0.09030914
 8.30496700e-01 3.47342827e-04 1.60819729e-01 8.33622786e-03
 0.20145884 0.08753039 0.11253908 0.59847169

MOTIF layer3_filter_21
letter-probability matrix: alength= 4 w= 9 
 0.17980636 0.30567082 0.18672199 0.32780083
 0.75518672 0.19156293 0.02731674 0.02593361
 0.40629322 0.05255878 0.16908714 0.37206086
 3.45781466e-04 1.03734440e-03 1.14107884e-02 9.87206086e-01
 0.07434302 0.0186722  0.04080221 0.86618257
 0.03388658 0.07295989 0.22441217 0.66874136
 0.11549101 0.31811895 0.40006916 0.16632089
 0.70816044 0.04183956 0.03492393 0.21507607
 0.0224758  0.03941909 0.13900415 0.79910097

MOTIF layer3_filter_22
letter-probability matrix: alength= 4 w= 9 
 0.10058594 0.12304688 0.18164062 0.59472656
 9.76562500e-04 9.76562500e-04 9.76562500e-04 9.97070312e-01
 0.75097656 0.00097656 0.24707031 0.00097656
 0.55957031 0.00097656 0.43847656 0.00097656
 9.76562500e-04 9.76562500e-04 9.76562500e-04 9.97070312e-01
 0.77050781 0.00097656 0.22753906 0.00097656
 0.68261719 0.00097656 0.31542969 0.00097656
 0.39355469 0.12792969 0.15332031 0.32519531
 0.08984375 0.15625    0.21679688 0.53710938

MOTIF layer3_filter_23
letter-probability matrix: alength= 4 w= 9 
 0.17793594 0.04389087 0.24436536 0.53380783
 0.01423488 0.00355872 0.31316726 0.66903915
 0.4911032  0.00118624 0.50652432 0.00118624
 0.00118624 0.00711744 0.08659549 0.90510083
 0.03440095 0.1198102  0.05456702 0.79122183
 0.0747331  0.00355872 0.00118624 0.92052195
 0.00118624 0.01660735 0.03321471 0.9489917 
 0.66666667 0.00830368 0.32384342 0.00118624
 0.09489917 0.13523132 0.15658363 0.61328588

MOTIF layer3_filter_25
letter-probability matrix: alength= 4 w= 9 
 0.3046595  0.10394265 0.00358423 0.58781362
 0.27240143 0.27240143 0.00358423 0.4516129 
 0.98566308 0.00358423 0.00716846 0.00358423
 0.16129032 0.13261649 0.00358423 0.70250896
 0.25806452 0.10035842 0.63799283 0.00358423
 0.98566308 0.00358423 0.00716846 0.00358423
 0.00358423 0.00716846 0.00358423 0.98566308
 0.00358423 0.00358423 0.98566308 0.00716846
 0.19354839 0.10035842 0.12544803 0.58064516

MOTIF layer3_filter_26
letter-probability matrix: alength= 4 w= 9 
 0.62416778 0.03661784 0.06990679 0.26930759
 0.11185087 0.01697736 0.03362184 0.83754993
 0.03295606 0.0729028  0.07123835 0.8229028 
 7.99600533e-01 3.32889481e-04 5.15978695e-02 1.48468708e-01
 0.07057257 0.02596538 0.04893475 0.8545273 
 0.06924101 0.21171771 0.01864181 0.70039947
 0.10486019 0.00233023 0.06058589 0.8322237 
 0.30426099 0.00832224 0.06291611 0.62450067
 0.12716378 0.02762983 0.0476032  0.7976032 

MOTIF layer3_filter_27
letter-probability matrix: alength= 4 w= 9 
 0.42147923 0.15704154 0.23302938 0.18844985
 0.57716988 0.13103681 0.17088821 0.1209051 
 0.47281324 0.35359676 0.05336035 0.12022965
 8.45660250e-01 3.37723742e-04 3.91759541e-02 1.14826072e-01
 0.3968254  0.09287403 0.0341101  0.47619048
 0.19790611 0.27085444 0.06146572 0.46977373
 5.96757852e-01 3.37723742e-04 1.95879770e-02 3.83316447e-01
 0.01350895 0.06416751 0.00776765 0.91455589
 0.06079027 0.07362378 0.45862884 0.40695711

MOTIF layer3_filter_34
letter-probability matrix: alength= 4 w= 9 
 0.46066216 0.11000356 0.12281951 0.30651477
 0.12815949 0.3499466  0.10964756 0.41224635
 0.250979   0.06621574 0.03346387 0.6493414 
 3.55998576e-04 7.26237095e-02 8.82164471e-01 4.48558206e-02
 0.04699181 0.30651477 0.00177999 0.64471342
 0.00783197 0.00213599 0.64578142 0.34425062
 0.03453186 0.04770381 0.00605198 0.91171235
 0.24172303 0.17123532 0.09754361 0.48949804
 0.10822357 0.0501958  0.29547882 0.54610182

MOTIF layer3_filter_35
letter-probability matrix: alength= 4 w= 9 
 0.17827197 0.13197229 0.13270142 0.55705432
 0.0623405  0.06270507 0.57892818 0.29602625
 0.58950055 0.02078017 0.25774699 0.13197229
 0.45716369 0.00656216 0.05650747 0.47976668
 4.33831571e-02 3.64564346e-04 5.12577470e-01 4.43674809e-01
 0.13270142 0.21545753 0.33722202 0.31461903
 0.17754284 0.26759023 0.51658768 0.03827926
 0.32883704 0.14363835 0.16660591 0.3609187 
 0.48559971 0.21217645 0.12613926 0.17608458

MOTIF layer3_filter_38
letter-probability matrix: alength= 4 w= 9 
 0.69074567 0.0569241  0.12316911 0.12916112
 0.66378162 0.27396804 0.01131824 0.05093209
 0.50832224 0.44840213 0.00199734 0.0412783 
 8.12916112e-01 3.32889481e-04 9.95339547e-02 8.72170439e-02
 0.01830892 0.12083888 0.40579228 0.45505992
 0.36884154 0.06291611 0.16844208 0.39980027
 0.4017976  0.22403462 0.22070573 0.15346205
 0.0412783  0.09920107 0.13215712 0.72736352
 0.17942743 0.12217044 0.37716378 0.32123835

MOTIF layer3_filter_39
letter-probability matrix: alength= 4 w= 9 
 0.4123747  0.13480816 0.07569997 0.37711718
 0.38264777 0.25544418 0.3024542  0.05945385
 0.32734186 0.07155202 0.58693398 0.01417214
 0.01140684 0.10611822 0.69097822 0.19149672
 0.70376772 0.08365019 0.02834428 0.18423782
 3.69858279e-02 6.91323885e-04 5.35776011e-02 9.08745247e-01
 0.03491186 0.25302454 0.01555479 0.69650881
 0.11268579 0.23539578 0.21845835 0.43346008
 0.07016937 0.21638438 0.30210854 0.41133771

MOTIF layer3_filter_52
letter-probability matrix: alength= 4 w= 9 
 0.58465698 0.20446097 0.11051031 0.10037175
 0.59817506 0.18148023 0.15343021 0.0669145 
 0.11726935 0.01149037 0.00506928 0.866171  
 0.53295032 0.16086516 0.03582291 0.27036161
 0.39202433 0.03176749 0.53464008 0.0415681 
 0.01554579 0.22811761 0.22473809 0.53159851
 0.45049003 0.16018925 0.0922609  0.29705982
 0.30179115 0.1436296  0.20648868 0.34809057
 0.13213924 0.4028388  0.0162217  0.44880027

MOTIF layer3_filter_53
letter-probability matrix: alength= 4 w= 9 
 0.14285714 0.14285714 0.57142857 0.14285714
 0.14285714 0.57142857 0.14285714 0.14285714
 0.57142857 0.14285714 0.14285714 0.14285714
 0.42857143 0.28571429 0.14285714 0.14285714
 0.14285714 0.14285714 0.14285714 0.57142857
 0.57142857 0.14285714 0.14285714 0.14285714
 0.14285714 0.14285714 0.14285714 0.57142857
 0.14285714 0.14285714 0.14285714 0.57142857
 0.14285714 0.14285714 0.57142857 0.14285714

MOTIF layer3_filter_54
letter-probability matrix: alength= 4 w= 9 
 0.25950413 0.12272727 0.36322314 0.25454545
 0.01322314 0.26942149 0.21735537 0.5       
 0.14214876 0.0785124  0.43181818 0.34752066
 4.13223140e-04 4.13223140e-04 2.47933884e-03 9.96694215e-01
 6.40082645e-01 4.13223140e-04 3.44214876e-01 1.52892562e-02
 5.90082645e-01 4.13223140e-04 4.09090909e-01 4.13223140e-04
 0.31280992 0.15247934 0.24256198 0.29214876
 0.25247934 0.3214876  0.16528926 0.2607438 
 0.26033058 0.40867769 0.11652893 0.21446281

MOTIF layer3_filter_57
letter-probability matrix: alength= 4 w= 9 
 0.08590604 0.29798658 0.02281879 0.59328859
 0.39463087 0.23087248 0.06174497 0.31275168
 0.2885906  0.01610738 0.10469799 0.59060403
 0.14362416 0.00671141 0.00536913 0.8442953 
 0.00134228 0.00134228 0.00805369 0.98926174
 0.84966443 0.13154362 0.01073826 0.00805369
 0.12483221 0.35704698 0.00805369 0.51006711
 0.31946309 0.53288591 0.08456376 0.06308725
 0.13691275 0.03758389 0.2        0.62550336

MOTIF layer3_filter_58
letter-probability matrix: alength= 4 w= 9 
 0.12043796 0.16058394 0.15432742 0.56465068
 0.38373306 0.01511992 0.23201251 0.36913452
 0.55891554 0.25599583 0.09906152 0.08602711
 0.24400417 0.23774765 0.03962461 0.47862357
 0.53180396 0.13920751 0.2544317  0.07455683
 0.50364964 0.00625652 0.48279458 0.00729927
 0.38529718 0.01042753 0.59906152 0.00521376
 0.07455683 0.06673618 0.77632951 0.08237748
 0.53910323 0.09436913 0.31908238 0.04744526

MOTIF layer3_filter_61
letter-probability matrix: alength= 4 w= 9 
 0.12923524 0.28170378 0.10987415 0.47918683
 0.32381413 0.36834463 0.07163601 0.23620523
 0.53291384 0.17037754 0.13794773 0.15876089
 0.21345595 0.43465634 0.28702807 0.06485963
 0.31655373 0.14133591 0.09196515 0.45014521
 0.12294288 0.08760891 0.32720232 0.46224589
 0.10454985 0.7250726  0.06001936 0.11035818
 0.35188771 0.1374637  0.02129719 0.4893514 
 0.2642788  0.08760891 0.5411423  0.10696999

MOTIF layer3_filter_64
letter-probability matrix: alength= 4 w= 9 
 0.49422946 0.24202308 0.13340122 0.13034623
 5.08825526e-01 3.39443313e-04 4.23625255e-01 6.72097760e-02
 0.61167685 0.05498982 0.16496945 0.16836388
 0.80583842 0.02342159 0.02104549 0.1496945 
 0.26951799 0.09029192 0.02681602 0.61337407
 0.1395112  0.71758316 0.00441276 0.13849287
 0.43482688 0.03224711 0.47114732 0.06177868
 0.38357094 0.18058384 0.01663272 0.41921249
 0.31771894 0.26782077 0.15784114 0.25661914

MOTIF layer3_filter_67
letter-probability matrix: alength= 4 w= 9 
 0.29441392 0.17673993 0.08653846 0.44230769
 0.17765568 0.38553114 0.0242674  0.41254579
 0.85119048 0.0224359  0.01923077 0.10714286
 0.07783883 0.02289377 0.85164835 0.04761905
 0.66208791 0.00824176 0.04349817 0.28617216
 4.62454212e-02 4.57875458e-04 8.60347985e-01 9.29487179e-02
 0.7032967  0.07875458 0.07738095 0.14056777
 0.37408425 0.03342491 0.21565934 0.3768315 
 0.26968864 0.11034799 0.09203297 0.5279304 

MOTIF layer3_filter_68
letter-probability matrix: alength= 4 w= 9 
 0.2504483  0.15481172 0.19844591 0.39629408
 0.22893007 0.25283921 0.20800956 0.31022116
 0.04303646 0.0167364  0.01793186 0.92229528
 0.71488344 0.00298864 0.21996414 0.06216378
 0.50866707 0.01494322 0.45487149 0.02151823
 5.97728631e-04 5.97728631e-04 5.97728631e-04 9.98206814e-01
 6.99342499e-01 5.97728631e-04 2.99462044e-01 5.97728631e-04
 6.22235505e-01 5.97728631e-04 3.76569038e-01 5.97728631e-04
 0.2671847  0.11297071 0.24865511 0.37118948

MOTIF layer3_filter_70
letter-probability matrix: alength= 4 w= 9 
 0.05424886 0.21927162 0.13088012 0.59559939
 0.11039454 0.24430956 0.25037936 0.39491654
 0.41578149 0.03186646 0.23937785 0.3129742 
 0.86456753 0.00341426 0.1168437  0.01517451
 0.3323217  0.00151745 0.10318665 0.5629742 
 1.46813354e-01 3.79362671e-04 2.27617602e-03 8.50531108e-01
 0.01479514 0.00151745 0.38088012 0.60280728
 0.21775417 0.10394537 0.50872534 0.16957511
 0.49468892 0.04059181 0.3129742  0.15174507

MOTIF layer3_filter_82
letter-probability matrix: alength= 4 w= 9 
 0.02857143 0.34285714 0.06666667 0.56190476
 0.1047619  0.24761905 0.60952381 0.03809524
 0.19047619 0.08571429 0.57142857 0.15238095
 0.73333333 0.03809524 0.00952381 0.21904762
 0.04761905 0.06666667 0.15238095 0.73333333
 0.14285714 0.00952381 0.73333333 0.11428571
 0.42857143 0.54285714 0.00952381 0.01904762
 0.06666667 0.00952381 0.43809524 0.48571429
 0.15238095 0.22857143 0.59047619 0.02857143

MOTIF layer3_filter_86
letter-probability matrix: alength= 4 w= 9 
 0.18512464 0.3408255  0.01266857 0.46138128
 0.16918676 0.54270535 0.15365754 0.13445035
 0.07682877 0.3318349  0.03473641 0.55659992
 0.09031467 0.00572129 0.78463425 0.11932979
 0.10175725 0.65794851 0.07437679 0.16591745
 0.27543931 0.38823049 0.00694728 0.32938292
 0.08459338 0.03759706 0.31262771 0.56518186
 0.13690233 0.58684103 0.23416428 0.04209236
 0.25541479 0.10093993 0.33510421 0.30854107

MOTIF layer3_filter_87
letter-probability matrix: alength= 4 w= 9 
 0.25457642 0.41549596 0.02894849 0.30097914
 0.21030226 0.05917412 0.31673052 0.4137931 
 0.41634738 0.05576841 0.17794806 0.34993614
 2.97999149e-03 9.23371648e-01 4.25713069e-04 7.32226479e-02
 0.01149425 0.03192848 0.66751809 0.28905917
 0.55002129 0.06555981 0.17071094 0.21370796
 0.16900809 0.27203065 0.12558536 0.4333759 
 0.4201788  0.00425713 0.18859089 0.38697318
 0.26266496 0.29416773 0.11323968 0.32992763

MOTIF layer3_filter_91
letter-probability matrix: alength= 4 w= 9 
 0.19664492 0.09878844 0.21202237 0.49254427
 0.21994408 0.04659832 0.1612302  0.5722274 
 0.48508854 0.17334576 0.04007456 0.30149115
 0.75908667 0.00419385 0.07409133 0.16262815
 0.62954334 0.11276794 0.00652377 0.25116496
 0.81407269 0.01211556 0.0083877  0.16542404
 0.52795899 0.00931966 0.01164958 0.45107176
 0.04240447 0.03308481 0.08667288 0.83783784
 0.02050326 0.05684995 0.49627213 0.42637465

MOTIF layer3_filter_93
letter-probability matrix: alength= 4 w= 9 
 0.08823529 0.22058824 0.51960784 0.17156863
 0.47058824 0.51960784 0.00490196 0.00490196
 0.4754902  0.00490196 0.51470588 0.00490196
 0.24019608 0.26960784 0.00490196 0.48529412
 0.22058824 0.19607843 0.28921569 0.29411765
 0.72058824 0.00490196 0.26960784 0.00490196
 0.00490196 0.26960784 0.00490196 0.72058824
 0.00490196 0.00490196 0.74509804 0.24509804
 0.1372549  0.08823529 0.59313725 0.18137255

MOTIF layer3_filter_95
letter-probability matrix: alength= 4 w= 9 
 0.19148936 0.05805986 0.03461955 0.71583123
 0.09520375 0.03642265 0.42481067 0.44356293
 6.56328886e-02 3.17345835e-02 3.60620267e-04 9.02271908e-01
 0.06455103 0.09808871 0.4341868  0.40317346
 0.03065272 0.1904075  0.01803101 0.76090876
 0.07320591 0.64442842 0.12946268 0.15290299
 0.35665344 0.06851785 0.04038947 0.53443924
 0.76199062 0.00252434 0.18211323 0.0533718 
 0.08618824 0.01803101 0.12838082 0.76739993

MOTIF layer3_filter_96
letter-probability matrix: alength= 4 w= 9 
 0.51484404 0.19729425 0.07215333 0.21570838
 0.59413754 0.25140924 0.01089816 0.14355505
 0.29875986 0.17136415 0.22209696 0.30777903
 0.5253664  0.15219842 0.2111988  0.11123638
 0.5794814  0.01766253 0.08831266 0.3145434 
 0.60766629 0.0796693  0.23337091 0.0792935 
 0.88876362 0.01089816 0.09808343 0.00225479
 0.5787298  0.02179632 0.02066892 0.37880496
 0.526118   0.12326193 0.00939496 0.3412251 

MOTIF layer3_filter_102
letter-probability matrix: alength= 4 w= 9 
 0.02787105 0.03559436 0.05742109 0.8791135 
 3.35795836e-04 1.03089322e-01 1.54466085e-02 8.81128274e-01
 0.30355944 0.01276024 0.16386837 0.51981195
 0.00134318 0.01746138 0.12256548 0.85862995
 0.3304231  0.08294157 0.0080591  0.57857623
 3.35795836e-04 3.35795836e-04 1.01074547e-01 8.98253862e-01
 6.71591672e-04 6.14506380e-02 3.76091336e-02 9.00268637e-01
 0.06514439 0.05104097 0.04130289 0.84251175
 0.06178643 0.0809268  0.0080591  0.84922767

MOTIF layer3_filter_106
letter-probability matrix: alength= 4 w= 9 
 0.26431425 0.0349534  0.24067909 0.46005326
 0.0223036  0.53561917 0.00166445 0.44041278
 3.32889481e-04 6.52463382e-02 2.33022636e-03 9.32090546e-01
 0.0159787  0.00099867 0.97969374 0.00332889
 0.00299601 0.10286285 0.21271638 0.68142477
 0.00332889 0.00266312 0.24034621 0.75366178
 0.13681758 0.12849534 0.04460719 0.69007989
 0.16544607 0.06424767 0.04260985 0.7276964 
 0.11651132 0.22270306 0.07090546 0.58988016

MOTIF layer3_filter_107
letter-probability matrix: alength= 4 w= 9 
 0.2478083  0.15371128 0.15254237 0.44593805
 5.84453536e-04 5.84453536e-04 5.84453536e-04 9.98246639e-01
 7.80829924e-01 5.84453536e-04 2.18001169e-01 5.84453536e-04
 6.06662770e-01 5.84453536e-04 3.92168323e-01 5.84453536e-04
 1.81180596e-02 5.84453536e-04 5.84453536e-04 9.80713033e-01
 6.92577440e-01 5.84453536e-04 2.64172998e-01 4.26651081e-02
 6.92577440e-01 5.84453536e-04 2.75277615e-01 3.15604909e-02
 0.30333139 0.09818819 0.10870836 0.48977206
 0.21274109 0.12741087 0.20689655 0.45295149

MOTIF layer3_filter_108
letter-probability matrix: alength= 4 w= 9 
 0.0914305  0.1734143  0.55668016 0.17847503
 0.31477733 0.38967611 0.15080972 0.14473684
 0.28677463 0.63157895 0.04352227 0.03812416
 9.60863698e-01 3.37381916e-04 3.84615385e-02 3.37381916e-04
 0.46626181 0.17206478 0.1305668  0.23110661
 0.32759784 0.08636977 0.10728745 0.47874494
 0.56309042 0.02665317 0.28778677 0.12246964
 0.21052632 0.06545209 0.08299595 0.64102564
 0.11403509 0.02024291 0.70242915 0.16329285

MOTIF layer3_filter_109
letter-probability matrix: alength= 4 w= 9 
 0.28617106 0.16506795 0.26538769 0.2833733 
 2.39808153e-03 3.99680256e-04 6.87450040e-01 3.09752198e-01
 0.24820144 0.068745   0.00239808 0.68065548
 0.01838529 0.0243805  0.34252598 0.61470823
 0.21582734 0.03397282 0.00559552 0.74460432
 0.36890488 0.39808153 0.03517186 0.19784173
 0.25219824 0.10911271 0.00679456 0.63189448
 0.24620304 0.07234213 0.54956035 0.13189448
 0.45043965 0.11270983 0.13189448 0.30495604

MOTIF layer3_filter_110
letter-probability matrix: alength= 4 w= 9 
 0.07407407 0.01851852 0.55555556 0.35185185
 0.01851852 0.01851852 0.35185185 0.61111111
 0.37037037 0.05555556 0.55555556 0.01851852
 0.37037037 0.01851852 0.59259259 0.01851852
 0.01851852 0.87037037 0.01851852 0.09259259
 0.01851852 0.81481481 0.01851852 0.14814815
 0.01851852 0.12962963 0.81481481 0.03703704
 0.81481481 0.01851852 0.03703704 0.12962963
 0.2037037  0.01851852 0.75925926 0.01851852

MOTIF layer3_filter_114
letter-probability matrix: alength= 4 w= 9 
 0.31432696 0.08083724 0.23818116 0.36665464
 0.15337423 0.19054493 0.16059184 0.49548899
 0.13316492 0.24900758 0.13713461 0.48069289
 0.09743775 0.06098881 0.31577048 0.52580296
 0.15734392 0.19740166 0.32876218 0.31649224
 0.39913389 0.40057741 0.0389751  0.16131361
 0.05124504 0.27102129 0.00360881 0.67412486
 0.45001804 0.06748466 0.03139661 0.45110069
 0.7755323  0.0537712  0.11476001 0.05593649

MOTIF layer3_filter_115
letter-probability matrix: alength= 4 w= 9 
 0.08621838 0.04727031 0.01631158 0.85019973
 0.05559254 0.00665779 0.30592543 0.63182423
 0.0126498  0.01131824 0.0569241  0.91910786
 0.02729694 0.00166445 0.04793609 0.92310253
 0.12316911 0.0316245  0.08322237 0.76198402
 0.0822237  0.01398136 0.03628495 0.86750999
 1.76098535e-01 2.03062583e-02 3.32889481e-04 8.03262317e-01
 0.01797603 0.01731025 0.0758988  0.88881491
 0.11517976 0.01830892 0.15412783 0.71238349

MOTIF layer3_filter_116
letter-probability matrix: alength= 4 w= 9 
 0.10465901 0.25455773 0.31735314 0.32343011
 0.2012154 0.0972316 0.4618501 0.2397029
 0.25793383 0.00067522 0.35921675 0.38217421
 0.01553005 0.40175557 0.28021607 0.30249831
 6.75219446e-04 6.75219446e-04 6.75219446e-04 9.97974342e-01
 7.44767049e-01 6.75219446e-04 2.53882512e-01 6.75219446e-04
 0.59081702 0.00067522 0.40783255 0.00067522
 0.41390952 0.06414585 0.40040513 0.1215395 
 0.18636057 0.28494261 0.27143822 0.25725861

MOTIF layer3_filter_117
letter-probability matrix: alength= 4 w= 9 
 2.26364847e-02 3.32889481e-04 3.32889481e-04 9.76697736e-01
 3.99467377e-03 3.32889481e-04 3.32889481e-04 9.95339547e-01
 3.32889481e-04 3.32889481e-04 3.32889481e-04 9.99001332e-01
 3.32889481e-04 3.32889481e-04 3.32889481e-04 9.99001332e-01
 3.32889481e-04 3.32889481e-04 3.32889481e-04 9.99001332e-01
 3.32889481e-04 3.32889481e-04 3.32889481e-04 9.99001332e-01
 3.32889481e-04 3.32889481e-04 3.32889481e-04 9.99001332e-01
 3.32889481e-04 3.32889481e-04 5.40945406e-01 4.58388815e-01
 0.19906791 0.02396804 0.17376831 0.60319574

MOTIF layer3_filter_119
letter-probability matrix: alength= 4 w= 9 
 0.16350068 0.14280868 0.08276798 0.61092266
 0.50033921 0.05054274 0.20929444 0.23982361
 0.32869742 0.08514247 0.47082768 0.11533243
 1.35685210e-03 9.15875170e-03 3.39213026e-04 9.89145183e-01
 0.62516961 0.00746269 0.36668928 0.00067843
 0.73337856 0.00678426 0.25746269 0.00237449
 0.42672999 0.10244233 0.19979647 0.27103121
 0.30902307 0.26187246 0.12991859 0.29918589
 0.1848711  0.19708277 0.20251018 0.41553596

MOTIF layer3_filter_122
letter-probability matrix: alength= 4 w= 9 
 0.07771848 0.22381588 0.14142762 0.55703803
 0.06437625 0.15777185 0.00500334 0.77284857
 0.04803202 0.27218145 0.17945297 0.50033356
 3.33555704e-04 3.33555704e-04 3.33555704e-04 9.98999333e-01
 4.83322215e-01 3.33555704e-04 5.16010674e-01 3.33555704e-04
 8.60907272e-01 3.33555704e-04 1.38425617e-01 3.33555704e-04
 0.46064043 0.05203469 0.10440294 0.38292195
 0.40527018 0.07938626 0.16244163 0.35290193
 0.2161441  0.10206805 0.17011341 0.51167445

MOTIF layer3_filter_123
letter-probability matrix: alength= 4 w= 9 
 0.15241058 0.02125454 0.03421462 0.79212027
 0.57439088 0.00207361 0.25868326 0.16485226
 0.50440643 0.00207361 0.35199585 0.14152411
 9.84966304e-03 5.18403318e-04 5.18403318e-04 9.89113530e-01
 5.52617937e-01 5.18403318e-04 4.37013997e-01 9.84966304e-03
 7.36132711e-01 5.18403318e-04 2.53499222e-01 9.84966304e-03
 0.45826853 0.10627268 0.14152411 0.29393468
 0.33696216 0.11301192 0.15085537 0.39917055
 0.32244686 0.1565578  0.22032141 0.30067392

MOTIF layer3_filter_125
letter-probability matrix: alength= 4 w= 9 
 0.54027261 0.07145808 0.18463445 0.20363486
 0.24535316 0.13424205 0.32094176 0.29946303
 0.65427509 0.03428335 0.29161504 0.01982652
 4.13052458e-04 3.30441966e-03 5.05989261e-01 4.90293267e-01
 2.72614622e-02 1.42503098e-01 4.13052458e-04 8.29822387e-01
 0.11854606 0.05245766 0.60718711 0.22180917
 1.94547708e-01 2.28004957e-01 4.13052458e-04 5.77034283e-01
 0.51218505 0.18752582 0.05947955 0.24080958
 0.25154895 0.09954564 0.04378356 0.60512185

MOTIF layer3_filter_126
letter-probability matrix: alength= 4 w= 9 
 0.31617139 0.23082239 0.09225985 0.36074637
 0.02557015 0.32895646 0.28058051 0.36489288
 0.10435384 0.09295093 0.00656531 0.79612992
 0.00103663 0.27781617 0.00103663 0.72011057
 0.20076019 0.13718037 0.0162405  0.64581894
 0.35176227 0.11955771 0.00967519 0.51900484
 9.26744990e-01 6.63441603e-02 6.56530753e-03 3.45542502e-04
 0.14858328 0.25708362 0.09053214 0.50380097
 0.50034554 0.27228749 0.02729786 0.20006911

MOTIF layer3_filter_129
letter-probability matrix: alength= 4 w= 9 
 0.15711009 0.5        0.13188073 0.21100917
 0.82454128 0.05963303 0.00458716 0.11123853
 0.24197248 0.33142202 0.16169725 0.26490826
 0.18233945 0.30619266 0.00114679 0.5103211 
 0.92545872 0.00573394 0.02866972 0.04013761
 0.00114679 0.02866972 0.42545872 0.54472477
 0.13417431 0.0103211  0.04701835 0.80848624
 0.00458716 0.03211009 0.8853211  0.07798165
 0.49426606 0.05045872 0.1353211  0.31995413

MOTIF layer3_filter_130
letter-probability matrix: alength= 4 w= 9 
 0.23626559 0.20997641 0.22210988 0.33164813
 0.24705089 0.27266599 0.08324907 0.39703404
 3.23896191e-01 5.15672396e-02 3.37040782e-04 6.24199528e-01
 4.32760364e-01 3.37040782e-04 3.09740479e-01 2.57162117e-01
 0.39737108 0.02055949 0.01112235 0.57094708
 0.20559488 0.05965622 0.00707786 0.72767105
 0.11661611 0.19952814 0.26592518 0.41793057
 0.40074149 0.47050893 0.02763734 0.10111223
 0.34883721 0.13616448 0.08931581 0.42568251

MOTIF layer3_filter_131
letter-probability matrix: alength= 4 w= 9 
 0.2300885  0.01769912 0.54867257 0.20353982
 0.00884956 0.97345133 0.00884956 0.00884956
 0.00884956 0.09734513 0.71681416 0.17699115
 0.09734513 0.00884956 0.04424779 0.84955752
 0.84955752 0.13274336 0.00884956 0.00884956
 0.92920354 0.00884956 0.01769912 0.04424779
 0.01769912 0.08849558 0.76106195 0.13274336
 0.2920354  0.30088496 0.30088496 0.10619469
 0.38938053 0.11504425 0.4159292  0.07964602

MOTIF layer3_filter_133
letter-probability matrix: alength= 4 w= 9 
 0.29337432 0.16427596 0.07684426 0.46550546
 0.38114754 0.15881148 0.1909153  0.26912568
 0.09801913 0.41290984 0.12943989 0.35963115
 0.42247268 0.11987705 0.31181694 0.14583333
 0.42827869 0.11509563 0.24965847 0.20696721
 0.5556694  0.06079235 0.00717213 0.37636612
 0.09904372 0.01775956 0.23497268 0.64822404
 0.28620219 0.09153005 0.50443989 0.11782787
 0.0659153  0.18545082 0.06830601 0.68032787

MOTIF layer3_filter_137
letter-probability matrix: alength= 4 w= 9 
 0.17195572 0.44538745 0.10922509 0.27343173
 0.15571956 0.27564576 0.07453875 0.49409594
 0.31217712 0.26420664 0.29409594 0.1295203 
 3.69003690e-04 8.74538745e-02 5.20295203e-02 8.60147601e-01
 0.02915129 0.03247232 0.17084871 0.76752768
 0.33653137 0.0398524  0.54243542 0.08118081
 0.17380074 0.01512915 0.47712177 0.33394834
 0.37749077 0.41328413 0.05350554 0.15571956
 0.07121771 0.13062731 0.47158672 0.32656827

MOTIF layer3_filter_139
letter-probability matrix: alength= 4 w= 9 
 0.78789018 0.11959383 0.03535164 0.05716435
 0.51974426 0.00752162 0.2185032  0.25423091
 0.06731854 0.1162091  0.01241068 0.80406168
 0.02594961 0.01767582 0.01128244 0.94509214
 0.01391501 0.01278676 0.42835653 0.54494171
 0.31139526 0.11056788 0.55772847 0.02030839
 0.39939827 0.32192554 0.1222264  0.15644979
 0.15720196 0.17788642 0.29823242 0.3666792 
 0.16397142 0.26100038 0.26212862 0.31289959

MOTIF layer3_filter_142
letter-probability matrix: alength= 4 w= 9 
 0.37234439 0.06597093 0.20089452 0.36079016
 0.05628028 0.04845322 0.21692136 0.67834514
 0.17853149 0.03689899 0.08833395 0.69623556
 0.00186359 0.15765934 0.51584048 0.3246366 
 0.1677227  0.0130451  0.32538204 0.49385017
 3.72717108e-04 2.60901975e-03 3.72717108e-04 9.96645546e-01
 0.01192695 0.00335445 0.02012672 0.96459187
 2.60901975e-03 1.00633619e-02 3.72717108e-04 9.86954901e-01
 0.02720835 0.00819978 0.03428997 0.9303019 

MOTIF layer3_filter_144
letter-probability matrix: alength= 4 w= 9 
 0.41726016 0.23586091 0.20234604 0.14453289
 0.50356096 0.228739   0.18852116 0.07917889
 0.33347298 0.47004608 0.0816925  0.11478844
 0.24759112 0.38165061 0.37033934 0.00041894
 0.2333473  0.44658567 0.01173021 0.30833682
 0.37955593 0.56304985 0.03686636 0.02052786
 0.50020947 0.09635526 0.16254713 0.24088814
 0.31839129 0.46711353 0.10640972 0.10808546
 0.640553   0.20527859 0.08881441 0.065354  

MOTIF layer3_filter_150
letter-probability matrix: alength= 4 w= 9 
 0.13448735 0.04094541 0.2057257  0.61884154
 0.06091877 0.08022636 0.10719041 0.75166445
 3.32889481e-04 3.32889481e-04 3.32889481e-04 9.99001332e-01
 2.55992011e-01 3.32889481e-04 1.95406125e-01 5.48268975e-01
 0.27097204 0.00099867 0.12882823 0.59920107
 0.13182423 0.03828229 0.05958722 0.77030626
 0.04027963 0.27396804 0.48535286 0.20039947
 0.00099867 0.01398136 0.17276964 0.81225033
 0.24234354 0.11251664 0.14980027 0.49533955

MOTIF layer3_filter_154
letter-probability matrix: alength= 4 w= 9 
 0.22297297 0.2527027  0.14054054 0.38378378
 0.37297297 0.13648649 0.2472973  0.24324324
 0.87972973 0.08513514 0.02837838 0.00675676
 0.58918919 0.10135135 0.20540541 0.10405405
 0.4027027  0.1        0.06756757 0.42972973
 0.68648649 0.06081081 0.00135135 0.25135135
 0.00135135 0.00135135 0.25540541 0.74189189
 0.00135135 0.00135135 0.85810811 0.13918919
 0.2472973  0.08108108 0.37162162 0.3       

MOTIF layer3_filter_155
letter-probability matrix: alength= 4 w= 9 
 0.10652463 0.08022636 0.02762983 0.78561917
 1.92077230e-01 3.32889481e-04 3.32889481e-04 8.07256991e-01
 2.44007989e-01 3.32889481e-04 1.53129161e-02 7.40346205e-01
 0.0505992  0.1298269  0.00366178 0.81591212
 0.14047936 0.04793609 0.34886818 0.46271638
 0.04893475 0.30259654 0.22902796 0.41944075
 0.51231691 0.02063915 0.04826897 0.41877497
 0.40545939 0.00166445 0.25033289 0.34254328
 0.21471372 0.01997337 0.05026631 0.7150466 

MOTIF layer3_filter_158
letter-probability matrix: alength= 4 w= 9 
 4.42743009e-02 3.32889481e-04 3.32889481e-04 9.55059920e-01
 3.32889481e-04 3.32889481e-04 3.32889481e-04 9.99001332e-01
 1.51797603e-01 3.32889481e-04 3.32889481e-04 8.47536618e-01
 3.32889481e-04 3.32889481e-04 3.32889481e-04 9.99001332e-01
 3.32889481e-04 3.32889481e-04 3.32889481e-04 9.99001332e-01
 3.32889481e-04 3.32889481e-04 3.32889481e-04 9.99001332e-01
 3.32889481e-04 3.32889481e-04 3.32889481e-04 9.99001332e-01
 2.86284953e-01 5.62583222e-02 3.32889481e-04 6.57123835e-01
 0.14480692 0.10219707 0.14680426 0.60619174

MOTIF layer3_filter_160
letter-probability matrix: alength= 4 w= 9 
 0.25396825 0.13368607 0.1989418  0.41340388
 0.19047619 0.16296296 0.20141093 0.44514991
 0.08500882 0.0031746  0.03492063 0.87689594
 0.46772487 0.0021164  0.30405644 0.22610229
 0.55379189 0.02116402 0.23915344 0.18589065
 3.52733686e-04 1.41093474e-03 3.52733686e-03 9.94708995e-01
 0.71463845 0.0021164  0.2356261  0.04761905
 5.67195767e-01 3.52733686e-04 3.77072310e-01 5.53791887e-02
 0.36084656 0.09982363 0.14885362 0.39047619

MOTIF layer3_filter_161
letter-probability matrix: alength= 4 w= 9 
 0.1409224  0.26061493 0.30929722 0.28916545
 0.03477306 0.48828697 0.25256223 0.22437775
 0.18265007 0.36237189 0.32833089 0.12664714
 0.00292826 0.00915081 0.78038067 0.20754026
 0.38506589 0.05600293 0.15373353 0.40519766
 0.13250366 0.00549048 0.38140556 0.48060029
 0.40959004 0.00439239 0.10724744 0.47877013
 0.22254758 0.07759883 0.18081991 0.51903367
 0.50585652 0.01317716 0.09516837 0.38579795

MOTIF layer3_filter_170
letter-probability matrix: alength= 4 w= 9 
 0.01282051 0.01282051 0.16666667 0.80769231
 0.01282051 0.01282051 0.02564103 0.94871795
 0.19230769 0.01282051 0.38461538 0.41025641
 0.1025641  0.56410256 0.01282051 0.32051282
 0.61538462 0.17948718 0.01282051 0.19230769
 0.26923077 0.02564103 0.1025641  0.6025641 
 0.01282051 0.05128205 0.6025641  0.33333333
 0.01282051 0.42307692 0.19230769 0.37179487
 0.01282051 0.33333333 0.6025641  0.05128205

MOTIF layer3_filter_172
letter-probability matrix: alength= 4 w= 9 
 0.33161444 0.18881396 0.43197144 0.04760016
 0.22808409 0.05037683 0.23125744 0.49028163
 0.21618405 0.03173344 0.44069814 0.31138437
 3.96667989e-04 3.96667989e-04 7.93335978e-04 9.98413328e-01
 0.38000793 0.39865133 0.01586672 0.20547402
 0.33915113 0.06664022 0.0892503  0.50495835
 0.06545022 0.38992463 0.11622372 0.42840143
 0.11582705 0.30464102 0.2689409  0.31059104
 0.54383181 0.03252678 0.37366125 0.04998017

MOTIF layer3_filter_175
letter-probability matrix: alength= 4 w= 9 
 0.36345872 0.1284807  0.13922814 0.36883244
 0.07767465 0.00537372 0.03077675 0.88617489
 0.64924279 0.0073278  0.2198339  0.12359551
 5.80361505e-01 4.88519785e-04 4.18661456e-01 4.88519785e-04
 4.88519785e-04 4.88519785e-04 6.35075721e-03 9.92672203e-01
 6.47777235e-01 2.44259893e-03 3.49291646e-01 4.88519785e-04
 7.34245237e-01 4.88519785e-04 2.64777723e-01 4.88519785e-04
 0.27210552 0.10649731 0.1358085  0.48558867
 0.26331216 0.15876893 0.16170005 0.41621886

MOTIF layer3_filter_179
letter-probability matrix: alength= 4 w= 9 
 0.31520572 0.14847943 0.2940966  0.24221825
 0.01502683 0.10769231 0.14096601 0.73631485
 0.22504472 0.01252236 0.22898032 0.53345259
 0.05509839 0.02325581 0.43255814 0.48908766
 0.19856887 0.09910555 0.24042934 0.46189624
 0.20143113 0.11449016 0.09731664 0.58676208
 0.22218247 0.04651163 0.17889088 0.55241503
 0.04651163 0.35527728 0.15026834 0.44794275
 0.07477639 0.13237925 0.31699463 0.47584973

MOTIF layer3_filter_182
letter-probability matrix: alength= 4 w= 9 
 0.17942743 0.04227696 0.16311585 0.61517976
 0.04227696 0.00532623 0.08488682 0.86750999
 0.08988016 0.09720373 0.35419441 0.4587217 
 0.00665779 0.14846871 0.17443409 0.67043941
 0.00266312 0.07723036 0.04860186 0.87150466
 3.32889481e-04 3.32889481e-03 1.14181092e-01 8.82157124e-01
 0.04494008 0.0476032  0.88348868 0.02396804
 0.20139814 0.08621838 0.0063249  0.70605859
 0.00233023 0.15679095 0.02097204 0.81990679

MOTIF layer3_filter_186
letter-probability matrix: alength= 4 w= 9 
 0.18726968 0.10921273 0.52596315 0.17755444
 0.15376884 0.11557789 0.38123953 0.34941374
 0.20368509 0.2479062  0.05226131 0.4961474 
 0.25226131 0.25695142 0.23249581 0.25829146
 0.25092127 0.26767169 0.15142379 0.32998325
 0.08475712 0.56214405 0.22881072 0.12428811
 0.40569514 0.20234506 0.3641541  0.0278057 
 0.65159129 0.04288107 0.1239531  0.18157454
 0.13835846 0.14974874 0.0760469  0.6358459 

MOTIF layer3_filter_187
letter-probability matrix: alength= 4 w= 9 
 0.11884154 0.0126498  0.00199734 0.86651132
 0.50299601 0.03295606 0.15778961 0.30625832
 0.18475366 0.00466045 0.38315579 0.42743009
 0.12583222 0.14147803 0.310253   0.42243675
 0.41577896 0.14813582 0.24267643 0.19340879
 0.42809587 0.07523302 0.02363515 0.47303595
 0.1045273  0.0729028  0.31890812 0.50366178
 0.19873502 0.07456724 0.12117177 0.60552597
 0.34553928 0.02962716 0.14846871 0.47636485

MOTIF layer3_filter_189
letter-probability matrix: alength= 4 w= 9 
 0.09460784 0.46078431 0.1627451  0.28186275
 0.0754902  0.09411765 0.62941176 0.20098039
 0.12794118 0.3127451  0.52303922 0.03627451
 0.71568627 0.04754902 0.13872549 0.09803922
 0.54705882 0.09362745 0.23333333 0.12598039
 0.17401961 0.10392157 0.0622549  0.65980392
 0.40588235 0.07941176 0.04558824 0.46911765
 0.23186275 0.11519608 0.01617647 0.63676471
 0.50980392 0.24117647 0.07941176 0.16960784

MOTIF layer3_filter_190
letter-probability matrix: alength= 4 w= 9 
 0.11799065 0.10630841 0.12616822 0.64953271
 0.00817757 0.15420561 0.04556075 0.79205607
 0.34579439 0.20327103 0.13200935 0.31892523
 0.03504673 0.07126168 0.45794393 0.43574766
 0.33761682 0.00116822 0.49065421 0.17056075
 0.00934579 0.53037383 0.0338785  0.42640187
 0.01635514 0.09228972 0.48014019 0.41121495
 0.24883178 0.18925234 0.02920561 0.53271028
 0.26635514 0.04672897 0.25817757 0.42873832

MOTIF layer3_filter_191
letter-probability matrix: alength= 4 w= 9 
 0.17494357 0.18284424 0.01523702 0.62697517
 0.001693   0.00507901 0.6506772  0.34255079
 0.03950339 0.11738149 0.02370203 0.81941309
 0.04853273 0.08972912 0.65406321 0.20767494
 0.08860045 0.01128668 0.13374718 0.76636569
 0.13148984 0.001693   0.83408578 0.03273138
 0.03103837 0.01749436 0.13431151 0.81715576
 0.34650113 0.05417607 0.11343115 0.48589165
 0.04345372 0.01072235 0.1506772  0.79514673

MOTIF layer3_filter_192
letter-probability matrix: alength= 4 w= 9 
 0.34683629 0.16705725 0.08536994 0.40073652
 0.23635755 0.11148309 0.20254436 0.449615  
 0.08436558 0.37428858 0.01540007 0.52594576
 0.00401741 0.46769334 0.03816538 0.49012387
 0.21694007 0.15667894 0.44459324 0.18178775
 0.19484433 0.11918313 0.2688316  0.41714094
 0.3130231  0.01339136 0.02778708 0.64579846
 0.00502176 0.00703047 0.26983596 0.71811182
 0.0924004  0.05858721 0.39035822 0.45865417

MOTIF layer3_filter_194
letter-probability matrix: alength= 4 w= 9 
 0.5006734  0.16599327 0.07407407 0.25925926
 0.1        0.05420875 0.65488215 0.19090909
 0.08619529 0.08417508 0.11414141 0.71548822
 0.00505051 0.12861953 0.36397306 0.5023569 
 0.25589226 0.01077441 0.34781145 0.38552189
 0.24276094 0.07811448 0.12222222 0.55690236
 0.27104377 0.08720539 0.04511785 0.596633  
 0.08956229 0.03703704 0.21952862 0.65387205
 0.15218855 0.0969697  0.2956229  0.45521886

MOTIF layer3_filter_195
letter-probability matrix: alength= 4 w= 9 
 0.21446934 0.11935365 0.36063166 0.30554535
 0.02423797 0.0069776  0.72052883 0.2482556 
 0.3059126  0.01799486 0.16525891 0.51083364
 0.02497246 0.02680867 0.44252663 0.50569225
 0.01799486 0.21704003 0.02019831 0.7447668 
 0.00257069 0.36356959 0.0069776  0.62688212
 0.34043335 0.32757988 0.19720896 0.13477782
 0.13037091 0.241278   0.08262945 0.54572163
 0.07712082 0.22695556 0.33455747 0.36136614

MOTIF layer3_filter_207
letter-probability matrix: alength= 4 w= 9 
 0.02063915 0.59753662 0.18209055 0.19973369
 0.0159787  0.84953395 0.10519308 0.02929427
 0.01964048 0.8229028  0.00965379 0.14780293
 0.03362184 0.76697736 0.09587217 0.10352863
 0.02130493 0.56557923 0.21138482 0.20173103
 0.04793609 0.71704394 0.03561917 0.1994008 
 0.10952064 0.54394141 0.12150466 0.22503329
 0.1391478  0.49966711 0.13049268 0.23069241
 0.11185087 0.65312916 0.08255659 0.15246338

MOTIF layer3_filter_209
letter-probability matrix: alength= 4 w= 9 
 0.2981521  0.08351102 0.06361052 0.55472637
 0.1130064  0.41791045 0.08528785 0.38379531
 0.23489694 0.50888415 0.04513149 0.21108742
 0.19367448 0.17377399 0.6119403  0.02061123
 0.07036247 0.03162758 0.10270078 0.79530917
 0.10554371 0.02238806 0.06076759 0.81130064
 0.00533049 0.04193319 0.33653163 0.61620469
 0.01314854 0.08742004 0.38059701 0.5188344 
 0.25515281 0.20788913 0.43390192 0.10305615

MOTIF layer3_filter_210
letter-probability matrix: alength= 4 w= 9 
 0.61555806 0.04547163 0.16685457 0.17211575
 0.06012777 0.1845171  0.01428035 0.74107478
 0.30965802 0.07027433 0.19579106 0.42427659
 3.75798572e-04 3.75798572e-04 3.75798572e-04 9.98872604e-01
 7.42202180e-01 3.75798572e-04 1.16121759e-01 1.41300263e-01
 5.74971815e-01 3.75798572e-04 2.83352123e-01 1.41300263e-01
 0.1570838  0.18075911 0.20819241 0.45396467
 0.32468997 0.11537016 0.08643367 0.4735062 
 0.25366404 0.15482901 0.17812852 0.41337843

MOTIF layer3_filter_214
letter-probability matrix: alength= 4 w= 9 
 0.20513687 0.29705982 0.1929706  0.30483271
 0.01149037 0.28016222 0.06218317 0.64616424
 0.34166948 0.00743494 0.17134167 0.4795539 
 0.1260561  0.07468739 0.62588712 0.17336938
 0.06590064 0.03852653 0.35991889 0.53565394
 0.88070294 0.01892531 0.08888138 0.01149037
 0.06657655 0.00270362 0.37850625 0.55221359
 0.12200068 0.03345725 0.06116931 0.78337276
 0.01182832 0.11118621 0.43629605 0.44068942

MOTIF layer3_filter_215
letter-probability matrix: alength= 4 w= 9 
 0.47931034 0.19275862 0.29413793 0.0337931 
 0.75655172 0.16       0.05655172 0.02689655
 0.52034483 0.23758621 0.19517241 0.04689655
 0.55206897 0.26793103 0.01758621 0.16241379
 0.04517241 0.16862069 0.10724138 0.67896552
 0.28344828 0.08068966 0.30793103 0.32793103
 1.02413793e-01 2.72413793e-02 8.70000000e-01 3.44827586e-04
 0.23827586 0.05655172 0.38344828 0.32172414
 0.3037931  0.1762069  0.24275862 0.27724138

MOTIF layer3_filter_216
letter-probability matrix: alength= 4 w= 9 
 0.61950732 0.03994674 0.18142477 0.15912117
 0.27197071 0.13648469 0.07456724 0.51697736
 0.12516644 0.29327563 0.52762983 0.0539281 
 0.72736352 0.04793609 0.05492676 0.16977364
 0.24201065 0.03861518 0.26331558 0.45605859
 0.16411451 0.00299601 0.39580559 0.43708389
 0.47736352 0.1138482  0.16877497 0.24001332
 0.20505992 0.08422104 0.11251664 0.5982024 
 0.22103862 0.08888149 0.24134487 0.44873502

MOTIF layer3_filter_217
letter-probability matrix: alength= 4 w= 9 
 0.41583166 0.01670007 0.28356713 0.28390114
 0.00935204 0.01903808 0.0247161  0.94689379
 0.00567802 0.00768203 0.03841015 0.94822979
 0.22945892 0.00801603 0.19305277 0.56947228
 0.04141617 0.10454242 0.03373413 0.82030728
 0.53173013 0.28156313 0.03774215 0.1489646 
 0.03674015 0.18603874 0.0998664  0.67735471
 0.10454242 0.14529058 0.24582498 0.50434202
 0.18470274 0.08750835 0.42919172 0.29859719

MOTIF layer3_filter_218
letter-probability matrix: alength= 4 w= 9 
 0.25741914 0.3411137  0.04801601 0.35345115
 0.50016672 0.03634545 0.41213738 0.05135045
 0.07469156 0.08436145 0.17405802 0.66688896
 0.02600867 0.12337446 0.09336445 0.75725242
 0.16138713 0.07702568 0.36545515 0.39613204
 0.17605869 0.08369456 0.27542514 0.46482161
 0.59319773 0.01600534 0.31010337 0.08069356
 0.14504835 0.20906969 0.18939647 0.4564855 
 0.15705235 0.26642214 0.30610203 0.27042347

MOTIF layer3_filter_223
letter-probability matrix: alength= 4 w= 9 
 0.42847458 0.04067797 0.39762712 0.13322034
 0.28271186 0.22576271 0.16949153 0.3220339 
 0.35423729 0.10779661 0.24813559 0.28983051
 8.21694915e-01 3.38983051e-04 1.77627119e-01 3.38983051e-04
 0.25254237 0.10101695 0.06135593 0.58508475
 0.16915254 0.14067797 0.42067797 0.26949153
 0.69050847 0.01762712 0.26305085 0.02881356
 0.02508475 0.19864407 0.09830508 0.6779661 
 0.02372881 0.05186441 0.76271186 0.16169492

MOTIF layer3_filter_224
letter-probability matrix: alength= 4 w= 9 
 0.24454881 0.21167393 0.3713519  0.17242536
 0.28983563 0.57631667 0.07279436 0.06105334
 0.41529688 0.23783965 0.254948   0.09191546
 0.45555183 0.09392821 0.25394163 0.19657833
 0.28983563 0.54243542 0.07547803 0.09225092
 0.27608185 0.03522308 0.02515934 0.66353573
 0.08990272 0.34921167 0.00234821 0.5585374 
 0.16605166 0.11573298 0.19691379 0.52130158
 0.24287152 0.22509225 0.07581349 0.45622274

MOTIF layer3_filter_227
letter-probability matrix: alength= 4 w= 9 
 0.10998062 0.22383721 0.06686047 0.59932171
 0.22625969 0.09205426 0.00726744 0.6744186 
 0.08139535 0.23352713 0.18653101 0.49854651
 3.00387597e-02 9.27325581e-01 4.84496124e-04 4.21511628e-02
 0.60513566 0.15600775 0.03439922 0.20445736
 5.66375969e-01 4.84496124e-04 1.39534884e-01 2.93604651e-01
 0.4748062  0.00629845 0.00775194 0.51114341
 0.26017442 0.06831395 0.14195736 0.52955426
 0.26598837 0.22625969 0.12790698 0.37984496

MOTIF layer3_filter_228
letter-probability matrix: alength= 4 w= 9 
 0.05614568 0.15326252 0.6616085  0.12898331
 0.00151745 0.00151745 0.00151745 0.99544765
 0.09256449 0.00151745 0.90440061 0.00151745
 0.99544765 0.00151745 0.00151745 0.00151745
 0.35508346 0.41729894 0.1138088  0.1138088 
 0.04704097 0.41578149 0.31411229 0.22306525
 0.16843703 0.32473445 0.31714719 0.18968134
 0.2124431  0.36115326 0.27465857 0.15174507
 0.13505311 0.16691958 0.30804249 0.38998483

MOTIF layer3_filter_231
letter-probability matrix: alength= 4 w= 9 
 0.4942953  0.21174497 0.08825503 0.2057047 
 0.11073826 0.57885906 0.09966443 0.21073826
 8.95637584e-01 3.35570470e-04 6.51006711e-02 3.89261745e-02
 0.43322148 0.05402685 0.10939597 0.4033557 
 0.31208054 0.18187919 0.13020134 0.37583893
 0.25973154 0.1238255  0.12181208 0.49463087
 0.0114094  0.16510067 0.0557047  0.76778523
 0.10805369 0.02281879 0.35134228 0.51778523
 0.25067114 0.20939597 0.20067114 0.33926174

MOTIF layer3_filter_233
letter-probability matrix: alength= 4 w= 9 
 0.47729636 0.07279029 0.33656846 0.11334489
 0.2627383  0.19722704 0.18786828 0.35216638
 0.43258232 0.38856153 0.14003466 0.03882149
 0.47279029 0.12720971 0.11161179 0.28838821
 0.12859619 0.04055459 0.01490468 0.81594454
 2.32235702e-02 3.46620451e-04 2.07972270e-03 9.74350087e-01
 0.01975737 0.05129983 0.2797227  0.6492201 
 0.22564991 0.09670711 0.67521664 0.00242634
 0.35285962 0.18162912 0.23604853 0.22946274

MOTIF layer3_filter_237
letter-probability matrix: alength= 4 w= 9 
 0.00416667 0.08333333 0.00416667 0.90833333
 0.6625     0.00416667 0.32916667 0.00416667
 0.97083333 0.00416667 0.02083333 0.00416667
 0.5875     0.10416667 0.07083333 0.2375    
 0.80833333 0.10416667 0.0625     0.025     
 0.39166667 0.0125     0.00416667 0.59166667
 0.00416667 0.00416667 0.6        0.39166667
 0.07083333 0.07916667 0.47916667 0.37083333
 0.2625 0.175  0.1125 0.45  

MOTIF layer3_filter_238
letter-probability matrix: alength= 4 w= 9 
 0.2816092  0.20250169 0.23901285 0.27687627
 0.41142664 0.13218391 0.09601082 0.36037863
 0.11629479 0.19912103 0.36781609 0.31676809
 3.38066261e-04 3.38066261e-04 4.73292765e-03 9.94590940e-01
 4.76673428e-01 3.38066261e-04 5.22650439e-01 3.38066261e-04
 8.01555105e-01 3.38066261e-04 1.97768763e-01 3.38066261e-04
 0.10480054 0.06828938 0.08079784 0.74611224
 0.36680189 0.17444219 0.2464503  0.21230561
 0.50777552 0.08924949 0.26910074 0.13387424

MOTIF layer3_filter_250
letter-probability matrix: alength= 4 w= 9 
 0.60053262 0.20106525 0.10319574 0.09520639
 0.83388815 0.05958722 0.060253   0.04627164
 0.67010652 0.02629827 0.00199734 0.30159787
 1.53129161e-02 1.99733688e-03 3.32889481e-04 9.82356858e-01
 3.32889481e-04 1.19840213e-01 6.65778961e-04 8.79161119e-01
 0.23069241 0.03462051 0.49500666 0.23968043
 0.35952064 0.16544607 0.34753662 0.12749667
 0.31424767 0.2340213  0.13215712 0.3195739 
 0.23901465 0.27396804 0.12217044 0.36484687

MOTIF layer3_filter_252
letter-probability matrix: alength= 4 w= 9 
 0.62778152 0.01989211 0.12913014 0.22319622
 0.64025624 0.10755226 0.0687795  0.183412  
 0.59339177 0.21712744 0.09238031 0.09710047
 0.17329737 0.00910317 0.01517195 0.80242751
 0.17026298 0.00606878 0.09204316 0.73162508
 5.75185435e-01 3.12204990e-01 3.37154417e-04 1.12272421e-01
 0.63115307 0.00977748 0.00337154 0.35569791
 0.53506406 0.09271746 0.24511126 0.12710722
 0.39447067 0.1641942  0.32400539 0.11732974

MOTIF layer3_filter_255
letter-probability matrix: alength= 4 w= 9 
 0.73399015 0.06239737 0.10344828 0.1001642 
 0.52764094 0.03940887 0.04980843 0.38314176
 0.67925561 0.09633279 0.16694034 0.05747126
 0.08429119 0.03229338 0.00985222 0.87356322
 0.00328407 0.13300493 0.02791461 0.83579639
 0.73727422 0.16146689 0.07881773 0.02244116
 0.02189381 0.04324028 0.08045977 0.85440613
 0.27531472 0.04433498 0.13519431 0.54515599
 0.09195402 0.07443897 0.40558292 0.42802408
