MEME version 5.4.1

ALPHABET= ACGT

strands: + -

Background letter frequencies
A 0.25 C 0.25 G 0.25 T 0.25

MOTIF layer3_filter_2
letter-probability matrix: alength= 4 w= 9 
 0.00328947 0.00328947 0.00328947 0.99013158
 0.00328947 0.00328947 0.30592105 0.6875    
 0.00328947 0.00328947 0.28618421 0.70723684
 0.20723684 0.10197368 0.00328947 0.6875    
 0.01315789 0.00328947 0.80263158 0.18092105
 0.00328947 0.03618421 0.07565789 0.88486842
 0.00328947 0.14802632 0.00986842 0.83881579
 0.00328947 0.14802632 0.84539474 0.00328947
 0.02302632 0.22697368 0.32236842 0.42763158

MOTIF layer3_filter_3
letter-probability matrix: alength= 4 w= 9 
 0.8265896  0.05202312 0.11560694 0.00578035
 0.47398844 0.21965318 0.30057803 0.00578035
 0.84971098 0.00578035 0.13872832 0.00578035
 0.98265896 0.00578035 0.00578035 0.00578035
 0.00578035 0.00578035 0.31791908 0.67052023
 0.68786127 0.28323699 0.00578035 0.02312139
 0.30057803 0.00578035 0.00578035 0.68786127
 0.00578035 0.00578035 0.70520231 0.28323699
 0.14450867 0.05780347 0.5433526  0.25433526

MOTIF layer3_filter_5
letter-probability matrix: alength= 4 w= 9 
 0.15767635 0.08298755 0.05809129 0.70124481
 0.3153527  0.22821577 0.00414938 0.45228216
 0.31950207 0.10373444 0.07053942 0.50622407
 0.48547718 0.26141079 0.04979253 0.2033195 
 0.22406639 0.26970954 0.37759336 0.12863071
 0.62240664 0.17012448 0.09128631 0.11618257
 0.00414938 0.06224066 0.84232365 0.09128631
 0.02904564 0.13278008 0.04979253 0.78838174
 0.00414938 0.37759336 0.3153527  0.30290456

MOTIF layer3_filter_6
letter-probability matrix: alength= 4 w= 9 
 0.06578947 0.27960526 0.14802632 0.50657895
 0.23684211 0.14473684 0.125      0.49342105
 0.93421053 0.04934211 0.01315789 0.00328947
 0.99013158 0.00328947 0.00328947 0.00328947
 0.07894737 0.00328947 0.00328947 0.91447368
 0.00328947 0.00328947 0.00328947 0.99013158
 0.00328947 0.00328947 0.00328947 0.99013158
 0.00328947 0.00328947 0.99013158 0.00328947
 0.00657895 0.03947368 0.25986842 0.69407895

MOTIF layer3_filter_7
letter-probability matrix: alength= 4 w= 9 
 0.02749141 0.03436426 0.08591065 0.85223368
 0.00343643 0.0137457  0.00343643 0.97938144
 0.61168385 0.00343643 0.33333333 0.05154639
 0.1443299  0.53264605 0.31958763 0.00343643
 0.49484536 0.00343643 0.00343643 0.49828179
 0.98969072 0.00343643 0.00343643 0.00343643
 0.49828179 0.03780069 0.05841924 0.40549828
 0.08934708 0.00343643 0.40549828 0.50171821
 0.13745704 0.00687285 0.12714777 0.72852234

MOTIF layer3_filter_8
letter-probability matrix: alength= 4 w= 9 
 0.08727273 0.21090909 0.22181818 0.48      
 0.05818182 0.32       0.11636364 0.50545455
 0.32       0.26545455 0.16363636 0.25090909
 0.00363636 0.00363636 0.94545455 0.04727273
 0.00363636 0.61454545 0.00363636 0.37818182
 0.53818182 0.02909091 0.14181818 0.29090909
 0.14181818 0.03272727 0.05090909 0.77454545
 0.63272727 0.17818182 0.07272727 0.11636364
 0.00727273 0.00363636 0.36       0.62909091

MOTIF layer3_filter_10
letter-probability matrix: alength= 4 w= 9 
 0.24342105 0.06578947 0.26644737 0.42434211
 0.03947368 0.00328947 0.42105263 0.53618421
 0.04934211 0.23684211 0.20394737 0.50986842
 0.42105263 0.00328947 0.09868421 0.47697368
 0.05592105 0.00328947 0.01644737 0.92434211
 0.08881579 0.86513158 0.00328947 0.04276316
 0.08552632 0.68092105 0.01644737 0.21710526
 0.02960526 0.75328947 0.03618421 0.18092105
 0.08881579 0.75657895 0.04605263 0.10855263

MOTIF layer3_filter_13
letter-probability matrix: alength= 4 w= 9 
 0.41118421 0.06907895 0.47039474 0.04934211
 0.14144737 0.35855263 0.02960526 0.47039474
 0.00328947 0.36842105 0.00328947 0.625     
 0.00328947 0.87828947 0.04276316 0.07565789
 0.00328947 0.09539474 0.00328947 0.89802632
 0.20394737 0.18092105 0.05921053 0.55592105
 0.01644737 0.00328947 0.00328947 0.97697368
 0.39802632 0.26644737 0.16447368 0.17105263
 0.11513158 0.00328947 0.77302632 0.10855263

MOTIF layer3_filter_17
letter-probability matrix: alength= 4 w= 9 
 0.52173913 0.08695652 0.04347826 0.34782609
 0.08695652 0.04347826 0.34782609 0.52173913
 0.04347826 0.04347826 0.86956522 0.04347826
 0.04347826 0.04347826 0.04347826 0.86956522
 0.13043478 0.04347826 0.7826087  0.04347826
 0.04347826 0.69565217 0.04347826 0.2173913 
 0.86956522 0.04347826 0.04347826 0.04347826
 0.04347826 0.04347826 0.04347826 0.86956522
 0.04347826 0.04347826 0.86956522 0.04347826

MOTIF layer3_filter_20
letter-probability matrix: alength= 4 w= 9 
 0.34210526 0.11842105 0.09539474 0.44407895
 0.31578947 0.09539474 0.23355263 0.35526316
 0.00328947 0.00328947 0.00328947 0.99013158
 0.84868421 0.00328947 0.14473684 0.00328947
 0.35197368 0.00328947 0.64144737 0.00328947
 0.00328947 0.00328947 0.00328947 0.99013158
 0.42763158 0.00328947 0.56578947 0.00328947
 0.99013158 0.00328947 0.00328947 0.00328947
 0.00328947 0.01973684 0.00657895 0.97039474

MOTIF layer3_filter_21
letter-probability matrix: alength= 4 w= 9 
 0.12171053 0.34868421 0.25328947 0.27631579
 0.82894737 0.16447368 0.00328947 0.00328947
 0.51644737 0.01644737 0.11842105 0.34868421
 0.00328947 0.00328947 0.00328947 0.99013158
 0.01973684 0.00328947 0.00328947 0.97368421
 0.00328947 0.03947368 0.27960526 0.67763158
 0.07565789 0.34539474 0.56578947 0.01315789
 0.91776316 0.00657895 0.00328947 0.07236842
 0.00328947 0.00328947 0.10197368 0.89144737

MOTIF layer3_filter_22
letter-probability matrix: alength= 4 w= 9 
 0.09090909 0.09090909 0.72727273 0.09090909
 0.09090909 0.09090909 0.09090909 0.72727273
 0.09090909 0.09090909 0.72727273 0.09090909
 0.72727273 0.09090909 0.09090909 0.09090909
 0.09090909 0.09090909 0.09090909 0.72727273
 0.72727273 0.09090909 0.09090909 0.09090909
 0.72727273 0.09090909 0.09090909 0.09090909
 0.27272727 0.18181818 0.45454545 0.09090909
 0.09090909 0.09090909 0.45454545 0.36363636

MOTIF layer3_filter_23
letter-probability matrix: alength= 4 w= 9 
 0.5        0.05555556 0.31944444 0.125     
 0.00694444 0.00694444 0.38888889 0.59722222
 0.59722222 0.00694444 0.38888889 0.00694444
 0.00694444 0.02083333 0.03472222 0.9375    
 0.00694444 0.23611111 0.01388889 0.74305556
 0.06944444 0.00694444 0.00694444 0.91666667
 0.00694444 0.00694444 0.00694444 0.97916667
 0.70138889 0.00694444 0.28472222 0.00694444
 0.10416667 0.10416667 0.17361111 0.61805556

MOTIF layer3_filter_25
letter-probability matrix: alength= 4 w= 9 
 0.49275362 0.01449275 0.01449275 0.47826087
 0.8115942  0.15942029 0.01449275 0.01449275
 0.95652174 0.01449275 0.01449275 0.01449275
 0.01449275 0.07246377 0.01449275 0.89855072
 0.01449275 0.15942029 0.8115942  0.01449275
 0.95652174 0.01449275 0.01449275 0.01449275
 0.01449275 0.01449275 0.01449275 0.95652174
 0.01449275 0.01449275 0.95652174 0.01449275
 0.33333333 0.07246377 0.11594203 0.47826087

MOTIF layer3_filter_26
letter-probability matrix: alength= 4 w= 9 
 0.99013158 0.00328947 0.00328947 0.00328947
 0.03618421 0.00328947 0.00328947 0.95723684
 0.00328947 0.00328947 0.00328947 0.99013158
 0.91447368 0.00328947 0.07894737 0.00328947
 0.00328947 0.00328947 0.00328947 0.99013158
 0.00328947 0.12828947 0.00328947 0.86513158
 0.00328947 0.00328947 0.00328947 0.99013158
 0.52302632 0.00328947 0.03618421 0.4375    
 0.03618421 0.00328947 0.00328947 0.95723684

MOTIF layer3_filter_27
letter-probability matrix: alength= 4 w= 9 
 0.44745763 0.13559322 0.34237288 0.07457627
 0.73220339 0.06101695 0.20338983 0.00338983
 0.77627119 0.21694915 0.00338983 0.00338983
 0.43050847 0.00338983 0.00338983 0.56271186
 0.2440678  0.03389831 0.00338983 0.71864407
 0.17966102 0.04745763 0.00338983 0.76949153
 0.22372881 0.00338983 0.00338983 0.76949153
 0.00338983 0.00338983 0.00338983 0.98983051
 0.00338983 0.00338983 0.22372881 0.76949153

MOTIF layer3_filter_34
letter-probability matrix: alength= 4 w= 9 
 0.43537415 0.12244898 0.10204082 0.34013605
 0.03061224 0.8707483  0.08163265 0.0170068 
 0.0952381  0.0170068  0.00340136 0.88435374
 0.00340136 0.00340136 0.98979592 0.00340136
 0.01020408 0.16666667 0.00340136 0.81972789
 0.00340136 0.00340136 0.78571429 0.20748299
 0.00680272 0.03401361 0.00340136 0.95578231
 0.28231293 0.20408163 0.07823129 0.43537415
 0.13605442 0.05442177 0.22789116 0.58163265

MOTIF layer3_filter_35
letter-probability matrix: alength= 4 w= 9 
 0.22945205 0.11986301 0.00684932 0.64383562
 0.00342466 0.03767123 0.84931507 0.10958904
 0.43150685 0.00684932 0.30821918 0.25342466
 0.56506849 0.00342466 0.00342466 0.42808219
 0.00342466 0.00342466 0.42808219 0.56506849
 0.01712329 0.31506849 0.49315068 0.17465753
 0.18835616 0.27054795 0.53767123 0.00342466
 0.33561644 0.05136986 0.15068493 0.46232877
 0.64726027 0.15410959 0.07534247 0.12328767

MOTIF layer3_filter_38
letter-probability matrix: alength= 4 w= 9 
 0.8125     0.00657895 0.06578947 0.11513158
 0.73684211 0.24342105 0.00328947 0.01644737
 0.59868421 0.38815789 0.00328947 0.00986842
 0.89802632 0.00328947 0.02631579 0.07236842
 0.00328947 0.09539474 0.31907895 0.58223684
 0.36513158 0.02960526 0.01644737 0.58881579
 0.53947368 0.25657895 0.09539474 0.10855263
 0.00328947 0.05921053 0.05921053 0.87828947
 0.02960526 0.05263158 0.70065789 0.21710526

MOTIF layer3_filter_39
letter-probability matrix: alength= 4 w= 9 
 0.43092105 0.03289474 0.03618421 0.5       
 0.29276316 0.34868421 0.35526316 0.00328947
 0.32894737 0.06578947 0.60197368 0.00328947
 0.00328947 0.04276316 0.90131579 0.05263158
 0.88157895 0.00657895 0.00986842 0.10197368
 0.00328947 0.00328947 0.00328947 0.99013158
 0.00986842 0.13157895 0.00328947 0.85526316
 0.03947368 0.12828947 0.33881579 0.49342105
 0.03947368 0.10855263 0.42105263 0.43092105

MOTIF layer3_filter_52
letter-probability matrix: alength= 4 w= 9 
 0.58223684 0.19078947 0.13157895 0.09539474
 0.50328947 0.32236842 0.05263158 0.12171053
 0.00328947 0.00328947 0.00328947 0.99013158
 0.89802632 0.00657895 0.00328947 0.09210526
 0.09868421 0.00328947 0.89473684 0.00328947
 0.00328947 0.1875     0.53618421 0.27302632
 0.79934211 0.09210526 0.01973684 0.08881579
 0.26644737 0.08223684 0.125      0.52631579
 0.02960526 0.47697368 0.00328947 0.49013158

MOTIF layer3_filter_54
letter-probability matrix: alength= 4 w= 9 
 0.27960526 0.03289474 0.28289474 0.40460526
 0.00328947 0.19407895 0.18092105 0.62171053
 0.05263158 0.01973684 0.50657895 0.42105263
 0.00328947 0.00328947 0.00328947 0.99013158
 0.52960526 0.00328947 0.46381579 0.00328947
 0.61184211 0.00328947 0.38157895 0.00328947
 0.43092105 0.08881579 0.19078947 0.28947368
 0.34210526 0.34868421 0.14144737 0.16776316
 0.28289474 0.51315789 0.04605263 0.15789474

MOTIF layer3_filter_57
letter-probability matrix: alength= 4 w= 9 
 0.00757576 0.3030303  0.02272727 0.66666667
 0.50757576 0.13636364 0.04545455 0.31060606
 0.04545455 0.03030303 0.09848485 0.82575758
 0.00757576 0.00757576 0.00757576 0.97727273
 0.00757576 0.00757576 0.00757576 0.97727273
 0.97727273 0.00757576 0.00757576 0.00757576
 0.00757576 0.48484848 0.00757576 0.5       
 0.10606061 0.81818182 0.06818182 0.00757576
 0.12878788 0.00757576 0.23484848 0.62878788

MOTIF layer3_filter_58
letter-probability matrix: alength= 4 w= 9 
 0.01265823 0.0443038  0.10759494 0.83544304
 0.2278481  0.00632911 0.15189873 0.61392405
 0.67721519 0.2721519  0.01898734 0.03164557
 0.08227848 0.41139241 0.00632911 0.5       
 0.70253165 0.08860759 0.15189873 0.05696203
 0.41772152 0.00632911 0.56962025 0.00632911
 0.43670886 0.00632911 0.55063291 0.00632911
 0.00632911 0.03164557 0.90506329 0.05696203
 0.63291139 0.06329114 0.29746835 0.00632911

MOTIF layer3_filter_61
letter-probability matrix: alength= 4 w= 9 
 0.13486842 0.25657895 0.11842105 0.49013158
 0.43092105 0.29276316 0.05592105 0.22039474
 0.45723684 0.09868421 0.22039474 0.22368421
 0.11513158 0.32565789 0.55592105 0.00328947
 0.19736842 0.10855263 0.15789474 0.53618421
 0.00986842 0.03947368 0.46052632 0.49013158
 0.07565789 0.78289474 0.10526316 0.03618421
 0.30921053 0.11842105 0.00328947 0.56907895
 0.30592105 0.02631579 0.64144737 0.02631579

MOTIF layer3_filter_64
letter-probability matrix: alength= 4 w= 9 
 0.44407895 0.37828947 0.10197368 0.07565789
 0.44736842 0.00328947 0.54605263 0.00328947
 0.65131579 0.08223684 0.13157895 0.13486842
 0.74013158 0.03618421 0.00328947 0.22039474
 0.48684211 0.11842105 0.01315789 0.38157895
 0.09210526 0.85855263 0.00328947 0.04605263
 0.21052632 0.01315789 0.75       0.02631579
 0.60197368 0.13486842 0.00328947 0.25986842
 0.31578947 0.33881579 0.18092105 0.16447368

MOTIF layer3_filter_67
letter-probability matrix: alength= 4 w= 9 
 0.24579125 0.15824916 0.04040404 0.55555556
 0.04377104 0.67676768 0.003367   0.27609428
 0.94612795 0.003367   0.003367   0.04713805
 0.00673401 0.02356902 0.96632997 0.003367  
 0.85521886 0.003367   0.003367   0.13804714
 0.003367   0.003367   0.98989899 0.003367  
 0.92929293 0.02020202 0.04040404 0.01010101
 0.40740741 0.07070707 0.21212121 0.30976431
 0.46801347 0.07070707 0.03703704 0.42424242

MOTIF layer3_filter_68
letter-probability matrix: alength= 4 w= 9 
 0.27960526 0.22039474 0.17105263 0.32894737
 0.35526316 0.27960526 0.1875     0.17763158
 0.00328947 0.00328947 0.00328947 0.99013158
 0.96052632 0.00328947 0.03289474 0.00328947
 0.5        0.00328947 0.49342105 0.00328947
 0.00328947 0.00328947 0.00328947 0.99013158
 0.55592105 0.00328947 0.4375     0.00328947
 0.55592105 0.00328947 0.4375     0.00328947
 0.32236842 0.11184211 0.32894737 0.23684211

MOTIF layer3_filter_70
letter-probability matrix: alength= 4 w= 9 
 0.06375839 0.17114094 0.0738255  0.69127517
 0.05033557 0.17449664 0.15771812 0.61744966
 0.72147651 0.02013423 0.18791946 0.0704698 
 0.95637584 0.0033557  0.03355705 0.00671141
 0.31543624 0.0033557  0.0033557  0.67785235
 0.0033557  0.0033557  0.0033557  0.98993289
 0.0033557  0.0033557  0.0033557  0.98993289
 0.06711409 0.0033557  0.9261745  0.0033557 
 0.58053691 0.00671141 0.08389262 0.32885906

MOTIF layer3_filter_82
letter-probability matrix: alength= 4 w= 9 
 0.03571429 0.21428571 0.03571429 0.71428571
 0.10714286 0.10714286 0.75       0.03571429
 0.07142857 0.25       0.57142857 0.10714286
 0.82142857 0.07142857 0.03571429 0.07142857
 0.03571429 0.07142857 0.07142857 0.82142857
 0.07142857 0.03571429 0.82142857 0.07142857
 0.42857143 0.5        0.03571429 0.03571429
 0.03571429 0.03571429 0.5        0.42857143
 0.28571429 0.25       0.42857143 0.03571429

MOTIF layer3_filter_86
letter-probability matrix: alength= 4 w= 9 
 0.33445946 0.39864865 0.00337838 0.26351351
 0.11824324 0.71959459 0.04391892 0.11824324
 0.0472973  0.13851351 0.05067568 0.76351351
 0.01689189 0.00337838 0.91554054 0.06418919
 0.0777027  0.88513514 0.03040541 0.00675676
 0.18243243 0.58445946 0.00337838 0.22972973
 0.00337838 0.00337838 0.40202703 0.59121622
 0.14189189 0.75       0.10472973 0.00337838
 0.35135135 0.0472973  0.30405405 0.2972973 

MOTIF layer3_filter_87
letter-probability matrix: alength= 4 w= 9 
 0.34090909 0.43181818 0.00454545 0.22272727
 0.17272727 0.00454545 0.29545455 0.52727273
 0.7        0.00909091 0.09545455 0.19545455
 0.00454545 0.98636364 0.00454545 0.00454545
 0.00454545 0.00454545 0.88181818 0.10909091
 0.37727273 0.11818182 0.00909091 0.49545455
 0.06818182 0.20909091 0.04090909 0.68181818
 0.24090909 0.00454545 0.20454545 0.55      
 0.29545455 0.2        0.15909091 0.34545455

MOTIF layer3_filter_91
letter-probability matrix: alength= 4 w= 9 
 0.4141791  0.03358209 0.4141791  0.1380597 
 0.05970149 0.06343284 0.53731343 0.33955224
 0.46268657 0.43656716 0.06716418 0.03358209
 0.98134328 0.01119403 0.00373134 0.00373134
 0.95149254 0.04104478 0.00373134 0.00373134
 0.94776119 0.00373134 0.02238806 0.0261194 
 0.86940299 0.00373134 0.00373134 0.12313433
 0.00373134 0.00373134 0.00373134 0.98880597
 0.00373134 0.05597015 0.81716418 0.12313433

MOTIF layer3_filter_93
letter-probability matrix: alength= 4 w= 9 
 0.05263158 0.05263158 0.84210526 0.05263158
 0.05263158 0.84210526 0.05263158 0.05263158
 0.05263158 0.05263158 0.84210526 0.05263158
 0.05263158 0.36842105 0.05263158 0.52631579
 0.05263158 0.31578947 0.26315789 0.36842105
 0.63157895 0.05263158 0.26315789 0.05263158
 0.05263158 0.26315789 0.05263158 0.63157895
 0.05263158 0.05263158 0.63157895 0.26315789
 0.05263158 0.05263158 0.47368421 0.42105263

MOTIF layer3_filter_95
letter-probability matrix: alength= 4 w= 9 
 0.19078947 0.03289474 0.00328947 0.77302632
 0.00986842 0.02631579 0.66776316 0.29605263
 0.08552632 0.01315789 0.00328947 0.89802632
 0.05263158 0.09539474 0.25657895 0.59539474
 0.03947368 0.14473684 0.00328947 0.8125    
 0.00328947 0.90789474 0.08552632 0.00328947
 0.47368421 0.09539474 0.00657895 0.42434211
 0.91776316 0.00328947 0.02631579 0.05263158
 0.00328947 0.00328947 0.16118421 0.83223684

MOTIF layer3_filter_96
letter-probability matrix: alength= 4 w= 9 
 0.71586716 0.04797048 0.02583026 0.2103321 
 0.69741697 0.14391144 0.00369004 0.15498155
 0.0295203  0.04059041 0.66789668 0.26199262
 0.67158672 0.11808118 0.07749077 0.13284133
 0.69741697 0.00369004 0.00369004 0.29520295
 0.49077491 0.05166052 0.42804428 0.0295203 
 0.94464945 0.00369004 0.04797048 0.00369004
 0.7896679  0.00369004 0.00369004 0.20295203
 0.68634686 0.04797048 0.00369004 0.26199262

MOTIF layer3_filter_102
letter-probability matrix: alength= 4 w= 9 
 0.05921053 0.00986842 0.02960526 0.90131579
 0.00328947 0.05921053 0.00328947 0.93421053
 0.20394737 0.00328947 0.20065789 0.59210526
 0.00328947 0.00328947 0.20065789 0.79276316
 0.91776316 0.07565789 0.00328947 0.00328947
 0.00328947 0.00328947 0.07565789 0.91776316
 0.00328947 0.05592105 0.00986842 0.93092105
 0.01315789 0.02960526 0.00328947 0.95394737
 0.00657895 0.08881579 0.00328947 0.90131579

MOTIF layer3_filter_106
letter-probability matrix: alength= 4 w= 9 
 0.35526316 0.01315789 0.17763158 0.45394737
 0.00328947 0.99013158 0.00328947 0.00328947
 0.00328947 0.00328947 0.00328947 0.99013158
 0.00328947 0.00328947 0.99013158 0.00328947
 0.00328947 0.04276316 0.40460526 0.54934211
 0.00328947 0.00328947 0.23026316 0.76315789
 0.25657895 0.17434211 0.00328947 0.56578947
 0.14144737 0.05592105 0.00328947 0.79934211
 0.07236842 0.35855263 0.03618421 0.53289474

MOTIF layer3_filter_107
letter-probability matrix: alength= 4 w= 9 
 0.00657895 0.08552632 0.32894737 0.57894737
 0.00328947 0.00328947 0.00328947 0.99013158
 0.68092105 0.00328947 0.3125     0.00328947
 0.70394737 0.00328947 0.28947368 0.00328947
 0.00328947 0.00328947 0.00328947 0.99013158
 0.9375     0.00328947 0.05592105 0.00328947
 0.40460526 0.00328947 0.58881579 0.00328947
 0.36842105 0.05263158 0.03289474 0.54605263
 0.16447368 0.15131579 0.41447368 0.26973684

MOTIF layer3_filter_108
letter-probability matrix: alength= 4 w= 9 
 0.04934211 0.1875     0.65460526 0.10855263
 0.24342105 0.50986842 0.16776316 0.07894737
 0.11513158 0.85526316 0.02631579 0.00328947
 0.99013158 0.00328947 0.00328947 0.00328947
 0.27960526 0.20723684 0.20723684 0.30592105
 0.29605263 0.1875     0.11513158 0.40131579
 0.81907895 0.00328947 0.13815789 0.03947368
 0.17434211 0.00328947 0.00328947 0.81907895
 0.00657895 0.00328947 0.96052632 0.02960526

MOTIF layer3_filter_109
letter-probability matrix: alength= 4 w= 9 
 0.43367347 0.10204082 0.43877551 0.0255102 
 0.00510204 0.00510204 0.56632653 0.42346939
 0.32142857 0.00510204 0.00510204 0.66836735
 0.00510204 0.00510204 0.21938776 0.77040816
 0.41836735 0.01530612 0.00510204 0.56122449
 0.54081633 0.19897959 0.00510204 0.25510204
 0.25       0.06122449 0.00510204 0.68367347
 0.62755102 0.02040816 0.30102041 0.05102041
 0.7244898  0.08163265 0.05102041 0.14285714

MOTIF layer3_filter_110
letter-probability matrix: alength= 4 w= 9 
 0.05555556 0.05555556 0.61111111 0.27777778
 0.05555556 0.05555556 0.16666667 0.72222222
 0.22222222 0.05555556 0.66666667 0.05555556
 0.22222222 0.05555556 0.66666667 0.05555556
 0.05555556 0.83333333 0.05555556 0.05555556
 0.05555556 0.83333333 0.05555556 0.05555556
 0.05555556 0.05555556 0.83333333 0.05555556
 0.83333333 0.05555556 0.05555556 0.05555556
 0.11111111 0.05555556 0.77777778 0.05555556

MOTIF layer3_filter_114
letter-probability matrix: alength= 4 w= 9 
 0.29961089 0.05836576 0.307393   0.33463035
 0.25291829 0.24124514 0.13618677 0.36964981
 0.15564202 0.28793774 0.10894942 0.44747082
 0.07003891 0.0077821  0.3385214  0.58365759
 0.08560311 0.01167315 0.47859922 0.42412451
 0.54863813 0.43968872 0.00389105 0.0077821 
 0.00389105 0.19066148 0.00389105 0.80155642
 0.6848249  0.00389105 0.02723735 0.28404669
 0.87548638 0.02723735 0.08949416 0.0077821 

MOTIF layer3_filter_115
letter-probability matrix: alength= 4 w= 9 
 0.17434211 0.08223684 0.04605263 0.69736842
 0.18421053 0.00328947 0.36184211 0.45065789
 0.02960526 0.01973684 0.10526316 0.84539474
 0.07236842 0.00328947 0.16118421 0.76315789
 0.08552632 0.08881579 0.15131579 0.67434211
 0.50657895 0.01973684 0.09210526 0.38157895
 0.5        0.00657895 0.00328947 0.49013158
 0.00657895 0.00328947 0.47368421 0.51644737
 0.04605263 0.06907895 0.57236842 0.3125    

MOTIF layer3_filter_116
letter-probability matrix: alength= 4 w= 9 
 0.14569536 0.2781457  0.41721854 0.1589404 
 0.46357616 0.01324503 0.49006623 0.03311258
 0.12582781 0.00662252 0.37748344 0.49006623
 0.00662252 0.35761589 0.50331126 0.13245033
 0.00662252 0.00662252 0.00662252 0.98013245
 0.70860927 0.00662252 0.2781457  0.00662252
 0.50993377 0.00662252 0.47682119 0.00662252
 0.40397351 0.01324503 0.52317881 0.05960265
 0.0397351  0.33112583 0.45695364 0.17218543

MOTIF layer3_filter_117
letter-probability matrix: alength= 4 w= 9 
 0.00328947 0.00328947 0.00328947 0.99013158
 0.00328947 0.00328947 0.00328947 0.99013158
 0.00328947 0.00328947 0.00328947 0.99013158
 0.00328947 0.00328947 0.00328947 0.99013158
 0.00328947 0.00328947 0.00328947 0.99013158
 0.00328947 0.00328947 0.00328947 0.99013158
 0.00328947 0.00328947 0.00328947 0.99013158
 0.00328947 0.00328947 0.99013158 0.00328947
 0.00328947 0.00328947 0.57236842 0.42105263

MOTIF layer3_filter_119
letter-probability matrix: alength= 4 w= 9 
 0.00328947 0.00328947 0.00328947 0.99013158
 0.81578947 0.00328947 0.17763158 0.00328947
 0.18092105 0.00328947 0.8125     0.00328947
 0.00328947 0.00328947 0.00328947 0.99013158
 0.43421053 0.00328947 0.55921053 0.00328947
 0.76315789 0.00328947 0.23026316 0.00328947
 0.36184211 0.13157895 0.17434211 0.33223684
 0.31578947 0.21052632 0.13157895 0.34210526
 0.18421053 0.20394737 0.16776316 0.44407895

MOTIF layer3_filter_122
letter-probability matrix: alength= 4 w= 9 
 0.00328947 0.04276316 0.09868421 0.85526316
 0.00328947 0.0625     0.00328947 0.93092105
 0.00328947 0.13815789 0.01644737 0.84210526
 0.00328947 0.00328947 0.00328947 0.99013158
 0.72368421 0.00328947 0.26973684 0.00328947
 0.84539474 0.00328947 0.14802632 0.00328947
 0.47697368 0.00328947 0.00328947 0.51644737
 0.59539474 0.02631579 0.02631579 0.35197368
 0.23684211 0.03289474 0.04276316 0.6875    

MOTIF layer3_filter_123
letter-probability matrix: alength= 4 w= 9 
 0.00613497 0.00613497 0.00613497 0.98159509
 0.96932515 0.00613497 0.01840491 0.00613497
 0.01840491 0.00613497 0.96932515 0.00613497
 0.00613497 0.00613497 0.00613497 0.98159509
 0.04907975 0.00613497 0.93865031 0.00613497
 0.94478528 0.00613497 0.04294479 0.00613497
 0.33128834 0.08588957 0.12883436 0.45398773
 0.41717791 0.09202454 0.0797546  0.41104294
 0.33742331 0.11042945 0.2208589  0.33128834

MOTIF layer3_filter_125
letter-probability matrix: alength= 4 w= 9 
 0.74558304 0.01766784 0.13074205 0.10600707
 0.26855124 0.06360424 0.34628975 0.32155477
 0.81625442 0.01766784 0.16254417 0.00353357
 0.00353357 0.00353357 0.62190813 0.37102473
 0.00353357 0.18021201 0.00353357 0.81272085
 0.21908127 0.01766784 0.62897527 0.13427562
 0.06360424 0.25795053 0.00353357 0.67491166
 0.44169611 0.30388693 0.01060071 0.24381625
 0.24381625 0.01060071 0.03886926 0.70671378

MOTIF layer3_filter_126
letter-probability matrix: alength= 4 w= 9 
 0.32894737 0.26315789 0.03947368 0.36842105
 0.00328947 0.48684211 0.43421053 0.07565789
 0.02960526 0.00657895 0.00328947 0.96052632
 0.00328947 0.17105263 0.00328947 0.82236842
 0.02302632 0.02302632 0.00328947 0.95065789
 0.48355263 0.04276316 0.00986842 0.46381579
 0.96052632 0.03289474 0.00328947 0.00328947
 0.10197368 0.21710526 0.02302632 0.65789474
 0.44407895 0.33223684 0.00328947 0.22039474

MOTIF layer3_filter_129
letter-probability matrix: alength= 4 w= 9 
 0.15686275 0.61437908 0.16993464 0.05882353
 0.86928105 0.0130719  0.00653595 0.11111111
 0.24836601 0.48366013 0.19607843 0.07189542
 0.10457516 0.39869281 0.00653595 0.49019608
 0.94117647 0.00653595 0.01960784 0.03267974
 0.00653595 0.01960784 0.38562092 0.58823529
 0.04575163 0.00653595 0.01960784 0.92810458
 0.00653595 0.01960784 0.95424837 0.01960784
 0.69934641 0.00653595 0.06535948 0.22875817

MOTIF layer3_filter_130
letter-probability matrix: alength= 4 w= 9 
 0.11184211 0.19407895 0.28947368 0.40460526
 0.52302632 0.37828947 0.02960526 0.06907895
 0.56578947 0.01315789 0.00328947 0.41776316
 0.23026316 0.00328947 0.29605263 0.47039474
 0.41776316 0.01315789 0.00328947 0.56578947
 0.11184211 0.02960526 0.00328947 0.85526316
 0.07236842 0.27960526 0.49013158 0.15789474
 0.65789474 0.31907895 0.00328947 0.01973684
 0.26315789 0.05592105 0.0625     0.61842105

MOTIF layer3_filter_131
letter-probability matrix: alength= 4 w= 9 
 0.13793103 0.03448276 0.51724138 0.31034483
 0.03448276 0.89655172 0.03448276 0.03448276
 0.03448276 0.03448276 0.89655172 0.03448276
 0.03448276 0.03448276 0.03448276 0.89655172
 0.89655172 0.03448276 0.03448276 0.03448276
 0.89655172 0.03448276 0.03448276 0.03448276
 0.03448276 0.06896552 0.72413793 0.17241379
 0.34482759 0.31034483 0.31034483 0.03448276
 0.27586207 0.10344828 0.51724138 0.10344828

MOTIF layer3_filter_133
letter-probability matrix: alength= 4 w= 9 
 0.41118421 0.21710526 0.08552632 0.28618421
 0.375      0.23026316 0.02631579 0.36842105
 0.00657895 0.59868421 0.00328947 0.39144737
 0.55263158 0.15460526 0.28618421 0.00657895
 0.32894737 0.23026316 0.27960526 0.16118421
 0.91776316 0.01315789 0.00328947 0.06578947
 0.07565789 0.01644737 0.05921053 0.84868421
 0.09210526 0.04605263 0.85526316 0.00657895
 0.02631579 0.26973684 0.03947368 0.66447368

MOTIF layer3_filter_137
letter-probability matrix: alength= 4 w= 9 
 0.08934708 0.5257732  0.0652921  0.31958763
 0.03780069 0.42611684 0.02061856 0.51546392
 0.27835052 0.3024055  0.35395189 0.0652921 
 0.00343643 0.03092784 0.00343643 0.96219931
 0.00343643 0.00343643 0.14776632 0.84536082
 0.13402062 0.03780069 0.82474227 0.00343643
 0.09965636 0.00343643 0.7628866  0.13402062
 0.37457045 0.50171821 0.02405498 0.09965636
 0.00343643 0.02405498 0.61168385 0.36082474

MOTIF layer3_filter_139
letter-probability matrix: alength= 4 w= 9 
 0.98884758 0.00371747 0.00371747 0.00371747
 0.91078067 0.00371747 0.00743494 0.07806691
 0.01858736 0.00371747 0.00371747 0.9739777 
 0.00371747 0.00371747 0.00371747 0.98884758
 0.00371747 0.00371747 0.10780669 0.88475836
 0.39776952 0.06319703 0.53159851 0.00743494
 0.51672862 0.18587361 0.20817844 0.08921933
 0.21561338 0.08550186 0.32342007 0.37546468
 0.21933086 0.133829   0.24535316 0.40148699

MOTIF layer3_filter_142
letter-probability matrix: alength= 4 w= 9 
 0.48076923 0.12692308 0.20769231 0.18461538
 0.05384615 0.11923077 0.57307692 0.25384615
 0.64230769 0.10769231 0.06153846 0.18846154
 0.00384615 0.46923077 0.52307692 0.00384615
 0.49230769 0.02307692 0.48076923 0.00384615
 0.00384615 0.00384615 0.00384615 0.98846154
 0.00384615 0.00384615 0.00384615 0.98846154
 0.00384615 0.00384615 0.00384615 0.98846154
 0.00769231 0.00384615 0.06153846 0.92692308

MOTIF layer3_filter_144
letter-probability matrix: alength= 4 w= 9 
 0.41836735 0.31292517 0.13265306 0.13605442
 0.46938776 0.17006803 0.20748299 0.15306122
 0.25170068 0.44897959 0.18367347 0.11564626
 0.15646259 0.47278912 0.36734694 0.00340136
 0.13605442 0.55102041 0.00340136 0.30952381
 0.51360544 0.46258503 0.02040816 0.00340136
 0.39795918 0.11564626 0.09183673 0.39455782
 0.23469388 0.63265306 0.05782313 0.07482993
 0.72789116 0.20408163 0.03401361 0.03401361

MOTIF layer3_filter_150
letter-probability matrix: alength= 4 w= 9 
 0.14473684 0.09539474 0.17763158 0.58223684
 0.07565789 0.07894737 0.15460526 0.69078947
 0.00328947 0.00328947 0.00328947 0.99013158
 0.27631579 0.00328947 0.27960526 0.44078947
 0.39802632 0.00328947 0.15789474 0.44078947
 0.34539474 0.00328947 0.00328947 0.64802632
 0.00328947 0.21052632 0.44078947 0.34539474
 0.00328947 0.00328947 0.35197368 0.64144737
 0.19078947 0.13486842 0.09868421 0.57565789

MOTIF layer3_filter_154
letter-probability matrix: alength= 4 w= 9 
 0.18584071 0.13274336 0.15044248 0.53097345
 0.05309735 0.2920354  0.21238938 0.44247788
 0.97345133 0.00884956 0.00884956 0.00884956
 0.7699115  0.11504425 0.07079646 0.04424779
 0.15044248 0.04424779 0.00884956 0.79646018
 0.89380531 0.04424779 0.00884956 0.05309735
 0.00884956 0.00884956 0.05309735 0.92920354
 0.00884956 0.00884956 0.94690265 0.03539823
 0.28318584 0.10619469 0.22123894 0.38938053

MOTIF layer3_filter_155
letter-probability matrix: alength= 4 w= 9 
 0.00986842 0.09210526 0.00328947 0.89473684
 0.14802632 0.00328947 0.00328947 0.84539474
 0.14802632 0.00328947 0.00328947 0.84539474
 0.00328947 0.03947368 0.00328947 0.95394737
 0.03618421 0.00328947 0.8125     0.14802632
 0.00328947 0.29605263 0.50328947 0.19736842
 0.62171053 0.00986842 0.07894737 0.28947368
 0.62171053 0.00328947 0.1875     0.1875    
 0.41447368 0.00328947 0.00657895 0.57565789

MOTIF layer3_filter_158
letter-probability matrix: alength= 4 w= 9 
 0.00328947 0.00328947 0.00328947 0.99013158
 0.00328947 0.00328947 0.00328947 0.99013158
 0.00328947 0.00328947 0.00328947 0.99013158
 0.00328947 0.00328947 0.00328947 0.99013158
 0.00328947 0.00328947 0.00328947 0.99013158
 0.00328947 0.00328947 0.00328947 0.99013158
 0.00328947 0.00328947 0.00328947 0.99013158
 0.32565789 0.00328947 0.00328947 0.66776316
 0.32565789 0.66776316 0.00328947 0.00328947

MOTIF layer3_filter_160
letter-probability matrix: alength= 4 w= 9 
 0.16447368 0.01315789 0.10197368 0.72039474
 0.01644737 0.10197368 0.38815789 0.49342105
 0.00328947 0.00328947 0.00328947 0.99013158
 0.59210526 0.00328947 0.40131579 0.00328947
 0.73684211 0.00328947 0.25657895 0.00328947
 0.00328947 0.00328947 0.00328947 0.99013158
 0.84539474 0.00328947 0.14802632 0.00328947
 0.30592105 0.00328947 0.6875     0.00328947
 0.34868421 0.03947368 0.07894737 0.53289474

MOTIF layer3_filter_161
letter-probability matrix: alength= 4 w= 9 
 0.06574394 0.20761246 0.34948097 0.37716263
 0.00692042 0.37370242 0.17301038 0.44636678
 0.13148789 0.36678201 0.49480969 0.00692042
 0.00346021 0.00346021 0.74394464 0.24913495
 0.62629758 0.01384083 0.04152249 0.3183391 
 0.03114187 0.00346021 0.7266436  0.23875433
 0.68512111 0.00346021 0.14532872 0.16608997
 0.15224913 0.03460208 0.43944637 0.37370242
 0.76816609 0.02076125 0.08304498 0.12802768

MOTIF layer3_filter_172
letter-probability matrix: alength= 4 w= 9 
 0.32302405 0.12027491 0.5395189  0.01718213
 0.2371134  0.00343643 0.37457045 0.38487973
 0.21305842 0.0137457  0.65292096 0.12027491
 0.00343643 0.00343643 0.00343643 0.98969072
 0.36082474 0.61168385 0.00343643 0.02405498
 0.5395189  0.00343643 0.09621993 0.36082474
 0.05841924 0.5395189  0.19587629 0.20618557
 0.00343643 0.52233677 0.37113402 0.10309278
 0.63230241 0.00343643 0.34364261 0.02061856

MOTIF layer3_filter_175
letter-probability matrix: alength= 4 w= 9 
 0.50328947 0.02631579 0.44736842 0.02302632
 0.00328947 0.00328947 0.00328947 0.99013158
 0.34868421 0.00328947 0.64473684 0.00328947
 0.71710526 0.00328947 0.27631579 0.00328947
 0.00328947 0.00328947 0.00328947 0.99013158
 0.51973684 0.00328947 0.47368421 0.00328947
 0.68092105 0.00328947 0.3125     0.00328947
 0.24013158 0.10855263 0.19736842 0.45394737
 0.3125     0.26315789 0.17763158 0.24671053

MOTIF layer3_filter_179
letter-probability matrix: alength= 4 w= 9 
 0.19594595 0.30405405 0.30067568 0.19932432
 0.00675676 0.10810811 0.11486486 0.77027027
 0.13851351 0.00337838 0.47635135 0.38175676
 0.12162162 0.01689189 0.30067568 0.56081081
 0.27364865 0.16891892 0.20608108 0.35135135
 0.31756757 0.11486486 0.10472973 0.46283784
 0.44256757 0.01013514 0.2027027  0.34459459
 0.03040541 0.26689189 0.26013514 0.44256757
 0.125      0.16554054 0.55405405 0.15540541

MOTIF layer3_filter_182
letter-probability matrix: alength= 4 w= 9 
 0.23684211 0.03618421 0.41447368 0.3125    
 0.05263158 0.00328947 0.125      0.81907895
 0.10855263 0.12171053 0.48684211 0.28289474
 0.00328947 0.35197368 0.21710526 0.42763158
 0.00328947 0.11184211 0.04934211 0.83552632
 0.00328947 0.00328947 0.13157895 0.86184211
 0.07565789 0.05921053 0.86184211 0.00328947
 0.65789474 0.14802632 0.00328947 0.19078947
 0.00328947 0.23026316 0.03289474 0.73355263

MOTIF layer3_filter_186
letter-probability matrix: alength= 4 w= 9 
 0.09210526 0.04276316 0.74342105 0.12171053
 0.17105263 0.10855263 0.36513158 0.35526316
 0.15789474 0.26644737 0.03947368 0.53618421
 0.3125     0.29934211 0.07565789 0.3125    
 0.07236842 0.30592105 0.11184211 0.50986842
 0.02960526 0.875      0.08881579 0.00657895
 0.14473684 0.38486842 0.45394737 0.01644737
 0.89802632 0.01644737 0.04605263 0.03947368
 0.04605263 0.05592105 0.01315789 0.88486842

MOTIF layer3_filter_187
letter-probability matrix: alength= 4 w= 9 
 0.02960526 0.00328947 0.00328947 0.96381579
 0.18421053 0.00986842 0.10197368 0.70394737
 0.07565789 0.00328947 0.84210526 0.07894737
 0.05921053 0.33881579 0.53618421 0.06578947
 0.83881579 0.09210526 0.06578947 0.00328947
 0.89473684 0.02631579 0.00328947 0.07565789
 0.00986842 0.00657895 0.06907895 0.91447368
 0.14144737 0.17763158 0.37828947 0.30263158
 0.28618421 0.00657895 0.07565789 0.63157895

MOTIF layer3_filter_189
letter-probability matrix: alength= 4 w= 9 
 0.01731602 0.61038961 0.10822511 0.26406926
 0.03896104 0.0952381  0.73593074 0.12987013
 0.04329004 0.20779221 0.71861472 0.03030303
 0.91341991 0.03030303 0.01298701 0.04329004
 0.77489177 0.06060606 0.13852814 0.02597403
 0.00865801 0.05194805 0.06060606 0.87878788
 0.31168831 0.02164502 0.03896104 0.62770563
 0.06493506 0.06060606 0.004329   0.87012987
 0.66666667 0.1991342  0.06060606 0.07359307

MOTIF layer3_filter_190
letter-probability matrix: alength= 4 w= 9 
 0.15384615 0.05494505 0.03296703 0.75824176
 0.01098901 0.0989011  0.01098901 0.87912088
 0.65934066 0.13186813 0.15384615 0.05494505
 0.01098901 0.04395604 0.23076923 0.71428571
 0.15384615 0.01098901 0.82417582 0.01098901
 0.01098901 0.82417582 0.01098901 0.15384615
 0.01098901 0.01098901 0.15384615 0.82417582
 0.20879121 0.05494505 0.01098901 0.72527473
 0.18681319 0.04395604 0.28571429 0.48351648

MOTIF layer3_filter_191
letter-probability matrix: alength= 4 w= 9 
 0.11764706 0.24064171 0.00534759 0.63636364
 0.00534759 0.00534759 0.98395722 0.00534759
 0.00534759 0.04812834 0.00534759 0.94117647
 0.00534759 0.04278075 0.71657754 0.23529412
 0.03743316 0.00534759 0.18181818 0.77540107
 0.03208556 0.00534759 0.95721925 0.00534759
 0.00534759 0.05882353 0.10695187 0.82887701
 0.38502674 0.0802139  0.17112299 0.36363636
 0.04812834 0.00534759 0.06417112 0.88235294

MOTIF layer3_filter_192
letter-probability matrix: alength= 4 w= 9 
 0.39473684 0.13815789 0.01644737 0.45065789
 0.25986842 0.09539474 0.19736842 0.44736842
 0.00657895 0.45723684 0.00328947 0.53289474
 0.00328947 0.38815789 0.10526316 0.50328947
 0.30921053 0.12828947 0.44407895 0.11842105
 0.24671053 0.32894737 0.10855263 0.31578947
 0.44407895 0.00328947 0.00328947 0.54934211
 0.00328947 0.00328947 0.24671053 0.74671053
 0.01644737 0.00328947 0.55263158 0.42763158

MOTIF layer3_filter_194
letter-probability matrix: alength= 4 w= 9 
 0.59539474 0.19407895 0.05263158 0.15789474
 0.05263158 0.03289474 0.85197368 0.0625    
 0.07565789 0.04934211 0.15460526 0.72039474
 0.00328947 0.12828947 0.37171053 0.49671053
 0.38815789 0.00328947 0.25986842 0.34868421
 0.32894737 0.03947368 0.10526316 0.52631579
 0.22368421 0.04276316 0.01644737 0.71710526
 0.07565789 0.00328947 0.25       0.67105263
 0.1875     0.02960526 0.34539474 0.4375    

MOTIF layer3_filter_195
letter-probability matrix: alength= 4 w= 9 
 0.21428571 0.03928571 0.63928571 0.10714286
 0.00357143 0.00357143 0.84285714 0.15      
 0.32857143 0.01428571 0.07857143 0.57857143
 0.025      0.00357143 0.475      0.49642857
 0.00357143 0.1        0.00357143 0.89285714
 0.00357143 0.36071429 0.00357143 0.63214286
 0.425      0.38214286 0.125      0.06785714
 0.22142857 0.22142857 0.04285714 0.51428571
 0.03571429 0.27142857 0.425      0.26785714

MOTIF layer3_filter_207
letter-probability matrix: alength= 4 w= 9 
 0.00328947 0.84868421 0.00328947 0.14473684
 0.00328947 0.99013158 0.00328947 0.00328947
 0.00328947 0.99013158 0.00328947 0.00328947
 0.00328947 0.99013158 0.00328947 0.00328947
 0.00328947 0.99013158 0.00328947 0.00328947
 0.00328947 0.99013158 0.00328947 0.00328947
 0.0625     0.75328947 0.04276316 0.14144737
 0.13815789 0.52960526 0.15789474 0.17434211
 0.16776316 0.67434211 0.10855263 0.04934211

MOTIF layer3_filter_209
letter-probability matrix: alength= 4 w= 9 
 0.34868421 0.03947368 0.03618421 0.57565789
 0.09868421 0.49342105 0.04934211 0.35855263
 0.21381579 0.74013158 0.01973684 0.02631579
 0.06578947 0.08552632 0.83552632 0.01315789
 0.00986842 0.00328947 0.03289474 0.95394737
 0.04605263 0.00328947 0.00328947 0.94736842
 0.00328947 0.02960526 0.3125     0.65460526
 0.00328947 0.01973684 0.45723684 0.51973684
 0.28947368 0.25       0.34539474 0.11513158

MOTIF layer3_filter_210
letter-probability matrix: alength= 4 w= 9 
 0.67763158 0.00328947 0.12828947 0.19078947
 0.00328947 0.06907895 0.00328947 0.92434211
 0.23684211 0.03947368 0.1875     0.53618421
 0.00328947 0.00328947 0.00328947 0.99013158
 0.91776316 0.00328947 0.07565789 0.00328947
 0.86842105 0.00328947 0.125      0.00328947
 0.05592105 0.08881579 0.13157895 0.72368421
 0.18421053 0.04276316 0.03618421 0.73684211
 0.14802632 0.03289474 0.05263158 0.76644737

MOTIF layer3_filter_214
letter-probability matrix: alength= 4 w= 9 
 0.14473684 0.15131579 0.21381579 0.49013158
 0.00328947 0.12828947 0.01973684 0.84868421
 0.06907895 0.00328947 0.01973684 0.90789474
 0.00986842 0.05263158 0.92105263 0.01644737
 0.00328947 0.00328947 0.69736842 0.29605263
 0.98684211 0.00328947 0.00657895 0.00328947
 0.00657895 0.00328947 0.08881579 0.90131579
 0.17763158 0.00328947 0.00328947 0.81578947
 0.00328947 0.02302632 0.33552632 0.63815789

MOTIF layer3_filter_215
letter-probability matrix: alength= 4 w= 9 
 0.58881579 0.21710526 0.18092105 0.01315789
 0.90789474 0.0625     0.01315789 0.01644737
 0.5        0.21381579 0.28289474 0.00328947
 0.68421053 0.24342105 0.00328947 0.06907895
 0.03947368 0.20723684 0.00328947 0.75      
 0.44078947 0.04276316 0.19078947 0.32565789
 0.02302632 0.00986842 0.96381579 0.00328947
 0.24342105 0.01315789 0.43092105 0.3125    
 0.23684211 0.22039474 0.16118421 0.38157895

MOTIF layer3_filter_216
letter-probability matrix: alength= 4 w= 9 
 0.89802632 0.01315789 0.07565789 0.01315789
 0.24013158 0.05263158 0.00328947 0.70394737
 0.16118421 0.05263158 0.77960526 0.00657895
 0.73684211 0.02960526 0.0625     0.17105263
 0.11513158 0.00328947 0.17434211 0.70723684
 0.01315789 0.00328947 0.61842105 0.36513158
 0.28289474 0.22039474 0.17434211 0.32236842
 0.16776316 0.00986842 0.11184211 0.71052632
 0.37828947 0.09868421 0.05921053 0.46381579

MOTIF layer3_filter_217
letter-probability matrix: alength= 4 w= 9 
 0.68092105 0.00328947 0.125      0.19078947
 0.00328947 0.01973684 0.00657895 0.97039474
 0.00328947 0.00328947 0.00328947 0.99013158
 0.08552632 0.00328947 0.07894737 0.83223684
 0.00328947 0.00986842 0.05263158 0.93421053
 0.78618421 0.20723684 0.00328947 0.00328947
 0.00328947 0.20723684 0.01973684 0.76973684
 0.01644737 0.10526316 0.43421053 0.44407895
 0.29276316 0.05263158 0.3125     0.34210526

MOTIF layer3_filter_218
letter-probability matrix: alength= 4 w= 9 
 0.17763158 0.53618421 0.01973684 0.26644737
 0.45723684 0.00986842 0.49671053 0.03618421
 0.09868421 0.01973684 0.16118421 0.72039474
 0.01644737 0.08552632 0.09868421 0.79934211
 0.28289474 0.05592105 0.30592105 0.35526316
 0.18092105 0.05263158 0.24342105 0.52302632
 0.71052632 0.00328947 0.18092105 0.10526316
 0.10197368 0.16118421 0.11513158 0.62171053
 0.09210526 0.3125     0.49342105 0.10197368

MOTIF layer3_filter_223
letter-probability matrix: alength= 4 w= 9 
 0.50328947 0.00328947 0.26644737 0.22697368
 0.3125     0.12828947 0.06578947 0.49342105
 0.14802632 0.05592105 0.23026316 0.56578947
 0.98026316 0.00328947 0.01315789 0.00328947
 0.35855263 0.00328947 0.00328947 0.63486842
 0.13157895 0.02960526 0.75328947 0.08552632
 0.83223684 0.00328947 0.16118421 0.00328947
 0.00328947 0.08881579 0.07565789 0.83223684
 0.00328947 0.00328947 0.88815789 0.10526316

MOTIF layer3_filter_224
letter-probability matrix: alength= 4 w= 9 
 0.38157895 0.15131579 0.38815789 0.07894737
 0.25986842 0.62828947 0.0625     0.04934211
 0.39144737 0.3125     0.28947368 0.00657895
 0.63486842 0.06578947 0.16447368 0.13486842
 0.28618421 0.66447368 0.00657895 0.04276316
 0.22368421 0.01315789 0.00328947 0.75986842
 0.02960526 0.46710526 0.00328947 0.5       
 0.22368421 0.125      0.17434211 0.47697368
 0.25657895 0.23355263 0.06907895 0.44078947

MOTIF layer3_filter_227
letter-probability matrix: alength= 4 w= 9 
 0.04276316 0.19407895 0.07565789 0.6875    
 0.20394737 0.08552632 0.01315789 0.69736842
 0.09210526 0.15131579 0.15460526 0.60197368
 0.02631579 0.9375     0.00328947 0.03289474
 0.69078947 0.11184211 0.01973684 0.17763158
 0.8125     0.00328947 0.06907895 0.11513158
 0.375      0.00328947 0.00328947 0.61842105
 0.26644737 0.01644737 0.03618421 0.68092105
 0.31578947 0.22368421 0.08552632 0.375     

MOTIF layer3_filter_231
letter-probability matrix: alength= 4 w= 9 
 0.62171053 0.14144737 0.05592105 0.18092105
 0.10197368 0.57565789 0.11842105 0.20394737
 0.99013158 0.00328947 0.00328947 0.00328947
 0.55263158 0.07236842 0.04605263 0.32894737
 0.08552632 0.13815789 0.00328947 0.77302632
 0.16447368 0.03289474 0.01315789 0.78947368
 0.00328947 0.03289474 0.00328947 0.96052632
 0.05592105 0.00328947 0.19407895 0.74671053
 0.15131579 0.12171053 0.32894737 0.39802632

MOTIF layer3_filter_233
letter-probability matrix: alength= 4 w= 9 
 0.57894737 0.01973684 0.39802632 0.00328947
 0.34210526 0.1875     0.15789474 0.3125    
 0.37171053 0.50657895 0.11842105 0.00328947
 0.55263158 0.13157895 0.16118421 0.15460526
 0.05592105 0.04605263 0.00328947 0.89473684
 0.00328947 0.00328947 0.00328947 0.99013158
 0.00328947 0.00657895 0.47368421 0.51644737
 0.00328947 0.00657895 0.98684211 0.00328947
 0.51644737 0.12828947 0.25       0.10526316

MOTIF layer3_filter_237
letter-probability matrix: alength= 4 w= 9 
 0.14285714 0.14285714 0.14285714 0.57142857
 0.57142857 0.14285714 0.14285714 0.14285714
 0.57142857 0.14285714 0.14285714 0.14285714
 0.57142857 0.14285714 0.14285714 0.14285714
 0.57142857 0.14285714 0.14285714 0.14285714
 0.14285714 0.14285714 0.14285714 0.57142857
 0.14285714 0.14285714 0.57142857 0.14285714
 0.14285714 0.14285714 0.14285714 0.57142857
 0.14285714 0.14285714 0.14285714 0.57142857

MOTIF layer3_filter_238
letter-probability matrix: alength= 4 w= 9 
 0.22368421 0.20394737 0.36513158 0.20723684
 0.50328947 0.15131579 0.10197368 0.24342105
 0.04605263 0.17434211 0.47368421 0.30592105
 0.00328947 0.00328947 0.00328947 0.99013158
 0.45065789 0.00328947 0.54276316 0.00328947
 0.80921053 0.00328947 0.18421053 0.00328947
 0.00328947 0.00328947 0.00328947 0.99013158
 0.50657895 0.00328947 0.48026316 0.00986842
 0.88486842 0.00986842 0.09210526 0.01315789

MOTIF layer3_filter_250
letter-probability matrix: alength= 4 w= 9 
 0.69736842 0.23355263 0.05921053 0.00986842
 0.99013158 0.00328947 0.00328947 0.00328947
 0.61842105 0.00328947 0.00328947 0.375     
 0.00328947 0.00328947 0.00328947 0.99013158
 0.00328947 0.00657895 0.00328947 0.98684211
 0.03947368 0.00328947 0.9375     0.01973684
 0.39802632 0.16776316 0.33552632 0.09868421
 0.20723684 0.24342105 0.09539474 0.45394737
 0.1875     0.35197368 0.10855263 0.35197368

MOTIF layer3_filter_252
letter-probability matrix: alength= 4 w= 9 
 0.63157895 0.01315789 0.12171053 0.23355263
 0.77302632 0.03618421 0.08881579 0.10197368
 0.88157895 0.08223684 0.03289474 0.00328947
 0.16776316 0.00328947 0.00328947 0.82565789
 0.00328947 0.00328947 0.01315789 0.98026316
 0.52302632 0.28289474 0.00328947 0.19078947
 0.57236842 0.00328947 0.00328947 0.42105263
 0.73355263 0.04605263 0.21710526 0.00328947
 0.33223684 0.27302632 0.35855263 0.03618421

MOTIF layer3_filter_255
letter-probability matrix: alength= 4 w= 9 
 0.84539474 0.01644737 0.13486842 0.00328947
 0.78618421 0.00328947 0.00328947 0.20723684
 0.91776316 0.00328947 0.07565789 0.00328947
 0.04934211 0.00328947 0.00328947 0.94407895
 0.00328947 0.00986842 0.00328947 0.98355263
 0.99013158 0.00328947 0.00328947 0.00328947
 0.00328947 0.00328947 0.00328947 0.99013158
 0.60526316 0.03289474 0.00328947 0.35855263
 0.15789474 0.16776316 0.23684211 0.4375    
