MEME version 5.4.1

ALPHABET= ACGT

strands: + -

Background letter frequencies
A 0.25 C 0.25 G 0.25 T 0.25
MOTIF M2Rl2__0
letter-probability matrix: alength= 4 w= 9 
 0.18595041 0.32231405 0.45247934 0.0392562 
 0.47520661 0.30785124 0.11983471 0.09710744
 0.40702479 0.05785124 0.16528926 0.36983471
 0.14256198 0.14669421 0.08884298 0.62190083
 0.16322314 0.39669421 0.01239669 0.42768595
 0.47520661 0.11363636 0.06404959 0.34710744
 0.00206612 0.00619835 0.35743802 0.63429752
 0.02066116 0.48553719 0.2107438  0.28305785
 0.08471074 0.16942149 0.49380165 0.25206612

MOTIF M2Rl2__4
letter-probability matrix: alength= 4 w= 9 
 0.1440501  0.30688935 0.32359081 0.22546973
 0.565762   0.1440501  0.0960334  0.19415449
 0.11064718 0.00835073 0.72651357 0.15448852
 0.14613779 0.18371608 0.00417537 0.66597077
 0.13778706 0.00626305 0.02922756 0.82672234
 0.02505219 0.12734864 0.05010438 0.79749478
 0.29227557 0.18162839 0.07933194 0.44676409
 0.12526096 0.53653445 0.27557411 0.06263048
 0.16075157 0.14196242 0.20041754 0.49686848

MOTIF M2Rl2__6
letter-probability matrix: alength= 4 w= 9 
 0.32443532 0.31211499 0.30184805 0.06160164
 0.23819302 0.05954825 0.45790554 0.24435318
 0.42710472 0.10472279 0.06776181 0.40041068
 0.3798768  0.31622177 0.0164271  0.28747433
 0.71868583 0.2238193  0.05544148 0.00205339
 0.37371663 0.00205339 0.52977413 0.09445585
 0.37577002 0.50308008 0.00205339 0.11909651
 0.6899384  0.10472279 0.00205339 0.20328542
 0.06160164 0.26488706 0.45790554 0.21560575

MOTIF M2Rl2__7
letter-probability matrix: alength= 4 w= 9 
 0.17659138 0.24435318 0.50102669 0.07802875
 0.09240246 0.57905544 0.08213552 0.24640657
 0.71663244 0.05749487 0.13141684 0.09445585
 0.33470226 0.02258727 0.16837782 0.47433265
 0.01026694 0.54825462 0.00205339 0.43942505
 0.55030801 0.01437372 0.1889117  0.24640657
 0.02464066 0.18275154 0.6201232  0.1724846 
 0.08418891 0.10472279 0.75154004 0.05954825
 0.45995893 0.14579055 0.15195072 0.24229979

MOTIF M2Rl2__8
letter-probability matrix: alength= 4 w= 9 
 0.46817248 0.16016427 0.24024641 0.13141684
 0.11088296 0.01848049 0.86858316 0.00205339
 0.19712526 0.12320329 0.29158111 0.38809035
 0.16427105 0.13347023 0.07802875 0.62422998
 0.20123203 0.00410678 0.7926078  0.00205339
 0.20328542 0.00205339 0.10882957 0.68583162
 0.11704312 0.17659138 0.1211499  0.58521561
 0.27720739 0.30800821 0.0862423  0.32854209
 0.10882957 0.35112936 0.31416838 0.22587269

MOTIF M2Rl2__9
letter-probability matrix: alength= 4 w= 9 
 0.29746835 0.40506329 0.20253165 0.09493671
 0.29746835 0.11181435 0.52742616 0.06329114
 0.60759494 0.13291139 0.01687764 0.24261603
 0.66877637 0.08438819 0.092827   0.15400844
 0.47679325 0.22362869 0.10970464 0.18987342
 0.10337553 0.03586498 0.0021097  0.85864979
 0.0021097  0.92405063 0.05907173 0.01476793
 0.0464135  0.2721519  0.10970464 0.57172996
 0.03586498 0.20253165 0.56962025 0.19198312

MOTIF M2Rl2__10
letter-probability matrix: alength= 4 w= 9 
 0.32371134 0.1257732  0.48453608 0.06597938
 0.00824742 0.57319588 0.16907216 0.24948454
 0.98350515 0.00824742 0.00206186 0.00618557
 0.09484536 0.10309278 0.42268041 0.37938144
 0.41443299 0.3814433  0.20206186 0.00206186
 0.42061856 0.08659794 0.39381443 0.09896907
 0.04329897 0.06597938 0.8        0.09072165
 0.40824742 0.05154639 0.00412371 0.53608247
 0.27010309 0.1814433  0.4371134  0.11134021

MOTIF M2Rl2__11
letter-probability matrix: alength= 4 w= 9 
 0.02053388 0.15811088 0.78850103 0.03285421
 0.00205339 0.08008214 0.38809035 0.52977413
 0.00205339 0.24640657 0.15400411 0.59753593
 0.26283368 0.10061602 0.1724846  0.46406571
 0.37577002 0.17453799 0.26899384 0.18069815
 0.13552361 0.16016427 0.4476386  0.25667351
 0.00410678 0.30184805 0.06570842 0.62833676
 0.09650924 0.20328542 0.56057495 0.13963039
 0.10882957 0.47433265 0.2238193  0.19301848

MOTIF M2Rl2__13
letter-probability matrix: alength= 4 w= 9 
 0.02874743 0.17043121 0.45174538 0.34907598
 0.35318275 0.00205339 0.61806982 0.02669405
 0.89938398 0.08213552 0.0164271  0.00205339
 0.68788501 0.00205339 0.30595483 0.00410678
 0.39219713 0.13347023 0.19096509 0.28336756
 0.42299795 0.36755647 0.1211499  0.08829569
 0.22587269 0.11909651 0.2587269  0.3963039 
 0.3613963  0.43326489 0.10882957 0.09650924
 0.20123203 0.14989733 0.41273101 0.23613963

MOTIF M2Rl2__14
letter-probability matrix: alength= 4 w= 9 
 0.25252525 0.36363636 0.13131313 0.25252525
 0.31515152 0.13131313 0.1010101  0.45252525
 0.13737374 0.01818182 0.70909091 0.13535354
 0.51515152 0.35959596 0.0020202  0.12323232
 0.0040404  0.16565657 0.7979798  0.03232323
 0.56161616 0.12121212 0.0020202  0.31515152
 0.50505051 0.08282828 0.36767677 0.04444444
 0.08080808 0.52929293 0.11717172 0.27272727
 0.14545455 0.50707071 0.16969697 0.17777778

MOTIF M2Rl2__17
letter-probability matrix: alength= 4 w= 9 
 0.03305785 0.33264463 0.46487603 0.16942149
 0.09297521 0.60330579 0.13429752 0.16942149
 0.00206612 0.60123967 0.00206612 0.3946281 
 0.33677686 0.00206612 0.08471074 0.57644628
 0.08057851 0.09297521 0.27066116 0.55578512
 0.03512397 0.43595041 0.00206612 0.5268595 
 0.03099174 0.00206612 0.8946281  0.07231405
 0.01859504 0.59504132 0.11363636 0.27272727
 0.07024793 0.41942149 0.13636364 0.37396694

MOTIF M2Rl2__18
letter-probability matrix: alength= 4 w= 9 
 0.61904762 0.21118012 0.04140787 0.12836439
 0.24430642 0.13043478 0.60041408 0.02484472
 0.01242236 0.09109731 0.44720497 0.44927536
 0.01242236 0.48033126 0.00207039 0.50517598
 0.12008282 0.00207039 0.69979296 0.17805383
 0.55486542 0.2815735  0.05383023 0.10973085
 0.64803313 0.12008282 0.10559006 0.126294  
 0.04140787 0.11801242 0.38716356 0.45341615
 0.19461698 0.14906832 0.27743271 0.37888199

MOTIF M2Rl2__19
letter-probability matrix: alength= 4 w= 9 
 0.14376321 0.34038055 0.15010571 0.36575053
 0.16913319 0.22198732 0.07188161 0.53699789
 0.10993658 0.15221987 0.21141649 0.52642706
 0.01691332 0.11205074 0.11627907 0.75475687
 0.80972516 0.08245243 0.09936575 0.00845666
 0.02114165 0.29175476 0.45031712 0.23678647
 0.43763214 0.03171247 0.16913319 0.3615222 
 0.04016913 0.04651163 0.52219873 0.39112051
 0.16701903 0.10782241 0.63213531 0.09302326

MOTIF M2Rl2__20
letter-probability matrix: alength= 4 w= 9 
 0.1625  0.20625 0.35    0.28125
 0.14166667 0.40625    0.20625    0.24583333
 0.08125    0.05833333 0.07083333 0.78958333
 0.01041667 0.0875     0.375      0.52708333
 0.00208333 0.40208333 0.03958333 0.55625   
 0.03333333 0.04583333 0.52291667 0.39791667
 0.00833333 0.025      0.49375    0.47291667
 0.00833333 0.00625    0.13333333 0.85208333
 0.14791667 0.26875    0.37291667 0.21041667

MOTIF M2Rl2__21
letter-probability matrix: alength= 4 w= 9 
 0.40702479 0.35743802 0.17355372 0.06198347
 0.67561983 0.1053719  0.13636364 0.08264463
 0.01033058 0.22107438 0.44214876 0.32644628
 0.35950413 0.39876033 0.00619835 0.23553719
 0.46694215 0.06404959 0.2892562  0.17975207
 0.39256198 0.01859504 0.01446281 0.57438017
 0.59917355 0.14876033 0.2107438  0.04132231
 0.22933884 0.04545455 0.14876033 0.57644628
 0.29958678 0.12396694 0.39256198 0.1838843 

MOTIF M2Rl2__22
letter-probability matrix: alength= 4 w= 9 
 0.23319328 0.19327731 0.25       0.32352941
 0.01260504 0.07142857 0.20798319 0.70798319
 0.13655462 0.38235294 0.00210084 0.4789916 
 0.27731092 0.0105042  0.00630252 0.70588235
 0.00210084 0.27731092 0.06092437 0.65966387
 0.00630252 0.00210084 0.52310924 0.46848739
 0.00210084 0.30042017 0.41806723 0.27941176
 0.1407563  0.0210084  0.57142857 0.26680672
 0.09663866 0.34453782 0.4012605  0.15756303

MOTIF M2Rl2__23
letter-probability matrix: alength= 4 w= 9 
 0.28629032 0.03830645 0.54637097 0.12903226
 0.01008065 0.16129032 0.69354839 0.13508065
 0.02620968 0.1875     0.02016129 0.76612903
 0.54637097 0.00201613 0.31451613 0.13709677
 0.01209677 0.50806452 0.00806452 0.47177419
 0.40725806 0.58870968 0.00201613 0.00201613
 0.0766129  0.39516129 0.21370968 0.31451613
 0.08870968 0.20967742 0.38306452 0.31854839
 0.33064516 0.21572581 0.2641129  0.18951613

MOTIF M2Rl2__26
letter-probability matrix: alength= 4 w= 9 
 0.60040984 0.23565574 0.08811475 0.07581967
 0.15778689 0.15778689 0.33196721 0.35245902
 0.52868852 0.00819672 0.29303279 0.17008197
 0.00204918 0.49590164 0.09221311 0.40983607
 0.69467213 0.00409836 0.28483607 0.01639344
 0.5        0.0102459  0.47540984 0.01434426
 0.60655738 0.00204918 0.05327869 0.33811475
 0.32377049 0.06557377 0.48565574 0.125     
 0.68032787 0.05737705 0.19877049 0.06352459

MOTIF M2Rl2__27
letter-probability matrix: alength= 4 w= 9 
 0.23565574 0.62295082 0.00819672 0.13319672
 0.57172131 0.31352459 0.0942623  0.0204918 
 0.14139344 0.6147541  0.08196721 0.16188525
 0.60040984 0.04713115 0.18442623 0.16803279
 0.22336066 0.1352459  0.38114754 0.2602459 
 0.08606557 0.28278689 0.48360656 0.14754098
 0.71516393 0.04508197 0.02254098 0.21721311
 0.49795082 0.01639344 0.24590164 0.2397541 
 0.40983607 0.08606557 0.19467213 0.30942623

MOTIF M2Rl2__30
letter-probability matrix: alength= 4 w= 9 
 0.57464213 0.08179959 0.13292434 0.21063395
 0.08588957 0.17177914 0.10224949 0.6400818 
 0.07157464 0.29652352 0.01022495 0.62167689
 0.16359918 0.10838446 0.17177914 0.55623722
 0.08793456 0.06748466 0.28220859 0.56237219
 0.63190184 0.0408998  0.14314928 0.18404908
 0.26380368 0.31288344 0.03476483 0.38854806
 0.12269939 0.08588957 0.65439673 0.13701431
 0.44580777 0.09406953 0.32106339 0.1390593 

MOTIF M2Rl2__34
letter-probability matrix: alength= 4 w= 9 
 0.11839323 0.30443975 0.52219873 0.05496829
 0.01479915 0.00634249 0.95137421 0.02748414
 0.65961945 0.00211416 0.0782241  0.26004228
 0.54545455 0.11839323 0.23678647 0.09936575
 0.24524313 0.00634249 0.64904863 0.09936575
 0.08245243 0.02959831 0.37209302 0.51585624
 0.02114165 0.40803383 0.16913319 0.40169133
 0.0782241  0.01268499 0.44397463 0.46511628
 0.27484144 0.34460888 0.19027484 0.19027484

MOTIF M2Rl2__35
letter-probability matrix: alength= 4 w= 9 
 0.29583333 0.21666667 0.44791667 0.03958333
 0.51875    0.07708333 0.25833333 0.14583333
 0.18541667 0.00208333 0.37708333 0.43541667
 0.82916667 0.00208333 0.06458333 0.10416667
 0.66458333 0.25208333 0.06458333 0.01875   
 0.44166667 0.01875    0.0125     0.52708333
 0.00416667 0.2375     0.09166667 0.66666667
 0.20625    0.12708333 0.51041667 0.15625   
 0.13333333 0.15       0.55625    0.16041667

MOTIF M2Rl2__37
letter-probability matrix: alength= 4 w= 9 
 0.10470085 0.46794872 0.2542735  0.17307692
 0.11111111 0.13675214 0.41880342 0.33333333
 0.13675214 0.02136752 0.29487179 0.54700855
 0.07692308 0.00213675 0.00213675 0.91880342
 0.00213675 0.17521368 0.01068376 0.81196581
 0.17307692 0.01282051 0.2008547  0.61324786
 0.07051282 0.71794872 0.1474359  0.06410256
 0.0982906  0.87393162 0.00854701 0.01923077
 0.2008547  0.23290598 0.28205128 0.28418803

MOTIF M2Rl2__38
letter-probability matrix: alength= 4 w= 9 
 0.04564315 0.23443983 0.60373444 0.11618257
 0.18879668 0.20539419 0.33817427 0.26763485
 0.12655602 0.19502075 0.28008299 0.39834025
 0.01244813 0.02489627 0.00207469 0.96058091
 0.54564315 0.00207469 0.15975104 0.29253112
 0.29875519 0.00622407 0.60995851 0.08506224
 0.06846473 0.02489627 0.90041494 0.00622407
 0.32780083 0.03112033 0.59128631 0.04979253
 0.10373444 0.35684647 0.43360996 0.10580913

MOTIF M2Rl2__41
letter-probability matrix: alength= 4 w= 9 
 0.53455285 0.07113821 0.1504065  0.24390244
 0.3495935  0.30284553 0.01219512 0.33536585
 0.05691057 0.34552846 0.4004065  0.19715447
 0.11382114 0.07317073 0.60772358 0.20528455
 0.00203252 0.29065041 0.20731707 0.5       
 0.05691057 0.2703252  0.47357724 0.19918699
 0.01626016 0.53455285 0.1504065  0.29878049
 0.05691057 0.00203252 0.89634146 0.04471545
 0.53861789 0.2601626  0.07723577 0.12398374

MOTIF M2Rl2__42
letter-probability matrix: alength= 4 w= 9 
 0.21041667 0.13958333 0.4625     0.1875    
 0.11875 0.225   0.025   0.63125
 0.3375 0.2    0.175  0.2875
 0.49375 0.00625 0.13125 0.36875
 0.1        0.20833333 0.11875    0.57291667
 0.375      0.53333333 0.00208333 0.08958333
 0.04583333 0.08333333 0.17708333 0.69375   
 0.64583333 0.15833333 0.05       0.14583333
 0.30416667 0.33333333 0.20416667 0.15833333

MOTIF M2Rl2__43
letter-probability matrix: alength= 4 w= 9 
 0.41056911 0.43699187 0.14634146 0.00609756
 0.55284553 0.09146341 0.34349593 0.01219512
 0.39227642 0.00203252 0.09349593 0.51219512
 0.14634146 0.02439024 0.43292683 0.39634146
 0.51626016 0.21544715 0.0995935  0.16869919
 0.11178862 0.00406504 0.67682927 0.20731707
 0.00203252 0.00203252 0.65447154 0.34146341
 0.00813008 0.43495935 0.49186992 0.06504065
 0.1199187  0.21341463 0.41056911 0.25609756

MOTIF M2Rl2__45
letter-probability matrix: alength= 4 w= 9 
 0.35403727 0.2484472  0.28364389 0.11387164
 0.10973085 0.51138716 0.33333333 0.04554865
 0.64596273 0.02070393 0.19875776 0.13457557
 0.00414079 0.48861284 0.49482402 0.01242236
 0.00414079 0.00207039 0.59834369 0.39544513
 0.65010352 0.00207039 0.00207039 0.34575569
 0.14492754 0.32712215 0.46169772 0.06625259
 0.4679089  0.05175983 0.02484472 0.45548654
 0.1552795  0.33333333 0.20496894 0.30641822

MOTIF M2Rl2__50
letter-probability matrix: alength= 4 w= 9 
 0.40973631 0.04462475 0.47870183 0.06693712
 0.88235294 0.06085193 0.05070994 0.00608519
 0.19472617 0.02231237 0.78093306 0.0020284 
 0.78498986 0.15415822 0.05882353 0.0020284 
 0.20283976 0.20689655 0.46855984 0.12170385
 0.02231237 0.64097363 0.18052738 0.15618661
 0.0020284  0.09330629 0.77079108 0.13387424
 0.30831643 0.27789047 0.07707911 0.336714  
 0.26166329 0.21298174 0.42799189 0.09736308

MOTIF M2Rl2__51
letter-probability matrix: alength= 4 w= 9 
 0.10162602 0.08536585 0.23373984 0.57926829
 0.00203252 0.06910569 0.92276423 0.00609756
 0.11585366 0.18495935 0.33739837 0.36178862
 0.25406504 0.00203252 0.61788618 0.12601626
 0.00203252 0.16463415 0.4898374  0.34349593
 0.05284553 0.0203252  0.41666667 0.5101626 
 0.08130081 0.59756098 0.02235772 0.29878049
 0.01422764 0.00203252 0.95121951 0.03252033
 0.2195122  0.11382114 0.37804878 0.28861789

MOTIF M2Rl2__53
letter-probability matrix: alength= 4 w= 9 
 0.17327766 0.28810021 0.34446764 0.19415449
 0.45511482 0.08768267 0.41753653 0.03966597
 0.01670146 0.0125261  0.70146138 0.26931106
 0.217119   0.10438413 0.08559499 0.59290188
 0.00208768 0.33402923 0.58872651 0.07515658
 0.06889353 0.00208768 0.00208768 0.92693111
 0.25469729 0.12526096 0.52609603 0.09394572
 0.1085595  0.00626305 0.82254697 0.06263048
 0.18580376 0.17954071 0.17327766 0.46137787

MOTIF M2Rl2__56
letter-probability matrix: alength= 4 w= 9 
 0.04233871 0.55241935 0.00201613 0.40322581
 0.05645161 0.34879032 0.14314516 0.4516129 
 0.14314516 0.21774194 0.00806452 0.63104839
 0.31451613 0.10080645 0.33467742 0.25      
 0.00201613 0.01209677 0.00403226 0.98185484
 0.00806452 0.00201613 0.7641129  0.22580645
 0.07056452 0.48387097 0.28427419 0.16129032
 0.23991935 0.24193548 0.27217742 0.24596774
 0.06854839 0.32056452 0.41733871 0.19354839

MOTIF M2Rl2__59
letter-probability matrix: alength= 4 w= 9 
 0.1242236  0.36645963 0.35817805 0.15113872
 0.10144928 0.02898551 0.00207039 0.86749482
 0.01035197 0.00207039 0.39958592 0.58799172
 0.39544513 0.44306418 0.00207039 0.15942029
 0.17805383 0.33126294 0.38509317 0.10559006
 0.32505176 0.03519669 0.17184265 0.4679089 
 0.2815735  0.25258799 0.01449275 0.45134576
 0.00828157 0.4389234  0.03312629 0.51966874
 0.08281573 0.27536232 0.34782609 0.29399586

MOTIF M2Rl2__60
letter-probability matrix: alength= 4 w= 9 
 0.2219917  0.2406639  0.19087137 0.34647303
 0.28423237 0.26556017 0.14107884 0.30912863
 0.32157676 0.19294606 0.31327801 0.17219917
 0.01037344 0.21161826 0.07261411 0.70539419
 0.2780083  0.68672199 0.03319502 0.00207469
 0.75518672 0.01244813 0.13900415 0.093361  
 0.18049793 0.09128631 0.14315353 0.58506224
 0.29875519 0.0560166  0.0373444  0.60788382
 0.16390041 0.21991701 0.10580913 0.51037344

MOTIF M2Rl2__62
letter-probability matrix: alength= 4 w= 9 
 0.15991471 0.15565032 0.52878465 0.15565032
 0.99360341 0.0021322  0.0021322  0.0021322 
 0.96801706 0.00639659 0.02132196 0.00426439
 0.05970149 0.0021322  0.78678038 0.15138593
 0.0554371  0.71002132 0.0021322  0.23240938
 0.44989339 0.08315565 0.33688699 0.13006397
 0.21108742 0.03411514 0.59701493 0.15778252
 0.31343284 0.23667377 0.20469083 0.24520256
 0.15991471 0.26439232 0.31769723 0.25799574

MOTIF M2Rl2__64
letter-probability matrix: alength= 4 w= 9 
 0.11666667 0.2125     0.48125    0.18958333
 0.09166667 0.10416667 0.78125    0.02291667
 0.82708333 0.09583333 0.00208333 0.075     
 0.34166667 0.55       0.0625     0.04583333
 0.9        0.01875    0.07916667 0.00208333
 0.08125    0.26875    0.57916667 0.07083333
 0.02916667 0.2        0.15       0.62083333
 0.07708333 0.08958333 0.73958333 0.09375   
 0.31875    0.15208333 0.45625    0.07291667

MOTIF M2Rl2__65
letter-probability matrix: alength= 4 w= 9 
 0.1416122  0.16122004 0.49891068 0.19825708
 0.76470588 0.05664488 0.11328976 0.06535948
 0.00217865 0.83877996 0.04357298 0.11546841
 0.78431373 0.21132898 0.00217865 0.00217865
 0.00217865 0.76034858 0.20261438 0.03485839
 0.50762527 0.00217865 0.47276688 0.01742919
 0.12854031 0.05664488 0.41830065 0.39651416
 0.28104575 0.38344227 0.14379085 0.19172113
 0.33115468 0.18954248 0.28540305 0.19389978

MOTIF M2Rl2__66
letter-probability matrix: alength= 4 w= 9 
 0.1814346  0.33122363 0.43881857 0.04852321
 0.53164557 0.13080169 0.24050633 0.09704641
 0.32067511 0.1350211  0.16033755 0.38396624
 0.22151899 0.0021097  0.69409283 0.08227848
 0.92405063 0.0021097  0.05696203 0.01687764
 0.58649789 0.05907173 0.33544304 0.01898734
 0.27637131 0.09704641 0.57383966 0.05274262
 0.10126582 0.15189873 0.57594937 0.17088608
 0.407173   0.17299578 0.23206751 0.18776371

MOTIF M2Rl2__70
letter-probability matrix: alength= 4 w= 9 
 0.16115702 0.19008264 0.44421488 0.20454545
 0.28099174 0.03512397 0.49173554 0.19214876
 0.00619835 0.03719008 0.70041322 0.25619835
 0.17355372 0.3553719  0.3946281  0.07644628
 0.76239669 0.11570248 0.10950413 0.01239669
 0.70867769 0.15082645 0.07024793 0.07024793
 0.18801653 0.61983471 0.00619835 0.18595041
 0.00413223 0.06818182 0.5268595  0.40082645
 0.29958678 0.32231405 0.19834711 0.17975207

MOTIF M2Rl2__71
letter-probability matrix: alength= 4 w= 9 
 0.19381443 0.13814433 0.4556701  0.21237113
 0.05154639 0.60206186 0.0185567  0.32783505
 0.70721649 0.05360825 0.02474227 0.21443299
 0.00412371 0.00206186 0.14226804 0.85154639
 0.17525773 0.00824742 0.00412371 0.81237113
 0.15463918 0.08247423 0.00206186 0.76082474
 0.19587629 0.47216495 0.25773196 0.0742268 
 0.03298969 0.42061856 0.35463918 0.19175258
 0.24123711 0.24123711 0.31546392 0.20206186

MOTIF M2Rl2__74
letter-probability matrix: alength= 4 w= 9 
 0.56008147 0.19755601 0.19144603 0.0509165 
 0.43991853 0.02851324 0.16089613 0.3706721 
 0.61507128 0.00407332 0.17515275 0.20570265
 0.45213849 0.45010183 0.00610998 0.09164969
 0.0407332  0.16089613 0.00407332 0.79429735
 0.11608961 0.00610998 0.74338086 0.13441955
 0.39511202 0.33401222 0.14663951 0.12423625
 0.11405295 0.40733198 0.38289206 0.09572301
 0.17107943 0.18126273 0.47046843 0.17718941

MOTIF M2Rl2__75
letter-probability matrix: alength= 4 w= 9 
 0.11344538 0.19747899 0.42226891 0.26680672
 0.05882353 0.0987395  0.54201681 0.30042017
 0.0210084  0.39285714 0.16176471 0.42436975
 0.20588235 0.15966387 0.55252101 0.08193277
 0.76470588 0.01260504 0.1197479  0.10294118
 0.00210084 0.00210084 0.00210084 0.99369748
 0.11134454 0.05252101 0.70378151 0.13235294
 0.15756303 0.1302521  0.21428571 0.49789916
 0.10294118 0.29201681 0.33193277 0.27310924

MOTIF M2Rl2__76
letter-probability matrix: alength= 4 w= 9 
 0.19753086 0.52880658 0.13580247 0.13786008
 0.17078189 0.1872428  0.62962963 0.01234568
 0.45884774 0.02880658 0.17695473 0.33539095
 0.00205761 0.91563786 0.02263374 0.05967078
 0.21399177 0.00205761 0.63786008 0.14609053
 0.02057613 0.00205761 0.02469136 0.9526749 
 0.15843621 0.40534979 0.25925926 0.17695473
 0.12757202 0.17283951 0.30864198 0.3909465 
 0.09670782 0.46296296 0.27366255 0.16666667

MOTIF M2Rl2__77
letter-probability matrix: alength= 4 w= 9 
 0.31012658 0.11814346 0.48734177 0.08438819
 0.0021097  0.02531646 0.86708861 0.10548523
 0.20253165 0.01054852 0.03586498 0.75105485
 0.0021097  0.0021097  0.93881857 0.05696203
 0.25527426 0.21940928 0.16244726 0.3628692 
 0.0021097  0.02320675 0.78481013 0.18987342
 0.0021097  0.61603376 0.24472574 0.1371308 
 0.04852321 0.14767932 0.46202532 0.34177215
 0.07805907 0.23206751 0.60970464 0.08016878

MOTIF M2Rl2__78
letter-probability matrix: alength= 4 w= 9 
 0.39591837 0.23469388 0.06734694 0.30204082
 0.3755102  0.08367347 0.28979592 0.25102041
 0.4755102  0.00204082 0.04693878 0.4755102 
 0.00204082 0.09183673 0.82653061 0.07959184
 0.87346939 0.00204082 0.12244898 0.00204082
 0.47959184 0.19795918 0.27142857 0.05102041
 0.33469388 0.01428571 0.64693878 0.00408163
 0.22857143 0.31632653 0.2755102  0.17959184
 0.16734694 0.18571429 0.51020408 0.13673469

MOTIF M2Rl2__79
letter-probability matrix: alength= 4 w= 9 
 0.49083503 0.27494908 0.21384929 0.0203666 
 0.17515275 0.01629328 0.09775967 0.7107943 
 0.17107943 0.35641548 0.10794297 0.36456212
 0.01221996 0.06720978 0.20977597 0.7107943 
 0.20977597 0.00407332 0.7413442  0.04480652
 0.01221996 0.30549898 0.66191446 0.0203666 
 0.0407332  0.13034623 0.38900204 0.43991853
 0.18940937 0.0712831  0.20570265 0.53360489
 0.04887984 0.27494908 0.598778   0.07739308

MOTIF M2Rl2__81
letter-probability matrix: alength= 4 w= 9 
 0.33826638 0.22621564 0.33615222 0.09936575
 0.21141649 0.04651163 0.56871036 0.17336152
 0.38266385 0.01479915 0.48414376 0.11839323
 0.68921776 0.00422833 0.06131078 0.24524313
 0.74418605 0.13953488 0.00211416 0.1141649 
 0.90909091 0.0359408  0.01902748 0.0359408 
 0.44608879 0.05073996 0.01057082 0.49260042
 0.04016913 0.64059197 0.22832981 0.09090909
 0.19027484 0.30232558 0.19027484 0.31712474

MOTIF M2Rl2__85
letter-probability matrix: alength= 4 w= 9 
 0.32382892 0.06313646 0.47250509 0.14052953
 0.67617108 0.17311609 0.09368635 0.05702648
 0.77189409 0.02647658 0.19959267 0.00203666
 0.08961303 0.03665988 0.87169043 0.00203666
 0.20162933 0.00203666 0.0305499  0.76578411
 0.23217923 0.00203666 0.57230143 0.19348269
 0.0305499  0.17718941 0.42362525 0.36863544
 0.16089613 0.06517312 0.75152749 0.02240326
 0.26476578 0.25458248 0.32179226 0.15885947

MOTIF M2Rl2__87
letter-probability matrix: alength= 4 w= 9 
 0.10294118 0.33403361 0.17647059 0.38655462
 0.11554622 0.42647059 0.13865546 0.31932773
 0.14705882 0.54411765 0.08823529 0.22058824
 0.02731092 0.00420168 0.03571429 0.93277311
 0.08193277 0.34033613 0.35714286 0.22058824
 0.07142857 0.53781513 0.30672269 0.08403361
 0.08403361 0.0105042  0.00210084 0.90336134
 0.06722689 0.75630252 0.02941176 0.14705882
 0.03571429 0.18277311 0.44327731 0.33823529

MOTIF M2Rl2__91
letter-probability matrix: alength= 4 w= 9 
 0.17745303 0.13987474 0.11482255 0.56784969
 0.08768267 0.26096033 0.12317328 0.52818372
 0.34446764 0.31106472 0.13778706 0.20668058
 0.00417537 0.12317328 0.77453027 0.09812109
 0.39874739 0.4217119  0.13778706 0.04175365
 0.28601253 0.02087683 0.01878914 0.6743215 
 0.00626305 0.76617954 0.08977035 0.13778706
 0.00835073 0.83924843 0.13569937 0.01670146
 0.07098121 0.24217119 0.58872651 0.09812109

MOTIF M2Rl2__93
letter-probability matrix: alength= 4 w= 9 
 0.37603306 0.16322314 0.44214876 0.01859504
 0.39049587 0.43181818 0.08884298 0.08884298
 0.1714876  0.11157025 0.31198347 0.40495868
 0.25826446 0.03099174 0.17561983 0.53512397
 0.05578512 0.24793388 0.27272727 0.42355372
 0.0268595  0.20247934 0.75       0.02066116
 0.04545455 0.01446281 0.09090909 0.84917355
 0.44214876 0.33471074 0.10743802 0.11570248
 0.21280992 0.27892562 0.23553719 0.27272727

MOTIF M2Rl2__95
letter-probability matrix: alength= 4 w= 9 
 0.12083333 0.18958333 0.50416667 0.18541667
 0.04583333 0.14375    0.34166667 0.46875   
 0.14375    0.09791667 0.22708333 0.53125   
 0.575      0.31666667 0.09166667 0.01666667
 0.54375    0.14791667 0.01041667 0.29791667
 0.01666667 0.17291667 0.45416667 0.35625   
 0.01875    0.02708333 0.06041667 0.89375   
 0.02083333 0.83333333 0.01875    0.12708333
 0.08333333 0.18541667 0.54375    0.1875    

MOTIF M2Rl2__96
letter-probability matrix: alength= 4 w= 9 
 0.38012959 0.28293737 0.24190065 0.0950324 
 0.05831533 0.31965443 0.39308855 0.22894168
 0.22462203 0.23326134 0.06695464 0.47516199
 0.06911447 0.06263499 0.60475162 0.26349892
 0.35205184 0.50323974 0.0712743  0.07343413
 0.94384449 0.01079914 0.00215983 0.04319654
 0.01943844 0.00215983 0.00215983 0.9762419 
 0.1187905  0.7062635  0.00431965 0.17062635
 0.12742981 0.25701944 0.33045356 0.28509719

MOTIF M2Rl2__97
letter-probability matrix: alength= 4 w= 9 
 0.07361963 0.4192229  0.24539877 0.26175869
 0.5194274  0.10838446 0.02658487 0.34560327
 0.01022495 0.54805726 0.43762781 0.00408998
 0.08179959 0.01226994 0.03885481 0.86707566
 0.28629857 0.07566462 0.24130879 0.39672802
 0.14314928 0.84458078 0.00613497 0.00613497
 0.55623722 0.00204499 0.22494888 0.21676892
 0.02658487 0.57259714 0.34969325 0.05112474
 0.08793456 0.32106339 0.22290389 0.36809816

MOTIF M2Rl2__100
letter-probability matrix: alength= 4 w= 9 
 0.32378855 0.34801762 0.24008811 0.08810573
 0.77092511 0.19823789 0.01762115 0.01321586
 0.22687225 0.00881057 0.19603524 0.56828194
 0.48898678 0.38325991 0.12334802 0.00440529
 0.01321586 0.48678414 0.08810573 0.41189427
 0.030837   0.64757709 0.22687225 0.09471366
 0.2753304  0.62995595 0.0660793  0.02863436
 0.07488987 0.03744493 0.38325991 0.50440529
 0.16960352 0.14317181 0.35462555 0.33259912

MOTIF M2Rl2__106
letter-probability matrix: alength= 4 w= 9 
 0.52535497 0.2494929  0.13793103 0.0872211 
 0.40365112 0.05679513 0.36916836 0.1703854 
 0.61460446 0.27180527 0.11156187 0.0020284 
 0.43204868 0.0020284  0.5030426  0.06288032
 0.36511156 0.47261663 0.05476673 0.10750507
 0.4969574  0.0020284  0.04259635 0.45841785
 0.3306288  0.05070994 0.03651116 0.5821501 
 0.46855984 0.37728195 0.11156187 0.04259635
 0.30628803 0.09939148 0.41176471 0.18255578

MOTIF M2Rl2__107
letter-probability matrix: alength= 4 w= 9 
 0.13377193 0.23464912 0.36403509 0.26754386
 0.21491228 0.23464912 0.28508772 0.26535088
 0.15350877 0.01535088 0.28289474 0.54824561
 0.10087719 0.36842105 0.00877193 0.52192982
 0.23464912 0.34210526 0.1622807  0.26096491
 0.43640351 0.13815789 0.02412281 0.40131579
 0.13377193 0.83333333 0.03070175 0.00219298
 0.55921053 0.21710526 0.22149123 0.00219298
 0.47807018 0.22807018 0.16885965 0.125     

MOTIF M2Rl2__108
letter-probability matrix: alength= 4 w= 9 
 0.08829569 0.26488706 0.44353183 0.20328542
 0.32443532 0.40451745 0.02874743 0.24229979
 0.00616016 0.25256674 0.73921971 0.00205339
 0.0698152  0.23819302 0.06160164 0.63039014
 0.13552361 0.2936345  0.3963039  0.17453799
 0.00205339 0.65913758 0.03696099 0.30184805
 0.04312115 0.07597536 0.42915811 0.45174538
 0.19507187 0.00205339 0.0164271  0.78644764
 0.42299795 0.24229979 0.26078029 0.07392197

MOTIF M2Rl2__109
letter-probability matrix: alength= 4 w= 9 
 0.12033195 0.58713693 0.10165975 0.19087137
 0.7219917  0.20124481 0.03319502 0.04356846
 0.00414938 0.24481328 0.31120332 0.43983402
 0.00207469 0.17634855 0.44190871 0.37966805
 0.71576763 0.00829876 0.12033195 0.15560166
 0.27593361 0.25518672 0.35062241 0.11825726
 0.01452282 0.03112033 0.41078838 0.54356846
 0.16390041 0.68257261 0.13278008 0.02074689
 0.17634855 0.27178423 0.23651452 0.3153527 

MOTIF M2Rl2__111
letter-probability matrix: alength= 4 w= 9 
 0.30434783 0.17598344 0.37060041 0.14906832
 0.16977226 0.19875776 0.24223602 0.38923395
 0.27329193 0.49689441 0.13457557 0.0952381 
 0.91718427 0.00207039 0.00414079 0.07660455
 0.01449275 0.1884058  0.01242236 0.78467909
 0.62318841 0.08074534 0.00207039 0.29399586
 0.24223602 0.39544513 0.34989648 0.01242236
 0.23809524 0.23395445 0.45134576 0.07660455
 0.54244306 0.14078675 0.23188406 0.08488613

MOTIF M2Rl2__113
letter-probability matrix: alength= 4 w= 9 
 0.451417   0.05263158 0.44736842 0.048583  
 0.38866397 0.04453441 0.46558704 0.10121457
 0.86032389 0.00202429 0.00202429 0.13562753
 0.36842105 0.03643725 0.58704453 0.00809717
 0.20242915 0.36437247 0.28340081 0.14979757
 0.10323887 0.07489879 0.59716599 0.22469636
 0.47773279 0.00607287 0.50202429 0.01417004
 0.37651822 0.27530364 0.27530364 0.07287449
 0.50404858 0.12145749 0.1437247  0.23076923

MOTIF M2Rl2__115
letter-probability matrix: alength= 4 w= 9 
 0.48865979 0.19381443 0.27628866 0.04123711
 0.71958763 0.00206186 0.24123711 0.0371134 
 0.56907216 0.33195876 0.09690722 0.00206186
 0.51752577 0.00206186 0.39587629 0.08453608
 0.62268041 0.07216495 0.10721649 0.19793814
 0.0556701  0.03917526 0.55670103 0.34845361
 0.04948454 0.13814433 0.36082474 0.45154639
 0.02680412 0.38350515 0.22680412 0.3628866 
 0.16701031 0.19381443 0.56907216 0.07010309

MOTIF M2Rl2__117
letter-probability matrix: alength= 4 w= 9 
 0.20512821 0.1517094  0.26923077 0.37393162
 0.0042735  0.39316239 0.15811966 0.44444444
 0.00213675 0.01068376 0.22649573 0.76068376
 0.41452991 0.06196581 0.5        0.02350427
 0.80555556 0.01282051 0.14102564 0.04059829
 0.49145299 0.44871795 0.00641026 0.0534188 
 0.86752137 0.01068376 0.00213675 0.11965812
 0.41880342 0.1025641  0.32051282 0.15811966
 0.4017094  0.19230769 0.04487179 0.36111111

MOTIF M2Rl2__119
letter-probability matrix: alength= 4 w= 9 
 0.25431034 0.29741379 0.30172414 0.14655172
 0.55818966 0.00215517 0.42672414 0.01293103
 0.00431034 0.09051724 0.4612069  0.44396552
 0.625      0.25       0.06465517 0.06034483
 0.01724138 0.13146552 0.84913793 0.00215517
 0.83836207 0.07974138 0.07974138 0.00215517
 0.34698276 0.26293103 0.20258621 0.1875    
 0.10775862 0.29956897 0.04525862 0.54741379
 0.15086207 0.33189655 0.26939655 0.24784483

MOTIF M2Rl2__121
letter-probability matrix: alength= 4 w= 9 
 0.02851324 0.14256619 0.6904277  0.13849287
 0.19551935 0.08961303 0.15885947 0.55600815
 0.0814664  0.00203666 0.19348269 0.72301426
 0.18329939 0.00203666 0.04276986 0.77189409
 0.0712831  0.43380855 0.0101833  0.48472505
 0.13645621 0.15274949 0.24236253 0.46843177
 0.00203666 0.51731161 0.24643585 0.23421589
 0.00407332 0.17311609 0.77189409 0.0509165 
 0.51527495 0.15478615 0.17718941 0.15274949

MOTIF M2Rl2__123
letter-probability matrix: alength= 4 w= 9 
 0.15578947 0.25052632 0.52842105 0.06526316
 0.01894737 0.55368421 0.29052632 0.13684211
 0.91368421 0.01684211 0.00210526 0.06736842
 0.09894737 0.00842105 0.81263158 0.08      
 0.73684211 0.25894737 0.00210526 0.00210526
 0.73684211 0.01473684 0.10526316 0.14315789
 0.16210526 0.28       0.42736842 0.13052632
 0.01052632 0.51789474 0.19368421 0.27789474
 0.15157895 0.50736842 0.18736842 0.15368421

MOTIF M2Rl2__124
letter-probability matrix: alength= 4 w= 9 
 0.28274428 0.18918919 0.42827443 0.0997921 
 0.43035343 0.20997921 0.11434511 0.24532225
 0.18087318 0.02079002 0.42619543 0.37214137
 0.93347193 0.002079   0.05613306 0.00831601
 0.65696466 0.26819127 0.07276507 0.002079  
 0.09147609 0.51143451 0.08316008 0.31392931
 0.04989605 0.002079   0.03118503 0.91683992
 0.08108108 0.05613306 0.59043659 0.27234927
 0.2037422  0.34927235 0.32848233 0.11850312

MOTIF M2Rl2__126
letter-probability matrix: alength= 4 w= 9 
 0.10897436 0.04273504 0.4017094  0.4465812 
 0.11538462 0.03632479 0.08119658 0.76709402
 0.12393162 0.80128205 0.02564103 0.0491453 
 0.1517094  0.00213675 0.09401709 0.75213675
 0.00213675 0.06623932 0.92307692 0.00854701
 0.11538462 0.32051282 0.16666667 0.3974359 
 0.18376068 0.2008547  0.56410256 0.05128205
 0.05128205 0.21367521 0.62606838 0.10897436
 0.03418803 0.56837607 0.2542735  0.14316239

MOTIF M2Rl2__127
letter-probability matrix: alength= 4 w= 9 
 0.18595041 0.33471074 0.16115702 0.31818182
 0.20661157 0.06198347 0.71487603 0.01652893
 0.60950413 0.20867769 0.00413223 0.17768595
 0.01033058 0.32024793 0.30371901 0.36570248
 0.40702479 0.42768595 0.12396694 0.04132231
 0.57231405 0.00826446 0.15909091 0.26033058
 0.02892562 0.01033058 0.33884298 0.62190083
 0.33677686 0.05578512 0.16528926 0.44214876
 0.1177686  0.19834711 0.52066116 0.16322314

MOTIF M2Rl2__134
letter-probability matrix: alength= 4 w= 9 
 0.10082305 0.42798354 0.26337449 0.20781893
 0.56790123 0.18518519 0.10082305 0.14609053
 0.45061728 0.00205761 0.49794239 0.04938272
 0.32510288 0.53909465 0.01028807 0.1255144 
 0.00205761 0.61934156 0.1872428  0.19135802
 0.03497942 0.51234568 0.00411523 0.44855967
 0.02880658 0.04320988 0.88888889 0.03909465
 0.29012346 0.49176955 0.02263374 0.19547325
 0.75308642 0.09670782 0.03909465 0.11111111

MOTIF M2Rl2__135
letter-probability matrix: alength= 4 w= 9 
 0.06846473 0.2780083  0.28630705 0.36721992
 0.39211618 0.10580913 0.3526971  0.14937759
 0.00207469 0.9439834  0.00207469 0.05186722
 0.6120332  0.00207469 0.36721992 0.0186722 
 0.17634855 0.06431535 0.56431535 0.19502075
 0.28423237 0.00207469 0.35684647 0.35684647
 0.61410788 0.15767635 0.00622407 0.2219917 
 0.15145228 0.53112033 0.2780083  0.03941909
 0.17219917 0.23651452 0.44813278 0.14315353

MOTIF M2Rl2__138
letter-probability matrix: alength= 4 w= 9 
 0.24897119 0.19753086 0.50617284 0.0473251 
 0.16255144 0.34773663 0.10082305 0.38888889
 0.14403292 0.12139918 0.00823045 0.72633745
 0.02057613 0.51646091 0.46090535 0.00205761
 0.00205761 0.09465021 0.26337449 0.6399177 
 0.43415638 0.00617284 0.00205761 0.55761317
 0.10493827 0.20781893 0.67078189 0.01646091
 0.17695473 0.05349794 0.05349794 0.71604938
 0.17489712 0.08641975 0.43415638 0.30452675

MOTIF M2Rl2__143
letter-probability matrix: alength= 4 w= 9 
 0.27484144 0.20930233 0.205074   0.31078224
 0.37843552 0.27061311 0.3255814  0.02536998
 0.15010571 0.00634249 0.16067653 0.68287526
 0.10147992 0.87103594 0.00211416 0.02536998
 0.04016913 0.01691332 0.27484144 0.66807611
 0.03171247 0.90909091 0.02114165 0.03805497
 0.42706131 0.05496829 0.00845666 0.50951374
 0.10993658 0.21987315 0.27272727 0.397463  
 0.24524313 0.27061311 0.22621564 0.25792812

MOTIF M2Rl2__145
letter-probability matrix: alength= 4 w= 9 
 0.37423313 0.33742331 0.11042945 0.17791411
 0.39468303 0.11860941 0.0593047  0.42740286
 0.29243354 0.2597137  0.24130879 0.20654397
 0.59713701 0.13701431 0.24948875 0.01635992
 0.0408998  0.01226994 0.26584867 0.6809816 
 0.30674847 0.49079755 0.01022495 0.19222904
 0.00817996 0.16155419 0.68916155 0.14110429
 0.64212679 0.2392638  0.05725971 0.06134969
 0.66871166 0.12883436 0.14519427 0.05725971

MOTIF M2Rl2__147
letter-probability matrix: alength= 4 w= 9 
 0.00813008 0.13821138 0.34552846 0.50813008
 0.0101626  0.00203252 0.78455285 0.20325203
 0.17073171 0.81910569 0.00609756 0.00406504
 0.66260163 0.25203252 0.08333333 0.00203252
 0.02235772 0.19105691 0.77642276 0.0101626 
 0.28455285 0.32113821 0.31097561 0.08333333
 0.10162602 0.3597561  0.46138211 0.07723577
 0.74186992 0.00203252 0.06300813 0.19308943
 0.39634146 0.2398374  0.24186992 0.12195122

MOTIF M2Rl2__151
letter-probability matrix: alength= 4 w= 9 
 0.02916667 0.81458333 0.06041667 0.09583333
 0.3125     0.41666667 0.19791667 0.07291667
 0.48541667 0.12916667 0.29166667 0.09375   
 0.12083333 0.12916667 0.62083333 0.12916667
 0.00833333 0.02083333 0.08125    0.88958333
 0.07708333 0.34791667 0.00208333 0.57291667
 0.50833333 0.12291667 0.08333333 0.28541667
 0.13958333 0.55208333 0.06875    0.23958333
 0.14791667 0.44166667 0.175      0.23541667

MOTIF M2Rl2__153
letter-probability matrix: alength= 4 w= 9 
 0.49896907 0.24742268 0.21443299 0.03917526
 0.23917526 0.14020619 0.42680412 0.19381443
 0.2742268  0.30309278 0.10103093 0.32164948
 0.31752577 0.2742268  0.40618557 0.00206186
 0.15670103 0.02268041 0.24123711 0.57938144
 0.29278351 0.00206186 0.04123711 0.66391753
 0.11340206 0.68041237 0.00206186 0.20412371
 0.17938144 0.78762887 0.01649485 0.01649485
 0.1257732  0.51134021 0.03298969 0.32989691

MOTIF M2Rl2__157
letter-probability matrix: alength= 4 w= 9 
 0.06707317 0.49593496 0.2398374  0.19715447
 0.16666667 0.43495935 0.01626016 0.38211382
 0.02845528 0.45934959 0.00813008 0.50406504
 0.00203252 0.09349593 0.90243902 0.00203252
 0.40853659 0.3902439  0.00203252 0.19918699
 0.10772358 0.29268293 0.14837398 0.45121951
 0.29878049 0.26829268 0.00203252 0.43089431
 0.04471545 0.72560976 0.17886179 0.05081301
 0.32317073 0.42073171 0.15853659 0.09756098

MOTIF M2Rl2__158
letter-probability matrix: alength= 4 w= 9 
 0.28631579 0.24421053 0.32842105 0.14105263
 0.32842105 0.09473684 0.53894737 0.03789474
 0.41894737 0.13684211 0.20631579 0.23789474
 0.41263158 0.25894737 0.10105263 0.22736842
 0.20842105 0.76631579 0.02105263 0.00421053
 0.00210526 0.01052632 0.08631579 0.90105263
 0.01052632 0.00210526 0.00210526 0.98526316
 0.15578947 0.72210526 0.12       0.00210526
 0.14947368 0.29684211 0.31157895 0.24210526

MOTIF M2Rl2__159
letter-probability matrix: alength= 4 w= 9 
 0.5186722  0.21991701 0.10580913 0.15560166
 0.13900415 0.34439834 0.29460581 0.2219917 
 0.0560166  0.33609959 0.16390041 0.4439834 
 0.19502075 0.30705394 0.1473029  0.35062241
 0.00207469 0.09958506 0.71369295 0.1846473 
 0.58713693 0.093361   0.0560166  0.26348548
 0.12033195 0.15975104 0.08091286 0.63900415
 0.07883817 0.48547718 0.00622407 0.42946058
 0.04356846 0.20124481 0.47925311 0.27593361

MOTIF M2Rl2__160
letter-probability matrix: alength= 4 w= 9 
 0.06818182 0.66322314 0.16322314 0.1053719 
 0.09297521 0.69421488 0.09090909 0.12190083
 0.04338843 0.62190083 0.1177686  0.21694215
 0.35330579 0.05578512 0.38636364 0.20454545
 0.83884298 0.00206612 0.09090909 0.06818182
 0.00206612 0.61157025 0.35123967 0.03512397
 0.12190083 0.02479339 0.26859504 0.58471074
 0.2231405  0.12190083 0.04132231 0.61363636
 0.24380165 0.5392562  0.17768595 0.0392562 

MOTIF M2Rl2__161
letter-probability matrix: alength= 4 w= 9 
 0.11482255 0.3256785  0.08768267 0.47181628
 0.07306889 0.34655532 0.03131524 0.54906054
 0.00417537 0.44467641 0.5177453  0.03340292
 0.00208768 0.30480167 0.00208768 0.69102296
 0.00417537 0.06263048 0.08350731 0.84968685
 0.16701461 0.35281837 0.39457203 0.08559499
 0.61586639 0.13152401 0.15240084 0.10020877
 0.18580376 0.30897704 0.09812109 0.40709812
 0.16075157 0.24217119 0.39457203 0.20250522

MOTIF M2Rl2__163
letter-probability matrix: alength= 4 w= 9 
 0.27004219 0.26160338 0.37974684 0.08860759
 0.43037975 0.38396624 0.1371308  0.04852321
 0.64978903 0.07172996 0.10548523 0.17299578
 0.06118143 0.1835443  0.20042194 0.55485232
 0.35654008 0.0464135  0.00843882 0.58860759
 0.03586498 0.20464135 0.75738397 0.0021097 
 0.15400844 0.01476793 0.46202532 0.36919831
 0.29535865 0.02531646 0.06962025 0.60970464
 0.11603376 0.16455696 0.48734177 0.23206751

MOTIF M2Rl2__164
letter-probability matrix: alength= 4 w= 9 
 0.04536082 0.19381443 0.36494845 0.39587629
 0.28453608 0.0185567  0.58762887 0.10927835
 0.07010309 0.74226804 0.17731959 0.01030928
 0.00206186 0.00206186 0.96494845 0.03092784
 0.02061856 0.00412371 0.90103093 0.0742268 
 0.10515464 0.14639175 0.00618557 0.74226804
 0.0556701  0.42061856 0.43917526 0.08453608
 0.02268041 0.02268041 0.65360825 0.30103093
 0.23092784 0.25979381 0.29484536 0.21443299

MOTIF M2Rl2__165
letter-probability matrix: alength= 4 w= 9 
 0.19262295 0.06147541 0.24795082 0.49795082
 0.00204918 0.71721311 0.07172131 0.20901639
 0.38934426 0.00204918 0.06557377 0.54303279
 0.00409836 0.31352459 0.57377049 0.10860656
 0.58811475 0.00204918 0.00204918 0.40778689
 0.09836066 0.17827869 0.60245902 0.12090164
 0.02663934 0.37295082 0.56762295 0.03278689
 0.17008197 0.4795082  0.02254098 0.32786885
 0.07172131 0.34221311 0.30327869 0.28278689

MOTIF M2Rl2__166
letter-probability matrix: alength= 4 w= 9 
 0.05040323 0.49798387 0.28830645 0.16330645
 0.01814516 0.40322581 0.42137097 0.15725806
 0.2983871  0.31854839 0.10483871 0.27822581
 0.72983871 0.00806452 0.04637097 0.21572581
 0.06854839 0.84072581 0.0766129  0.0141129 
 0.77822581 0.00201613 0.00201613 0.21774194
 0.12701613 0.48991935 0.12903226 0.25403226
 0.03225806 0.96370968 0.00201613 0.00201613
 0.38104839 0.30241935 0.06854839 0.24798387

MOTIF M2Rl2__167
letter-probability matrix: alength= 4 w= 9 
 0.27835052 0.05360825 0.60618557 0.06185567
 0.26391753 0.16494845 0.08247423 0.48865979
 0.19793814 0.27010309 0.14226804 0.38969072
 0.57938144 0.00206186 0.00206186 0.41649485
 0.43505155 0.44948454 0.00206186 0.11340206
 0.46185567 0.34639175 0.00618557 0.18556701
 0.01443299 0.15463918 0.53402062 0.29690722
 0.12371134 0.4        0.09896907 0.37731959
 0.09690722 0.2        0.4371134  0.26597938

MOTIF M2Rl2__169
letter-probability matrix: alength= 4 w= 9 
 0.42827443 0.27858628 0.16424116 0.12889813
 0.07068607 0.18918919 0.01247401 0.72765073
 0.16632017 0.002079   0.82952183 0.002079  
 0.45114345 0.18295218 0.14760915 0.21829522
 0.28482328 0.01039501 0.10602911 0.5987526 
 0.55093555 0.03950104 0.02702703 0.38253638
 0.14760915 0.23908524 0.07068607 0.54261954
 0.16424116 0.15384615 0.12681913 0.55509356
 0.11850312 0.11850312 0.52598753 0.23700624

MOTIF M2Rl2__170
letter-probability matrix: alength= 4 w= 9 
 0.46341463 0.44918699 0.00609756 0.08130081
 0.15853659 0.10365854 0.2601626  0.47764228
 0.63821138 0.0101626  0.31097561 0.04065041
 0.54268293 0.00203252 0.43292683 0.02235772
 0.8495935  0.02642276 0.08536585 0.03861789
 0.3699187  0.01422764 0.60162602 0.01422764
 0.35772358 0.29878049 0.33333333 0.0101626 
 0.11382114 0.04471545 0.80284553 0.03861789
 0.25       0.21138211 0.34552846 0.19308943

MOTIF M2Rl2__171
letter-probability matrix: alength= 4 w= 9 
 0.50627615 0.15481172 0.15062762 0.18828452
 0.29707113 0.07740586 0.36610879 0.25941423
 0.89121339 0.0209205  0.05020921 0.0376569 
 0.81380753 0.07112971 0.10251046 0.0125523 
 0.77615063 0.00209205 0.06903766 0.15271967
 0.00209205 0.22175732 0.00627615 0.76987448
 0.16527197 0.22384937 0.10460251 0.50627615
 0.24267782 0.5167364  0.09623431 0.14435146
 0.28661088 0.23849372 0.07531381 0.39958159

MOTIF M2Rl2__172
letter-probability matrix: alength= 4 w= 9 
 0.51619433 0.09716599 0.35222672 0.03441296
 0.74089069 0.04048583 0.17206478 0.0465587 
 0.36234818 0.22469636 0.39271255 0.02024291
 0.0465587  0.77935223 0.1194332  0.05465587
 0.34008097 0.02834008 0.24898785 0.38259109
 0.52226721 0.14979757 0.20445344 0.12348178
 0.55465587 0.02024291 0.15182186 0.27327935
 0.15384615 0.02631579 0.70445344 0.11538462
 0.52226721 0.06477733 0.29554656 0.11740891

MOTIF M2Rl2__175
letter-probability matrix: alength= 4 w= 9 
 0.38381743 0.37551867 0.09958506 0.14107884
 0.76763485 0.11618257 0.08091286 0.03526971
 0.26141079 0.12240664 0.35062241 0.26556017
 0.04979253 0.01452282 0.00207469 0.93360996
 0.63278008 0.0560166  0.26763485 0.04356846
 0.24688797 0.30705394 0.31950207 0.12655602
 0.22821577 0.26348548 0.00414938 0.50414938
 0.00207469 0.19917012 0.51452282 0.28423237
 0.093361   0.26556017 0.43360996 0.20746888

MOTIF M2Rl2__177
letter-probability matrix: alength= 4 w= 9 
 0.1122449  0.18163265 0.66122449 0.04489796
 0.01428571 0.04693878 0.09387755 0.84489796
 0.05306122 0.42857143 0.00204082 0.51632653
 0.14081633 0.81632653 0.04081633 0.00204082
 0.03469388 0.69183673 0.03673469 0.23673469
 0.49387755 0.2755102  0.00816327 0.22244898
 0.0877551  0.21428571 0.18979592 0.50816327
 0.20612245 0.24285714 0.18979592 0.36122449
 0.1244898  0.46938776 0.20408163 0.20204082

MOTIF M2Rl2__179
letter-probability matrix: alength= 4 w= 9 
 0.14141414 0.40808081 0.28686869 0.16363636
 0.66666667 0.0969697  0.08282828 0.15353535
 0.01818182 0.01010101 0.82020202 0.15151515
 0.02626263 0.84646465 0.05454545 0.07272727
 0.18585859 0.1010101  0.25050505 0.46262626
 0.56161616 0.0020202  0.17979798 0.25656566
 0.24646465 0.46464646 0.0040404  0.28484848
 0.33535354 0.13333333 0.37777778 0.15353535
 0.22424242 0.13535354 0.47676768 0.16363636

MOTIF M2Rl2__180
letter-probability matrix: alength= 4 w= 9 
 0.03822938 0.81488934 0.02816901 0.11871227
 0.00804829 0.09054326 0.31790744 0.58350101
 0.20925553 0.56539235 0.02414487 0.20120724
 0.04627767 0.63983903 0.10060362 0.21327968
 0.38430584 0.24346076 0.21730382 0.15492958
 0.03018109 0.59557344 0.277666   0.09657948
 0.04426559 0.35211268 0.00201207 0.60160966
 0.04024145 0.00201207 0.81891348 0.138833  
 0.15291751 0.63782696 0.14285714 0.06639839

MOTIF M2Rl2__183
letter-probability matrix: alength= 4 w= 9 
 0.04219409 0.56329114 0.07594937 0.3185654 
 0.14345992 0.07594937 0.0021097  0.77848101
 0.01476793 0.43248945 0.10337553 0.44936709
 0.06329114 0.32067511 0.61392405 0.0021097 
 0.1814346  0.092827   0.72362869 0.0021097 
 0.60548523 0.10548523 0.20253165 0.08649789
 0.29535865 0.00632911 0.60759494 0.0907173 
 0.42616034 0.46202532 0.01265823 0.09915612
 0.48101266 0.21518987 0.02531646 0.27848101

MOTIF M2Rl2__184
letter-probability matrix: alength= 4 w= 9 
 0.16926503 0.0935412  0.26726058 0.46993318
 0.00222717 0.0623608  0.01336303 0.922049  
 0.00222717 0.00222717 0.06013363 0.93541203
 0.23608018 0.00222717 0.6169265  0.14476615
 0.0155902  0.72383073 0.02227171 0.23830735
 0.03563474 0.51893096 0.36302895 0.08240535
 0.0467706  0.13808463 0.59688196 0.21826281
 0.1714922  0.38530067 0.07349666 0.36971047
 0.23162584 0.27616927 0.33407572 0.15812918

MOTIF M2Rl2__185
letter-probability matrix: alength= 4 w= 9 
 0.35860656 0.14754098 0.18237705 0.31147541
 0.14344262 0.44467213 0.1352459  0.27663934
 0.34016393 0.48770492 0.13934426 0.03278689
 0.00204918 0.08401639 0.2807377  0.63319672
 0.00409836 0.00204918 0.00204918 0.99180328
 0.03893443 0.91393443 0.01639344 0.0307377 
 0.00204918 0.18442623 0.59631148 0.21721311
 0.07786885 0.18647541 0.62090164 0.1147541 
 0.04918033 0.22540984 0.54508197 0.18032787

MOTIF M2Rl2__189
letter-probability matrix: alength= 4 w= 9 
 0.05510204 0.12857143 0.30612245 0.51020408
 0.34693878 0.05306122 0.44285714 0.15714286
 0.43265306 0.00612245 0.00204082 0.55918367
 0.00204082 0.00204082 0.65918367 0.33673469
 0.00204082 0.43061224 0.16122449 0.40612245
 0.06530612 0.44081633 0.10408163 0.38979592
 0.2244898  0.28367347 0.18571429 0.30612245
 0.03265306 0.05510204 0.2122449  0.7       
 0.15918367 0.46938776 0.1877551  0.18367347

MOTIF M2Rl2__190
letter-probability matrix: alength= 4 w= 9 
 0.2832981  0.14376321 0.30021142 0.27272727
 0.02959831 0.3615222  0.54545455 0.06342495
 0.27061311 0.09936575 0.10782241 0.52219873
 0.36363636 0.1564482  0.47780127 0.00211416
 0.01268499 0.4397463  0.09302326 0.45454545
 0.22621564 0.25581395 0.00845666 0.50951374
 0.00211416 0.48837209 0.40803383 0.10147992
 0.02536998 0.48837209 0.21775899 0.26849894
 0.01057082 0.13953488 0.76955603 0.08033827

MOTIF M2Rl2__191
letter-probability matrix: alength= 4 w= 9 
 0.31041667 0.13958333 0.43333333 0.11666667
 0.40833333 0.1        0.14375    0.34791667
 0.32083333 0.61666667 0.06041667 0.00208333
 0.32083333 0.16875    0.0125     0.49791667
 0.15625 0.55    0.14375 0.15   
 0.58125    0.00208333 0.00208333 0.41458333
 0.00208333 0.29583333 0.42083333 0.28125   
 0.18125    0.10625    0.67083333 0.04166667
 0.1875     0.10833333 0.63541667 0.06875   

MOTIF M2Rl2__192
letter-probability matrix: alength= 4 w= 9 
 0.59137577 0.21560575 0.10882957 0.08418891
 0.60985626 0.0349076  0.11088296 0.24435318
 0.06365503 0.14989733 0.12731006 0.65913758
 0.0513347  0.30595483 0.16837782 0.47433265
 0.07392197 0.06570842 0.44353183 0.41683778
 0.0513347  0.21971253 0.06570842 0.66324435
 0.08008214 0.05954825 0.17043121 0.6899384 
 0.03285421 0.07186858 0.1026694  0.7926078 
 0.10882957 0.24845996 0.28131417 0.3613963 

MOTIF M2Rl2__193
letter-probability matrix: alength= 4 w= 9 
 0.2172043  0.30967742 0.34623656 0.12688172
 0.2172043  0.36344086 0.24946237 0.16989247
 0.31612903 0.22365591 0.41935484 0.04086022
 0.00645161 0.45591398 0.53548387 0.00215054
 0.9311828  0.00215054 0.00215054 0.06451613
 0.00215054 0.00215054 0.01075269 0.98494624
 0.00645161 0.00430108 0.01505376 0.97419355
 0.09462366 0.30537634 0.20645161 0.39354839
 0.09677419 0.24731183 0.3483871  0.30752688

MOTIF M2Rl2__194
letter-probability matrix: alength= 4 w= 9 
 0.01458333 0.50625    0.06666667 0.4125    
 0.00208333 0.52083333 0.12708333 0.35      
 0.00208333 0.19583333 0.74791667 0.05416667
 0.01041667 0.08541667 0.84791667 0.05625   
 0.01458333 0.68541667 0.23958333 0.06041667
 0.00208333 0.00833333 0.03333333 0.95625   
 0.23125    0.00208333 0.36041667 0.40625   
 0.05208333 0.64583333 0.22291667 0.07916667
 0.24583333 0.2625     0.22291667 0.26875   

MOTIF M2Rl2__199
letter-probability matrix: alength= 4 w= 9 
 0.13473684 0.33263158 0.33684211 0.19578947
 0.10526316 0.71578947 0.07157895 0.10736842
 0.53894737 0.00842105 0.00210526 0.45052632
 0.00210526 0.00210526 0.95578947 0.04      
 0.00210526 0.00210526 0.00210526 0.99368421
 0.00210526 0.57263158 0.10736842 0.31789474
 0.01263158 0.17263158 0.30736842 0.50736842
 0.09263158 0.38105263 0.27789474 0.24842105
 0.05684211 0.32       0.28       0.34315789

MOTIF M2Rl2__200
letter-probability matrix: alength= 4 w= 9 
 0.17436975 0.31302521 0.39495798 0.11764706
 0.15546218 0.42016807 0.10714286 0.31722689
 0.66596639 0.2394958  0.00210084 0.09243697
 0.00630252 0.00210084 0.18697479 0.80462185
 0.13865546 0.18907563 0.09453782 0.57773109
 0.10084034 0.80672269 0.07142857 0.0210084 
 0.19957983 0.12605042 0.11134454 0.56302521
 0.00840336 0.77521008 0.07142857 0.14495798
 0.02941176 0.15546218 0.26680672 0.54831933

MOTIF M2Rl2__201
letter-probability matrix: alength= 4 w= 9 
 0.08418891 0.1026694  0.42710472 0.38603696
 0.01232033 0.14168378 0.40862423 0.43737166
 0.26694045 0.11498973 0.43942505 0.17864476
 0.33880903 0.09856263 0.4661191  0.09650924
 0.25667351 0.12731006 0.6036961  0.01232033
 0.45174538 0.00410678 0.53593429 0.00821355
 0.4661191  0.00410678 0.50308008 0.02669405
 0.79876797 0.15195072 0.03696099 0.01232033
 0.76180698 0.05954825 0.14373717 0.0349076 

MOTIF M2Rl2__202
letter-probability matrix: alength= 4 w= 9 
 0.49690722 0.20206186 0.28247423 0.0185567 
 0.21649485 0.20412371 0.41443299 0.16494845
 0.4        0.08659794 0.12989691 0.38350515
 0.00206186 0.01030928 0.77319588 0.21443299
 0.29072165 0.04329897 0.63092784 0.03505155
 0.34226804 0.42061856 0.12371134 0.11340206
 0.66804124 0.00206186 0.03298969 0.29690722
 0.07628866 0.60412371 0.22474227 0.09484536
 0.34639175 0.13195876 0.02680412 0.49484536

MOTIF M2Rl2__203
letter-probability matrix: alength= 4 w= 9 
 0.25581395 0.05708245 0.34249471 0.34460888
 0.19661734 0.1564482  0.23255814 0.41437632
 0.55602537 0.02114165 0.06553911 0.35729387
 0.33403805 0.01479915 0.07399577 0.57716702
 0.28964059 0.00422833 0.01057082 0.69556025
 0.25792812 0.49048626 0.00211416 0.24947146
 0.02325581 0.2410148  0.13953488 0.5961945 
 0.33826638 0.15433404 0.37632135 0.13107822
 0.31078224 0.31712474 0.23678647 0.13530655

MOTIF M2Rl2__204
letter-probability matrix: alength= 4 w= 9 
 0.06292135 0.17752809 0.33707865 0.42247191
 0.02696629 0.05168539 0.56629213 0.35505618
 0.01573034 0.69662921 0.00449438 0.28314607
 0.81348315 0.0247191  0.13033708 0.03146067
 0.00224719 0.66741573 0.17303371 0.15730337
 0.35955056 0.55955056 0.07865169 0.00224719
 0.06067416 0.36404494 0.48988764 0.08539326
 0.21573034 0.02022472 0.25617978 0.50786517
 0.16629213 0.34157303 0.26292135 0.22921348

MOTIF M2Rl2__206
letter-probability matrix: alength= 4 w= 9 
 0.15082645 0.26446281 0.3946281  0.19008264
 0.1177686  0.34090909 0.03305785 0.50826446
 0.49173554 0.03719008 0.3553719  0.11570248
 0.17561983 0.23760331 0.4214876  0.16528926
 0.05371901 0.23966942 0.05578512 0.65082645
 0.3285124  0.45867769 0.2107438  0.00206612
 0.05578512 0.00826446 0.16528926 0.77066116
 0.09090909 0.0785124  0.61363636 0.21694215
 0.23140496 0.14049587 0.48553719 0.14256198

MOTIF M2Rl2__207
letter-probability matrix: alength= 4 w= 9 
 0.21472393 0.43558282 0.17586912 0.17382413
 0.32310838 0.02658487 0.56441718 0.08588957
 0.41513292 0.22494888 0.35787321 0.00204499
 0.11860941 0.36605317 0.11656442 0.39877301
 0.07157464 0.01226994 0.00204499 0.91411043
 0.42740286 0.32310838 0.04907975 0.200409  
 0.14314928 0.26584867 0.50715746 0.08384458
 0.0408998  0.13087935 0.09406953 0.73415133
 0.10429448 0.23517382 0.57055215 0.08997955

MOTIF M2Rl2__208
letter-probability matrix: alength= 4 w= 9 
 0.23014257 0.22606925 0.06924644 0.47454175
 0.25254582 0.12016293 0.09164969 0.53564155
 0.27291242 0.47046843 0.01425662 0.24236253
 0.00203666 0.41547862 0.02851324 0.55397149
 0.00203666 0.4114053  0.18329939 0.40325866
 0.14663951 0.401222   0.44399185 0.00814664
 0.43177189 0.13034623 0.37881874 0.05906314
 0.16293279 0.21181263 0.22606925 0.39918534
 0.11608961 0.26680244 0.36456212 0.25254582

MOTIF M2Rl2__210
letter-probability matrix: alength= 4 w= 9 
 0.41176471 0.08613445 0.26470588 0.23739496
 0.42226891 0.19537815 0.18907563 0.19327731
 0.7289916  0.01680672 0.20798319 0.04621849
 0.30252101 0.59453782 0.10084034 0.00210084
 0.26680672 0.28781513 0.41386555 0.03151261
 0.66386555 0.10714286 0.22058824 0.00840336
 0.28991597 0.08193277 0.5210084  0.10714286
 0.08193277 0.01470588 0.26680672 0.63655462
 0.11344538 0.22058824 0.44747899 0.21848739

MOTIF M2Rl2__211
letter-probability matrix: alength= 4 w= 9 
 0.04132231 0.25       0.6177686  0.09090909
 0.05578512 0.1053719  0.53099174 0.30785124
 0.05991736 0.00206612 0.85123967 0.08677686
 0.86570248 0.04958678 0.02066116 0.06404959
 0.41528926 0.36570248 0.17975207 0.0392562 
 0.15702479 0.13842975 0.04545455 0.65909091
 0.01239669 0.89256198 0.00206612 0.09297521
 0.15082645 0.38016529 0.42561983 0.04338843
 0.38842975 0.14876033 0.37396694 0.08884298

MOTIF M2Rl2__212
letter-probability matrix: alength= 4 w= 9 
 0.25609756 0.07113821 0.6300813  0.04268293
 0.01829268 0.31910569 0.25406504 0.40853659
 0.26219512 0.12398374 0.05284553 0.56097561
 0.03658537 0.00203252 0.95934959 0.00203252
 0.07317073 0.00203252 0.04674797 0.87804878
 0.38821138 0.0995935  0.20121951 0.31097561
 0.25       0.17479675 0.37398374 0.20121951
 0.25       0.1504065  0.57113821 0.02845528
 0.3597561  0.11585366 0.2703252  0.25406504

MOTIF M2Rl2__213
letter-probability matrix: alength= 4 w= 9 
 0.01851852 0.24691358 0.17489712 0.55967078
 0.08230453 0.27160494 0.02880658 0.61728395
 0.16255144 0.09876543 0.27572016 0.46296296
 0.00205761 0.66666667 0.24897119 0.08230453
 0.06378601 0.00823045 0.69958848 0.22839506
 0.14197531 0.04115226 0.43209877 0.38477366
 0.06995885 0.218107   0.00205761 0.70987654
 0.02263374 0.00823045 0.52469136 0.44444444
 0.08641975 0.3744856  0.33127572 0.20781893

MOTIF M2Rl2__214
letter-probability matrix: alength= 4 w= 9 
 0.04032258 0.22983871 0.23387097 0.49596774
 0.00201613 0.34677419 0.03024194 0.62096774
 0.01209677 0.33870968 0.01008065 0.6391129 
 0.00201613 0.17137097 0.47983871 0.34677419
 0.02419355 0.25806452 0.05241935 0.66532258
 0.05241935 0.04032258 0.62298387 0.28427419
 0.03629032 0.72782258 0.02217742 0.21370968
 0.01008065 0.12701613 0.44959677 0.41330645
 0.04032258 0.15120968 0.77016129 0.03830645

MOTIF M2Rl2__215
letter-probability matrix: alength= 4 w= 9 
 0.08955224 0.29850746 0.5010661  0.1108742 
 0.2196162  0.24093817 0.32196162 0.21748401
 0.47974414 0.02345416 0.21748401 0.2793177 
 0.73773987 0.15138593 0.00852878 0.10234542
 0.0021322  0.92537313 0.00426439 0.06823028
 0.0533049  0.04904051 0.15138593 0.74626866
 0.0021322  0.65031983 0.24307036 0.10447761
 0.0021322  0.11940299 0.67377399 0.20469083
 0.39872068 0.12153518 0.25159915 0.22814499

MOTIF M2Rl2__217
letter-probability matrix: alength= 4 w= 9 
 0.58401639 0.08811475 0.09221311 0.23565574
 0.25819672 0.17213115 0.56557377 0.00409836
 0.02459016 0.25204918 0.16188525 0.56147541
 0.20286885 0.41598361 0.16803279 0.21311475
 0.11065574 0.05122951 0.82786885 0.0102459 
 0.46311475 0.00614754 0.30942623 0.22131148
 0.01639344 0.20491803 0.12704918 0.65163934
 0.02868852 0.64344262 0.22540984 0.10245902
 0.07786885 0.17008197 0.49590164 0.25614754

MOTIF M2Rl2__220
letter-probability matrix: alength= 4 w= 9 
 0.5617284  0.19341564 0.08436214 0.16049383
 0.43621399 0.21604938 0.21604938 0.13168724
 0.22427984 0.67283951 0.03292181 0.06995885
 0.00205761 0.02057613 0.61522634 0.36213992
 0.00205761 0.44032922 0.33333333 0.22427984
 0.00617284 0.02057613 0.42386831 0.54938272
 0.03909465 0.20164609 0.18106996 0.5781893 
 0.47942387 0.31481481 0.03703704 0.16872428
 0.09670782 0.32716049 0.2037037  0.37242798

MOTIF M2Rl2__221
letter-probability matrix: alength= 4 w= 9 
 0.15510204 0.08571429 0.21836735 0.54081633
 0.01020408 0.01020408 0.01020408 0.96938776
 0.1        0.56326531 0.03877551 0.29795918
 0.04693878 0.38571429 0.00204082 0.56530612
 0.00204082 0.08367347 0.57959184 0.33469388
 0.00204082 0.54897959 0.13469388 0.31428571
 0.04489796 0.45714286 0.07142857 0.42653061
 0.25306122 0.33673469 0.21632653 0.19387755
 0.05714286 0.2877551  0.46122449 0.19387755

MOTIF M2Rl2__223
letter-probability matrix: alength= 4 w= 9 
 0.28427419 0.25403226 0.39717742 0.06451613
 0.47379032 0.28024194 0.13104839 0.11491935
 0.30241935 0.08266129 0.24193548 0.37298387
 0.71169355 0.07459677 0.08669355 0.12701613
 0.00201613 0.00201613 0.01209677 0.98387097
 0.00201613 0.02419355 0.8125     0.16129032
 0.37903226 0.42943548 0.05241935 0.1391129 
 0.22379032 0.34677419 0.36290323 0.06653226
 0.36290323 0.21572581 0.19153226 0.22983871

MOTIF M2Rl2__227
letter-probability matrix: alength= 4 w= 9 
 0.22083333 0.0875     0.49166667 0.2       
 0.00625    0.13125    0.39791667 0.46458333
 0.61875    0.16458333 0.07916667 0.1375    
 0.3875     0.09375    0.51666667 0.00208333
 0.025      0.11041667 0.59583333 0.26875   
 0.18125    0.2625     0.32916667 0.22708333
 0.28333333 0.23125    0.41458333 0.07083333
 0.72916667 0.00625    0.2375     0.02708333
 0.49791667 0.10416667 0.15625    0.24166667

MOTIF M2Rl2__230
letter-probability matrix: alength= 4 w= 9 
 0.17634409 0.17204301 0.41505376 0.23655914
 0.05591398 0.01935484 0.82795699 0.09677419
 0.25806452 0.42150538 0.31827957 0.00215054
 0.00215054 0.23655914 0.68817204 0.07311828
 0.42150538 0.02795699 0.01075269 0.53978495
 0.37419355 0.00430108 0.49032258 0.1311828 
 0.49892473 0.37204301 0.10537634 0.02365591
 0.3827957  0.33763441 0.15698925 0.12258065
 0.01290323 0.01935484 0.73978495 0.22795699

MOTIF M2Rl2__231
letter-probability matrix: alength= 4 w= 9 
 0.20944559 0.44558522 0.27310062 0.07186858
 0.26899384 0.16427105 0.19301848 0.37371663
 0.02053388 0.02464066 0.07802875 0.87679671
 0.03696099 0.55030801 0.18275154 0.22997947
 0.22792608 0.59753593 0.00205339 0.1724846 
 0.00410678 0.06776181 0.56468172 0.36344969
 0.17864476 0.65708419 0.00205339 0.16221766
 0.12525667 0.20944559 0.42094456 0.24435318
 0.02874743 0.01232033 0.90759754 0.0513347 

MOTIF M2Rl2__234
letter-probability matrix: alength= 4 w= 9 
 0.18367347 0.43877551 0.18571429 0.19183673
 0.13877551 0.2244898  0.23061224 0.40612245
 0.02244898 0.49795918 0.0244898  0.45510204
 0.38163265 0.05714286 0.27755102 0.28367347
 0.13061224 0.00204082 0.85918367 0.00816327
 0.64285714 0.0122449  0.2        0.14489796
 0.09387755 0.67346939 0.22244898 0.01020408
 0.23877551 0.00204082 0.20612245 0.55306122
 0.08571429 0.5122449  0.24285714 0.15918367

MOTIF M2Rl2__235
letter-probability matrix: alength= 4 w= 9 
 0.0480167  0.16283925 0.38204593 0.40709812
 0.01878914 0.31106472 0.12943633 0.54070981
 0.5908142  0.12108559 0.19832985 0.08977035
 0.00208768 0.00208768 0.67014614 0.3256785 
 0.00208768 0.00417537 0.00208768 0.99164927
 0.04175365 0.00208768 0.37578288 0.58037578
 0.21294363 0.66805846 0.07306889 0.04592902
 0.17327766 0.18371608 0.50730689 0.13569937
 0.0605428  0.21920668 0.45511482 0.2651357 

MOTIF M2Rl2__236
letter-probability matrix: alength= 4 w= 9 
 0.22567288 0.13664596 0.46376812 0.17391304
 0.17598344 0.04140787 0.45755694 0.32505176
 0.25258799 0.13250518 0.58178054 0.03312629
 0.35610766 0.61490683 0.00621118 0.02277433
 0.00414079 0.00621118 0.48033126 0.50931677
 0.11387164 0.1863354  0.0310559  0.66873706
 0.06625259 0.15320911 0.04140787 0.73913043
 0.48240166 0.10144928 0.14078675 0.27536232
 0.17805383 0.23188406 0.36853002 0.22153209

MOTIF M2Rl2__238
letter-probability matrix: alength= 4 w= 9 
 0.38762887 0.11752577 0.11958763 0.37525773
 0.35876289 0.40618557 0.09896907 0.13608247
 0.44536082 0.22474227 0.0185567  0.31134021
 0.28247423 0.06597938 0.04742268 0.60412371
 0.3443299  0.50927835 0.00206186 0.1443299 
 0.05979381 0.19381443 0.00824742 0.73814433
 0.29278351 0.58969072 0.00206186 0.11546392
 0.00206186 0.02474227 0.02886598 0.9443299 
 0.14639175 0.23505155 0.3443299  0.2742268 

MOTIF M2Rl2__239
letter-probability matrix: alength= 4 w= 9 
 0.06131078 0.19661734 0.5961945  0.14587738
 0.01479915 0.26215645 0.17758985 0.54545455
 0.65327696 0.00211416 0.32769556 0.01691332
 0.41437632 0.00845666 0.32346723 0.25369979
 0.2832981  0.42917548 0.0422833  0.24524313
 0.76955603 0.04016913 0.00211416 0.18816068
 0.05496829 0.36786469 0.27906977 0.29809725
 0.14376321 0.27906977 0.50105708 0.07610994
 0.09302326 0.09513742 0.79915433 0.01268499

MOTIF M2Rl2__243
letter-probability matrix: alength= 4 w= 9 
 0.16356108 0.48861284 0.16770186 0.18012422
 0.41200828 0.07867495 0.32712215 0.18219462
 0.55072464 0.1573499  0.0310559  0.26086957
 0.35196687 0.26293996 0.05383023 0.33126294
 0.69358178 0.02484472 0.26086957 0.02070393
 0.01656315 0.28985507 0.13043478 0.563147  
 0.1863354  0.16563147 0.63975155 0.00828157
 0.67287785 0.03933747 0.09730849 0.19047619
 0.2194617  0.11801242 0.28571429 0.37681159

MOTIF M2Rl2__246
letter-probability matrix: alength= 4 w= 9 
 0.10040984 0.22745902 0.36065574 0.31147541
 0.02254098 0.08401639 0.05327869 0.84016393
 0.42008197 0.56967213 0.00204918 0.00819672
 0.00204918 0.28278689 0.57581967 0.13934426
 0.02254098 0.2704918  0.00204918 0.70491803
 0.03278689 0.00204918 0.49180328 0.47336066
 0.17827869 0.66188525 0.00204918 0.15778689
 0.02459016 0.41188525 0.51639344 0.04713115
 0.32377049 0.27868852 0.20286885 0.19467213

MOTIF M2Rl2__247
letter-probability matrix: alength= 4 w= 9 
 0.29958678 0.16528926 0.30785124 0.22727273
 0.15082645 0.0392562  0.33471074 0.47520661
 0.16735537 0.47933884 0.30578512 0.04752066
 0.00206612 0.03099174 0.05578512 0.91115702
 0.40082645 0.00826446 0.5785124  0.01239669
 0.69214876 0.00826446 0.2768595  0.02272727
 0.14049587 0.59710744 0.26033058 0.00206612
 0.02892562 0.03099174 0.14256198 0.79752066
 0.09917355 0.25413223 0.26652893 0.38016529

MOTIF M2Rl2__248
letter-probability matrix: alength= 4 w= 9 
 0.1595092  0.36605317 0.44171779 0.03271984
 0.38650307 0.38445808 0.22699387 0.00204499
 0.3394683  0.15746421 0.35173824 0.15132924
 0.42535787 0.03885481 0.05316973 0.48261759
 0.20449898 0.10429448 0.00204499 0.68916155
 0.16155419 0.75460123 0.01635992 0.06748466
 0.14723926 0.42740286 0.20858896 0.21676892
 0.02658487 0.78527607 0.02658487 0.16155419
 0.06543967 0.05521472 0.73619632 0.14314928

MOTIF M2Rl2__249
letter-probability matrix: alength= 4 w= 9 
 0.23760331 0.20867769 0.34297521 0.2107438 
 0.01859504 0.04338843 0.16115702 0.7768595 
 0.05991736 0.10950413 0.00206612 0.8285124 
 0.15289256 0.08884298 0.08057851 0.67768595
 0.10123967 0.12396694 0.00206612 0.77272727
 0.15289256 0.04132231 0.03719008 0.76859504
 0.33884298 0.08057851 0.07024793 0.51033058
 0.39049587 0.47520661 0.02892562 0.1053719 
 0.24380165 0.31404959 0.24793388 0.19421488

MOTIF M2Rl2__250
letter-probability matrix: alength= 4 w= 9 
 0.05578512 0.22107438 0.31198347 0.41115702
 0.00206612 0.0661157  0.46900826 0.46280992
 0.00206612 0.1322314  0.12396694 0.74173554
 0.05785124 0.00206612 0.75826446 0.18181818
 0.01652893 0.03512397 0.39049587 0.55785124
 0.08264463 0.61983471 0.00206612 0.29545455
 0.01446281 0.37603306 0.0785124  0.53099174
 0.04752066 0.00206612 0.5661157  0.38429752
 0.05578512 0.36983471 0.42355372 0.15082645

MOTIF M2Rl2__251
letter-probability matrix: alength= 4 w= 9 
 0.20081136 0.10547667 0.60446247 0.08924949
 0.2515213  0.43813387 0.30831643 0.0020284 
 0.4198783  0.23529412 0.30425963 0.04056795
 0.22312373 0.13995943 0.35294118 0.28397566
 0.56997972 0.03651116 0.06490872 0.32860041
 0.77281947 0.03245436 0.1703854  0.02434077
 0.03042596 0.35091278 0.42190669 0.19675456
 0.00811359 0.17444219 0.08924949 0.72819473
 0.02231237 0.15010142 0.75659229 0.07099391

MOTIF M2Rl2__253
letter-probability matrix: alength= 4 w= 9 
 0.23092784 0.31134021 0.2742268  0.18350515
 0.68659794 0.20824742 0.00206186 0.10309278
 0.03917526 0.01443299 0.26391753 0.68247423
 0.2        0.0742268  0.00206186 0.72371134
 0.14845361 0.0742268  0.22886598 0.54845361
 0.08453608 0.00412371 0.83092784 0.08041237
 0.13608247 0.12164948 0.64948454 0.09278351
 0.34639175 0.48659794 0.0742268  0.09278351
 0.22680412 0.21649485 0.26597938 0.29072165

MOTIF M2Rl2__254
letter-probability matrix: alength= 4 w= 9 
 0.80081301 0.08333333 0.11178862 0.00406504
 0.3495935  0.00203252 0.49593496 0.15243902
 0.0203252  0.36178862 0.00203252 0.61585366
 0.83130081 0.1504065  0.01626016 0.00203252
 0.1097561  0.0101626  0.53455285 0.34552846
 0.16260163 0.52235772 0.04878049 0.26626016
 0.15447154 0.31300813 0.07926829 0.45325203
 0.16260163 0.07926829 0.52235772 0.23577236
 0.10365854 0.18902439 0.44715447 0.2601626 

MOTIF M2Rl2__255
letter-probability matrix: alength= 4 w= 9 
 0.12603306 0.3946281  0.25413223 0.22520661
 0.45247934 0.25619835 0.26859504 0.02272727
 0.00619835 0.33677686 0.65495868 0.00206612
 0.00206612 0.45041322 0.00206612 0.54545455
 0.00206612 0.00206612 0.00206612 0.99380165
 0.01652893 0.15289256 0.8285124  0.00206612
 0.19214876 0.08057851 0.01033058 0.71694215
 0.03305785 0.3553719  0.22107438 0.39049587
 0.03099174 0.24793388 0.24793388 0.4731405 
