MEME version 5.4.1

ALPHABET= ACGT

strands: + -

Background letter frequencies
A 0.25 C 0.25 G 0.25 T 0.25

MOTIF human_l3_f_2
letter-probability matrix: alength= 4 w= 9 
 0.00475561 0.05125495 0.01162483 0.9323646 
 0.02457067 0.00211361 0.42298547 0.55033025
 0.00924703 0.02589168 0.56354029 0.401321  
 0.2010568  0.24517834 0.067107   0.48665786
 0.12575958 0.00343461 0.42192867 0.44887715
 0.00554822 0.08084544 0.38335535 0.53025099
 0.01215324 0.22324967 0.04253633 0.72206077
 0.02166446 0.20819022 0.59498018 0.17516513
 0.0988111  0.22377807 0.10726552 0.57014531

MOTIF human_l3_f_3
letter-probability matrix: alength= 4 w= 9 
 0.541166   0.17489987 0.18558077 0.09835336
 0.39875389 0.32977303 0.23542501 0.03604806
 0.86337339 0.01824655 0.11081442 0.00756564
 0.73520249 0.13262127 0.03426791 0.09790832
 0.29550512 0.11259457 0.15843347 0.43346684
 0.47396529 0.20738763 0.02536716 0.29327993
 0.28927459 0.00089008 0.21495327 0.49488206
 0.0329328  0.00267023 0.65509568 0.30930129
 0.25456164 0.09568313 0.352915   0.29684023

MOTIF human_l3_f_5
letter-probability matrix: alength= 4 w= 9 
 0.19258114 0.09860896 0.07264297 0.63616692
 0.39258114 0.16136012 0.00185471 0.44420402
 0.16599691 0.17063369 0.06862442 0.59474498
 0.42009274 0.20834621 0.03462133 0.33693972
 0.19938176 0.17619784 0.54683153 0.07758887
 0.31251932 0.11282844 0.16816074 0.4064915 
 0.01978362 0.10819165 0.8015456  0.07047913
 0.03987635 0.05131376 0.10046368 0.80834621
 0.00587326 0.22472952 0.29211747 0.47727975

MOTIF human_l3_f_6
letter-probability matrix: alength= 4 w= 9 
 0.15786517 0.18202247 0.31910112 0.34101124
 0.47865169 0.12696629 0.1747191  0.21966292
 7.19101124e-01 1.62921348e-01 1.17415730e-01 5.61797753e-04
 0.99044944 0.00561798 0.00168539 0.00224719
 0.5752809  0.1005618  0.05224719 0.27191011
 5.61797753e-04 2.02247191e-02 3.53932584e-02 9.43820225e-01
 6.23595506e-02 1.68539326e-03 5.61797753e-04 9.35393258e-01
 6.17977528e-03 5.61797753e-04 9.92696629e-01 5.61797753e-04
 0.05337079 0.2247191  0.24662921 0.4752809 

MOTIF human_l3_f_7
letter-probability matrix: alength= 4 w= 9 
 0.06290909 0.092      0.17090909 0.67418182
 3.63636364e-04 4.61818182e-02 1.56363636e-02 9.37818182e-01
 0.472      0.00872727 0.33745455 0.18181818
 0.22981818 0.44145455 0.28509091 0.04363636
 0.36109091 0.12836364 0.11527273 0.39527273
 0.94036364 0.03127273 0.00618182 0.02218182
 0.48909091 0.13709091 0.12909091 0.24472727
 0.21454545 0.07345455 0.196      0.516     
 0.26945455 0.06363636 0.23127273 0.43563636

MOTIF human_l3_f_8
letter-probability matrix: alength= 4 w= 9 
 0.18832599 0.22081498 0.31690529 0.27395374
 0.05258811 0.28001101 0.08232379 0.58507709
 0.32709251 0.24752203 0.1594163  0.26596916
 0.00110132 0.00440529 0.90556167 0.08893172
 5.50660793e-04 3.39207048e-01 2.75330396e-03 6.57488987e-01
 0.33645374 0.12114537 0.14179515 0.40060573
 0.18171806 0.11784141 0.17455947 0.52588106
 0.55066079 0.14977974 0.07351322 0.22604626
 0.06938326 0.02615639 0.33287445 0.5715859 

MOTIF human_l3_f_10
letter-probability matrix: alength= 4 w= 9 
 0.20944922 0.09777665 0.31480546 0.37796867
 0.10005053 0.08514401 0.32364831 0.49115715
 0.12834765 0.2036382  0.14982314 0.51819101
 0.32213239 0.01263264 0.31000505 0.35522991
 0.11419909 0.10687216 0.10384032 0.67508843
 2.97625063e-01 6.52854977e-01 2.52652855e-04 4.92673067e-02
 0.09979788 0.54471956 0.04320364 0.31227893
 0.12278929 0.55381506 0.03259222 0.29080344
 0.08741789 0.59398686 0.10005053 0.21854472

MOTIF human_l3_f_11
letter-probability matrix: alength= 4 w= 9 
 0.85185185 0.08641975 0.01234568 0.04938272
 0.61728395 0.08641975 0.28395062 0.01234568
 0.0617284  0.02469136 0.79012346 0.12345679
 0.33333333 0.08641975 0.04938272 0.5308642 
 0.32098765 0.18518519 0.01234568 0.48148148
 0.30864198 0.01234568 0.0617284  0.61728395
 0.40740741 0.11111111 0.40740741 0.07407407
 0.11111111 0.01234568 0.07407407 0.80246914
 0.07407407 0.35802469 0.55555556 0.01234568

MOTIF human_l3_f_13
letter-probability matrix: alength= 4 w= 9 
 0.22094801 0.17507645 0.37767584 0.22629969
 0.13455657 0.21381244 0.07772681 0.57390418
 0.00076453 0.47986748 0.01401631 0.50535168
 2.54841998e-04 5.57339450e-01 1.40672783e-01 3.01732926e-01
 0.06702345 0.39780836 0.02522936 0.50993884
 0.13098879 0.33817533 0.05224261 0.47859327
 0.19826707 0.02446483 0.02777778 0.74949032
 0.33384302 0.3343527  0.2038736  0.12793068
 0.19801223 0.07033639 0.54434251 0.18730887

MOTIF human_l3_f_17
letter-probability matrix: alength= 4 w= 9 
 0.51913876 0.16028708 0.00717703 0.31339713
 0.1937799  0.00956938 0.36363636 0.43301435
 0.1076555  0.00239234 0.64114833 0.24880383
 0.0215311  0.22488038 0.00717703 0.74641148
 0.22966507 0.33492823 0.26076555 0.17464115
 0.0430622  0.65789474 0.00239234 0.29665072
 0.57655502 0.22727273 0.00956938 0.18660287
 0.0861244  0.00478469 0.04784689 0.86124402
 0.14354067 0.04545455 0.76315789 0.04784689

MOTIF human_l3_f_20
letter-probability matrix: alength= 4 w= 9 
 0.27786582 0.19704173 0.14976228 0.37533016
 0.19360803 0.11304807 0.27284733 0.42049657
 0.04199683 0.10353936 0.03512942 0.81933439
 0.44796619 0.13180137 0.34020074 0.0800317 
 0.49920761 0.15610143 0.21817221 0.12651875
 0.04727945 0.0375066  0.07818278 0.83703117
 0.55890122 0.03697834 0.28499736 0.11912309
 0.83571051 0.00977285 0.13338616 0.02113048
 0.20470153 0.08161648 0.11542525 0.59825674

MOTIF human_l3_f_21
letter-probability matrix: alength= 4 w= 9 
 0.1958816  0.28416988 0.18867439 0.33127413
 0.71660232 0.20875161 0.02779923 0.04684685
 0.38223938 0.05456885 0.1979408  0.36525097
 2.57400257e-04 7.72200772e-04 1.46718147e-02 9.84298584e-01
 0.06486486 0.02445302 0.04839125 0.86229086
 0.04453024 0.07232947 0.22831403 0.65482625
 0.11042471 0.3029601  0.42882883 0.15778636
 0.66048906 0.04375804 0.04118404 0.25456885
 0.02651223 0.05431145 0.14465894 0.77451737

MOTIF human_l3_f_22
letter-probability matrix: alength= 4 w= 9 
 0.230578   0.12927284 0.19018024 0.44996892
 6.21504040e-04 6.21504040e-04 6.21504040e-03 9.92541952e-01
 7.11622126e-01 6.21504040e-04 2.87134866e-01 6.21504040e-04
 0.61715351 0.0006215  0.38160348 0.0006215 
 0.04474829 0.00745805 0.01678061 0.93101305
 0.65568676 0.02361715 0.2927284  0.02796768
 0.72405221 0.00559354 0.26848975 0.00186451
 0.34679925 0.11187073 0.15475451 0.38657551
 0.15288999 0.14605345 0.21193288 0.48912368

MOTIF human_l3_f_23
letter-probability matrix: alength= 4 w= 9 
 0.14821124 0.03321976 0.19420784 0.62436116
 0.01362862 0.00511073 0.27172061 0.70954003
 0.5758092  0.00085179 0.42248722 0.00085179
 8.51788756e-04 5.11073254e-03 8.26235094e-02 9.11413969e-01
 0.03918228 0.10051107 0.04599659 0.81431005
 6.55877342e-02 2.55536627e-03 8.51788756e-04 9.31005111e-01
 8.51788756e-04 1.19250426e-02 2.98126065e-02 9.57410562e-01
 0.53492334 0.01362862 0.45059625 0.00085179
 0.09028961 0.11839864 0.19505963 0.59625213

MOTIF human_l3_f_25
letter-probability matrix: alength= 4 w= 9 
 0.36227545 0.09281437 0.02694611 0.51796407
 0.25748503 0.33233533 0.01497006 0.39520958
 0.98802395 0.00299401 0.00598802 0.00299401
 0.21856287 0.13173653 0.00299401 0.64670659
 0.31137725 0.10778443 0.57185629 0.00898204
 0.97904192 0.00299401 0.01497006 0.00299401
 0.00299401 0.01497006 0.00299401 0.97904192
 0.00299401 0.00299401 0.97904192 0.01497006
 0.17664671 0.12874251 0.16467066 0.52994012

MOTIF human_l3_f_26
letter-probability matrix: alength= 4 w= 9 
 0.65034965 0.04695305 0.07717283 0.22552448
 0.11313686 0.01923077 0.03521479 0.83241758
 0.04495504 0.07717283 0.06793207 0.80994006
 7.88711289e-01 2.49750250e-04 4.47052947e-02 1.66333666e-01
 0.06618382 0.02497502 0.04995005 0.85889111
 0.06568432 0.21103896 0.01998002 0.7032967 
 0.22827173 0.00324675 0.05919081 0.70929071
 0.26698302 0.01023976 0.05969031 0.66308691
 0.14135864 0.02497502 0.03771229 0.79595405

MOTIF human_l3_f_34
letter-probability matrix: alength= 4 w= 9 
 0.43602416 0.12246019 0.14085667 0.30065898
 0.15046678 0.34843493 0.12355848 0.37753981
 0.25288303 0.08237232 0.04667765 0.618067  
 2.74574410e-04 9.82976387e-02 8.43767161e-01 5.76606260e-02
 0.06150467 0.30313015 0.00247117 0.63289401
 0.01400329 0.00356947 0.62300934 0.3594179 
 0.0450302  0.04667765 0.00796266 0.90032949
 0.24437122 0.18231741 0.12136189 0.45194948
 0.10955519 0.06177924 0.31274025 0.51592532

MOTIF human_l3_f_35
letter-probability matrix: alength= 4 w= 9 
 0.19155933 0.1419567  0.13729789 0.52918608
 0.06796383 0.0586462  0.55905728 0.31433269
 0.59523157 0.02302001 0.24171006 0.14003837
 0.4499863  0.01013976 0.05809811 0.48177583
 4.43957249e-02 2.74047684e-04 5.17676076e-01 4.37654152e-01
 0.14277884 0.22389696 0.31926555 0.31405865
 0.18854481 0.25623458 0.48862702 0.06659359
 0.31077007 0.15237051 0.17018361 0.3666758 
 0.45354892 0.21485338 0.12798027 0.20361743

MOTIF human_l3_f_38
letter-probability matrix: alength= 4 w= 9 
 0.65609391 0.07342657 0.13036963 0.14010989
 0.63936064 0.27822178 0.01848152 0.06393606
 0.49050949 0.47152847 0.0024975  0.03546454
 7.99950050e-01 7.49250749e-04 1.27622378e-01 7.16783217e-02
 0.0541958  0.13811189 0.41058941 0.3971029 
 0.42082917 0.06718282 0.17482517 0.33716284
 0.40934066 0.21978022 0.22227772 0.1486014 
 0.04320679 0.11788212 0.1456044  0.69330669
 0.17032967 0.13011988 0.4030969  0.29645355

MOTIF human_l3_f_39
letter-probability matrix: alength= 4 w= 9 
 0.40676653 0.13145661 0.09220041 0.36957645
 0.36957645 0.25774793 0.30965909 0.06301653
 0.34065083 0.08057851 0.56043388 0.01833678
 0.00955579 0.11751033 0.67768595 0.19524793
 0.69524793 0.09581612 0.03667355 0.1722624 
 0.04467975 0.00103306 0.06844008 0.88584711
 0.04597107 0.26033058 0.01678719 0.67691116
 0.12603306 0.24380165 0.20557851 0.42458678
 0.07257231 0.22262397 0.30216942 0.4026343 

MOTIF human_l3_f_52
letter-probability matrix: alength= 4 w= 9 
 0.56085193 0.22134888 0.10978702 0.10801217
 0.5811359  0.18483773 0.16176471 0.07226166
 0.14122718 0.01977688 0.01470588 0.82429006
 0.49391481 0.19827586 0.06338742 0.24442191
 0.40289047 0.043357   0.49340771 0.06034483
 0.01876268 0.2484787  0.20157201 0.53118661
 0.44827586 0.16353955 0.09127789 0.29690669
 0.27028398 0.14731237 0.22996957 0.35243408
 0.1285497  0.41506085 0.02281947 0.43356998

MOTIF human_l3_f_53
letter-probability matrix: alength= 4 w= 9 
 0.14285714 0.14285714 0.57142857 0.14285714
 0.14285714 0.57142857 0.14285714 0.14285714
 0.57142857 0.14285714 0.14285714 0.14285714
 0.42857143 0.28571429 0.14285714 0.14285714
 0.14285714 0.14285714 0.14285714 0.57142857
 0.57142857 0.14285714 0.14285714 0.14285714
 0.14285714 0.14285714 0.14285714 0.57142857
 0.14285714 0.14285714 0.14285714 0.57142857
 0.14285714 0.14285714 0.57142857 0.14285714

MOTIF human_l3_f_54
letter-probability matrix: alength= 4 w= 9 
 0.26352642 0.13017187 0.35677912 0.2495226 
 0.01845958 0.2667091  0.22024188 0.49458943
 0.15467855 0.09102482 0.41725016 0.33704647
 3.18268619e-04 3.18268619e-04 4.13749204e-03 9.95225971e-01
 6.49904519e-01 3.18268619e-04 3.36728199e-01 1.30490134e-02
 6.05983450e-01 1.90961171e-03 3.91788670e-01 3.18268619e-04
 0.2991725  0.15658816 0.24824952 0.29598982
 0.25493316 0.30840229 0.16740929 0.26925525
 0.25397836 0.39401655 0.11266709 0.239338  

MOTIF human_l3_f_57
letter-probability matrix: alength= 4 w= 9 
 0.08597285 0.32918552 0.02488688 0.55995475
 0.3800905  0.24321267 0.06447964 0.31221719
 0.30542986 0.01357466 0.12895928 0.5520362 
 0.14819005 0.00791855 0.00452489 0.83936652
 0.00113122 0.00113122 0.01809955 0.97963801
 0.83484163 0.13461538 0.00904977 0.02149321
 0.1300905  0.42307692 0.01244344 0.43438914
 0.33031674 0.49660633 0.1040724  0.06900452
 0.14479638 0.04638009 0.20588235 0.60294118

MOTIF human_l3_f_58
letter-probability matrix: alength= 4 w= 9 
 0.13591496 0.17615793 0.14882308 0.53910402
 0.36218679 0.01746393 0.2372817  0.38306758
 0.5508732  0.25132878 0.10668185 0.09111617
 0.26006074 0.22892938 0.05049355 0.46051632
 0.52581625 0.13439636 0.2649962  0.07479119
 0.51100987 0.00607441 0.47190585 0.01100987
 0.40926348 0.01328778 0.56871678 0.00873197
 0.08352316 0.06567957 0.75132878 0.09946849
 0.52961276 0.09908884 0.3151101  0.05618831

MOTIF human_l3_f_61
letter-probability matrix: alength= 4 w= 9 
 0.13721019 0.27936146 0.10756366 0.47586469
 0.32991258 0.3618396  0.06993539 0.23831243
 0.51577347 0.18624097 0.14063094 0.15735462
 0.22082858 0.42721399 0.29076397 0.06119346
 0.29608514 0.15355378 0.09083998 0.45952109
 0.13302927 0.0858989  0.31584949 0.46522235
 0.10566325 0.7286203  0.05967313 0.10604333
 0.34245534 0.14253136 0.02622577 0.48878753
 0.26339795 0.08399848 0.53857849 0.11402509

MOTIF human_l3_f_64
letter-probability matrix: alength= 4 w= 9 
 0.51054638 0.21194409 0.13926302 0.13824651
 5.56797967e-01 2.54129606e-04 3.81702668e-01 6.12452351e-02
 0.61753494 0.05997459 0.15857687 0.1639136 
 0.81067344 0.02337992 0.02668361 0.13926302
 0.23964422 0.09377382 0.03049555 0.6360864 
 0.15171537 0.65743329 0.01041931 0.18043202
 0.46277001 0.03634053 0.42973316 0.07115629
 0.36162643 0.17357052 0.01651842 0.44828463
 0.29860229 0.25362135 0.14282084 0.30495553

MOTIF human_l3_f_67
letter-probability matrix: alength= 4 w= 9 
 0.29854872 0.18244644 0.10228058 0.41672426
 0.22149274 0.36800276 0.04284727 0.36765722
 0.85176227 0.02038701 0.02833449 0.09951624
 0.07532827 0.02798894 0.84450587 0.05217692
 0.69004838 0.01002073 0.04561161 0.25431928
 0.03489979 0.00829302 0.82377332 0.13303386
 0.65894955 0.09778853 0.08811334 0.15514858
 0.37456807 0.0300622  0.26157567 0.33379406
 0.28887353 0.13510712 0.10469938 0.47131997

MOTIF human_l3_f_68
letter-probability matrix: alength= 4 w= 9 
 0.22891104 0.18251534 0.24233129 0.34624233
 0.17292945 0.29026074 0.20667178 0.33013804
 0.11234663 0.07783742 0.0559816  0.75383436
 0.58205521 0.01955521 0.27300613 0.12538344
 0.43711656 0.04869632 0.43021472 0.08397239
 3.83435583e-04 3.83435583e-04 3.83435583e-04 9.98849693e-01
 6.35736196e-01 3.83435583e-04 3.63496933e-01 3.83435583e-04
 6.41487730e-01 3.83435583e-04 3.57745399e-01 3.83435583e-04
 0.26917178 0.1142638  0.34087423 0.27569018

MOTIF human_l3_f_70
letter-probability matrix: alength= 4 w= 9 
 0.05839416 0.2146649  0.12939615 0.59754479
 0.09986729 0.27106835 0.24950232 0.37956204
 0.39416058 0.06104844 0.23855342 0.30623756
 0.85865959 0.00464499 0.11712011 0.01957532
 0.3540146  0.00132714 0.11147976 0.5331785 
 1.59588587e-01 3.31785003e-04 4.64499005e-03 8.35434638e-01
 0.02256138 0.0023225  0.36562707 0.60948905
 0.22063703 0.12475116 0.49900464 0.15560717
 0.45885866 0.04346384 0.35534174 0.14233577

MOTIF human_l3_f_82
letter-probability matrix: alength= 4 w= 9 
 0.03571429 0.23214286 0.04166667 0.69047619
 0.13095238 0.32738095 0.5        0.04166667
 0.14285714 0.08928571 0.49404762 0.27380952
 0.63690476 0.04166667 0.04166667 0.2797619 
 0.1547619  0.06547619 0.14285714 0.63690476
 0.11309524 0.02380952 0.63690476 0.22619048
 0.36904762 0.48809524 0.00595238 0.13690476
 0.08333333 0.00595238 0.38690476 0.52380952
 0.125      0.17857143 0.52380952 0.17261905

MOTIF human_l3_f_86
letter-probability matrix: alength= 4 w= 9 
 0.18751875 0.33213321 0.01650165 0.46384638
 0.16141614 0.52685269 0.16141614 0.15031503
 0.09330933 0.33453345 0.02790279 0.54425443
 0.08790879 0.00690069 0.76747675 0.13771377
 0.09240924 0.63756376 0.07710771 0.19291929
 0.29762976 0.36063606 0.00660066 0.33513351
 0.08250825 0.03720372 0.31743174 0.56285629
 0.13351335 0.58115812 0.24662466 0.03870387
 0.24212421 0.15181518 0.30843084 0.29762976

MOTIF human_l3_f_87
letter-probability matrix: alength= 4 w= 9 
 0.26262284 0.39850898 0.03219248 0.3066757 
 0.21043714 0.05421891 0.31751948 0.41782447
 0.39410369 0.06743477 0.17519485 0.36326669
 3.72754998e-03 9.19010505e-01 3.38868180e-04 7.69230769e-02
 0.01355473 0.03354795 0.66553711 0.28736022
 0.54862758 0.07387326 0.16638428 0.21111488
 0.18298882 0.25957303 0.12876991 0.42866825
 0.40426974 0.00609963 0.18468316 0.40494748
 0.28261606 0.27888851 0.11758726 0.32090817

MOTIF human_l3_f_91
letter-probability matrix: alength= 4 w= 9 
 0.15272244 0.07536521 0.16168659 0.61022576
 0.29614874 0.03685259 0.124834   0.54216467
 0.37782205 0.13247012 0.03452855 0.45517928
 0.58233732 0.00332005 0.05444887 0.35989376
 0.4873838  0.08798141 0.00863214 0.41600266
 0.74833997 0.01162019 0.00796813 0.23207171
 0.40504648 0.00730412 0.01095618 0.57669323
 0.05544489 0.03386454 0.06540505 0.84528552
 0.02025232 0.04847278 0.38579017 0.54548473

MOTIF human_l3_f_93
letter-probability matrix: alength= 4 w= 9 
 0.08502024 0.30769231 0.46153846 0.14574899
 0.44534413 0.5465587  0.00404858 0.00404858
 0.44534413 0.00404858 0.5465587  0.00404858
 0.22672065 0.31578947 0.00404858 0.4534413 
 0.1902834  0.24291498 0.27125506 0.29554656
 0.74898785 0.00404858 0.24291498 0.00404858
 0.00404858 0.24291498 0.00404858 0.74898785
 0.00404858 0.00404858 0.77732794 0.2145749 
 0.12550607 0.08097166 0.61538462 0.17813765

MOTIF human_l3_f_95
letter-probability matrix: alength= 4 w= 9 
 0.2262854  0.07286225 0.04234259 0.65850976
 0.13362662 0.0577399  0.38960682 0.41902667
 0.07561177 0.04619192 0.00247457 0.87572175
 0.06736321 0.11630465 0.4085785  0.40775364
 0.03464394 0.23948309 0.03024471 0.69562827
 0.08221061 0.64833654 0.14792411 0.12152873
 0.36788562 0.0736871  0.05691504 0.50151224
 0.72532307 0.00494913 0.19961507 0.07011273
 0.10200715 0.0291449  0.15727248 0.71157547

MOTIF human_l3_f_96
letter-probability matrix: alength= 4 w= 9 
 0.52376934 0.19971871 0.07932489 0.19718706
 0.55949367 0.24613221 0.01744023 0.1769339 
 0.31729958 0.17834037 0.19381153 0.31054852
 0.49985935 0.17243319 0.23037975 0.09732771
 0.55893108 0.04556962 0.07707454 0.31842475
 0.58902954 0.0883263  0.22475387 0.0978903 
 0.87398031 0.00900141 0.10942335 0.00759494
 0.54571027 0.03656821 0.01772152 0.4       
 0.52517581 0.14261603 0.0092827  0.32292546

MOTIF human_l3_f_102
letter-probability matrix: alength= 4 w= 9 
 0.03066868 0.0563097  0.07239819 0.84062343
 2.51382604e-04 1.35495224e-01 1.96078431e-02 8.44645551e-01
 0.30040221 0.0216189  0.20713927 0.47083962
 0.00201106 0.01985923 0.16867773 0.80945199
 0.39994972 0.10734037 0.04524887 0.44746104
 2.51382604e-04 2.01106083e-03 1.39768728e-01 8.57968829e-01
 7.54147813e-04 8.49673203e-02 6.20915033e-02 8.52187029e-01
 0.10281549 0.08722976 0.086727   0.72322775
 0.08421317 0.10910005 0.02664656 0.78004022

MOTIF human_l3_f_106
letter-probability matrix: alength= 4 w= 9 
 0.27397602 0.05719281 0.22277722 0.44605395
 0.05794206 0.54420579 0.01423576 0.38361638
 2.49750250e-04 1.12637363e-01 5.24475524e-03 8.81868132e-01
 0.03771229 0.00274725 0.94805195 0.01148851
 0.00424575 0.12262737 0.21928072 0.65384615
 0.00899101 0.00699301 0.2465035  0.73751249
 0.13736264 0.13861139 0.06568432 0.65834166
 0.19180819 0.07067932 0.04395604 0.69355644
 0.11838162 0.21528472 0.07017982 0.59615385

MOTIF human_l3_f_107
letter-probability matrix: alength= 4 w= 9 
 0.24596774 0.12948029 0.1827957  0.44175627
 4.48028674e-04 4.48028674e-04 8.96057348e-04 9.98207885e-01
 6.46505376e-01 4.48028674e-04 3.52150538e-01 8.96057348e-04
 6.98028674e-01 4.48028674e-04 3.01075269e-01 4.48028674e-04
 0.0546595  0.00448029 0.0031362  0.93772401
 0.53225806 0.00224014 0.25224014 0.21326165
 0.59991039 0.01344086 0.24551971 0.14112903
 0.2405914  0.08109319 0.09677419 0.58154122
 0.21326165 0.11693548 0.21236559 0.45743728

MOTIF human_l3_f_109
letter-probability matrix: alength= 4 w= 9 
 0.22823872 0.15021834 0.24861718 0.37292576
 4.94905386e-03 2.91120815e-04 7.30131004e-01 2.64628821e-01
 0.20291121 0.05909753 0.00174672 0.73624454
 0.01426492 0.0209607  0.31673945 0.64803493
 0.1860262  0.03027656 0.01193595 0.77176128
 0.39184862 0.33537118 0.04570597 0.22707424
 0.21921397 0.11644833 0.01484716 0.64949054
 0.23056769 0.06870451 0.51528384 0.18544396
 0.46695779 0.09403202 0.11819505 0.32081514

MOTIF human_l3_f_110
letter-probability matrix: alength= 4 w= 9 
 0.11842105 0.00657895 0.25       0.625     
 0.07236842 0.00657895 0.17105263 0.75      
 0.75657895 0.01973684 0.21710526 0.00657895
 0.75       0.00657895 0.23684211 0.00657895
 0.00657895 0.44736842 0.00657895 0.53947368
 0.00657895 0.46052632 0.00657895 0.52631579
 0.00657895 0.07894737 0.44078947 0.47368421
 0.44736842 0.01973684 0.47368421 0.05921053
 0.07894737 0.01315789 0.44078947 0.46710526

MOTIF human_l3_f_114
letter-probability matrix: alength= 4 w= 9 
 0.3125     0.09036797 0.23998918 0.35714286
 0.14880952 0.18777056 0.17640693 0.48701299
 0.14637446 0.2521645  0.13419913 0.4672619 
 0.10714286 0.07278139 0.31385281 0.50622294
 0.15584416 0.1969697  0.32034632 0.32683983
 0.39502165 0.39908009 0.05194805 0.15395022
 0.066829   0.26136364 0.00324675 0.66856061
 0.42667749 0.08252165 0.03733766 0.4534632 
 0.7594697  0.0603355  0.10984848 0.07034632

MOTIF human_l3_f_115
letter-probability matrix: alength= 4 w= 9 
 0.08133133 0.06381381 0.02277277 0.83208208
 0.10185185 0.01001001 0.28153153 0.60660661
 0.01876877 0.02177177 0.05555556 0.9039039 
 0.03703704 0.0035035  0.05630631 0.90315315
 0.15165165 0.04654655 0.09484484 0.70695696
 0.07232232 0.01626627 0.04904905 0.86236236
 1.78928929e-01 4.22922923e-02 2.50250250e-04 7.78528529e-01
 0.02902903 0.02327327 0.07557558 0.87212212
 0.13563564 0.01751752 0.23523524 0.61161161

MOTIF human_l3_f_116
letter-probability matrix: alength= 4 w= 9 
 0.09509044 0.24031008 0.29922481 0.36537468
 0.17364341 0.10129199 0.49198966 0.23307494
 0.23462532 0.0005168  0.34005168 0.4248062 
 0.02118863 0.37881137 0.25529716 0.34470284
 5.16795866e-04 5.16795866e-04 5.16795866e-04 9.98449612e-01
 7.09043928e-01 5.16795866e-04 2.89922481e-01 5.16795866e-04
 6.44444444e-01 5.16795866e-04 3.54521964e-01 5.16795866e-04
 0.37364341 0.06873385 0.41860465 0.13901809
 0.20206718 0.27131783 0.27390181 0.25271318

MOTIF human_l3_f_117
letter-probability matrix: alength= 4 w= 9 
 0.0731967  0.00399255 0.00372638 0.91908438
 3.40697365e-02 2.66169816e-04 2.66169816e-04 9.65397924e-01
 1.70348682e-02 2.66169816e-04 2.66169816e-04 9.82432792e-01
 2.66169816e-04 2.66169816e-04 2.66169816e-04 9.99201491e-01
 2.66169816e-04 2.66169816e-04 2.66169816e-04 9.99201491e-01
 2.66169816e-04 2.66169816e-04 5.58956614e-03 9.93878094e-01
 2.66169816e-04 2.66169816e-04 5.58956614e-03 9.93878094e-01
 0.01250998 0.03726377 0.48469524 0.46553101
 0.21905776 0.02076125 0.20521693 0.55496407

MOTIF human_l3_f_119
letter-probability matrix: alength= 4 w= 9 
 0.17025136 0.17310184 0.10909562 0.54755118
 0.47836227 0.07281679 0.19823789 0.25058305
 0.27209122 0.13060378 0.4560767  0.1412283 
 1.03653796e-03 1.29567245e-02 2.59134491e-04 9.85747603e-01
 6.23736719e-01 9.84711065e-03 3.65897901e-01 5.18268982e-04
 0.73671936 0.00803317 0.2531744  0.00207308
 0.43379114 0.11039129 0.21300855 0.24280902
 0.30914745 0.26664939 0.14071003 0.28349313
 0.1780254  0.21015807 0.19771962 0.41409692

MOTIF human_l3_f_122
letter-probability matrix: alength= 4 w= 9 
 0.09293873 0.22923157 0.1586189  0.5192108 
 0.0867082  0.16614746 0.02336449 0.72377985
 0.04620976 0.2930945  0.18016615 0.4805296 
 2.59605400e-04 2.59605400e-04 2.59605400e-04 9.99221184e-01
 4.85721703e-01 2.59605400e-04 5.13759086e-01 2.59605400e-04
 8.57217030e-01 2.59605400e-04 1.42263759e-01 2.59605400e-04
 0.45924195 0.06671859 0.11085151 0.36318795
 0.41017653 0.09215992 0.16900312 0.32866044
 0.22326064 0.11292835 0.17990654 0.48390447

MOTIF human_l3_f_123
letter-probability matrix: alength= 4 w= 9 
 0.18962656 0.03900415 0.05560166 0.71576763
 0.5439834  0.00954357 0.22904564 0.21742739
 0.40622407 0.01410788 0.3593361  0.22033195
 7.88381743e-03 4.14937759e-04 4.14937759e-04 9.91286307e-01
 5.38589212e-01 4.14937759e-04 4.53112033e-01 7.88381743e-03
 7.44813278e-01 4.14937759e-04 2.46887967e-01 7.88381743e-03
 0.4879668  0.09543568 0.15560166 0.26099585
 0.35394191 0.09958506 0.15726141 0.38921162
 0.33609959 0.15975104 0.22448133 0.27966805

MOTIF human_l3_f_125
letter-probability matrix: alength= 4 w= 9 
 0.47327773 0.0617856  0.17021934 0.29471733
 0.22026568 0.12944084 0.28328699 0.36700649
 0.56626506 0.0308928  0.38214396 0.02069818
 3.08928020e-04 3.08928020e-03 4.48563485e-01 5.48038307e-01
 2.87303058e-02 1.26042632e-01 3.08928020e-04 8.44918134e-01
 0.10225517 0.05282669 0.62279889 0.22211925
 2.18412110e-01 2.08526413e-01 3.08928020e-04 5.72752549e-01
 0.46648131 0.15848007 0.05313562 0.321903  
 0.21594069 0.09267841 0.03707136 0.65430955

MOTIF human_l3_f_126
letter-probability matrix: alength= 4 w= 9 
 0.31552632 0.21078947 0.11105263 0.36263158
 0.04815789 0.31552632 0.29447368 0.34184211
 0.10578947 0.10263158 0.00684211 0.78473684
 0.00236842 0.27131579 0.00105263 0.72526316
 0.18184211 0.14921053 0.02315789 0.64578947
 0.34947368 0.14473684 0.01184211 0.49394737
 9.12368421e-01 7.81578947e-02 9.21052632e-03 2.63157895e-04
 0.15947368 0.25394737 0.09657895 0.49      
 0.47526316 0.25605263 0.03789474 0.23078947

MOTIF human_l3_f_129
letter-probability matrix: alength= 4 w= 9 
 0.15514184 0.47074468 0.15514184 0.21897163
 0.80230496 0.04609929 0.0035461  0.14804965
 0.25       0.32269504 0.15780142 0.26950355
 0.17996454 0.31471631 0.00088652 0.50443262
 0.93262411 0.00620567 0.02659574 0.03457447
 0.0035461  0.05496454 0.41400709 0.52748227
 0.16932624 0.01152482 0.05673759 0.76241135
 0.0070922  0.05673759 0.83510638 0.10106383
 0.45035461 0.04609929 0.13386525 0.36968085

MOTIF human_l3_f_130
letter-probability matrix: alength= 4 w= 9 
 0.29656739 0.21075215 0.21075215 0.28192832
 0.24406865 0.26426047 0.07672892 0.41494195
 3.04644119e-01 4.97223624e-02 2.52397779e-04 6.45381121e-01
 4.62897527e-01 2.52397779e-04 2.74861181e-01 2.61988894e-01
 0.34603735 0.02448258 0.00984351 0.61963655
 0.18702675 0.05325593 0.00530035 0.75441696
 0.10903584 0.18071681 0.31297325 0.3972741 
 0.38364462 0.46289753 0.02423019 0.12922766
 0.31297325 0.14310954 0.08455326 0.45936396

MOTIF human_l3_f_131
letter-probability matrix: alength= 4 w= 9 
 0.23776224 0.02797203 0.52447552 0.20979021
 0.00699301 0.97902098 0.00699301 0.00699301
 0.00699301 0.13986014 0.69230769 0.16083916
 0.11188811 0.00699301 0.03496503 0.84615385
 0.84615385 0.13986014 0.00699301 0.00699301
 0.93006993 0.00699301 0.01398601 0.04895105
 0.04195804 0.06993007 0.73426573 0.15384615
 0.28671329 0.3006993  0.31468531 0.0979021 
 0.32867133 0.13986014 0.44055944 0.09090909

MOTIF human_l3_f_137
letter-probability matrix: alength= 4 w= 9 
 0.17279513 0.43737904 0.10201825 0.28780758
 0.1363008  0.29084877 0.07907105 0.49377938
 0.29499585 0.25380149 0.30329002 0.14791263
 2.76472215e-04 9.15123030e-02 5.36356096e-02 8.54575615e-01
 0.02958253 0.04202378 0.18164224 0.74675145
 0.34254907 0.04036494 0.51368537 0.10340061
 0.16007741 0.02792369 0.43461432 0.37738457
 0.40973182 0.38844346 0.05612386 0.14570086
 0.06856511 0.13408902 0.43737904 0.35996682

MOTIF human_l3_f_139
letter-probability matrix: alength= 4 w= 9 
 0.7762469  0.12096996 0.04932488 0.05345825
 0.51667126 0.01240011 0.2322954  0.23863323
 0.08569854 0.13529898 0.01956462 0.75943786
 0.03664921 0.02176908 0.02121797 0.92036374
 0.02176908 0.01295123 0.45136401 0.51391568
 0.3182695  0.1240011  0.52411133 0.03361808
 0.40782585 0.31110499 0.12785891 0.15321025
 0.15789474 0.16781483 0.3044916  0.36979884
 0.16092587 0.26398457 0.26618903 0.30890052

MOTIF human_l3_f_142
letter-probability matrix: alength= 4 w= 9 
 0.28540126 0.05368392 0.17392495 0.48698987
 0.04574089 0.06244864 0.18652424 0.70528622
 0.18351137 0.02848535 0.06628321 0.72172008
 0.00219118 0.13174473 0.40509449 0.4609696 
 0.14708299 0.01479047 0.25034237 0.58778417
 2.73897562e-04 2.46507806e-03 5.47795125e-04 9.96713229e-01
 0.00958641 0.00383457 0.01862503 0.96795399
 3.28677075e-03 8.21692687e-03 2.73897562e-04 9.88222405e-01
 0.02136401 0.01040811 0.03012873 0.93809915

MOTIF human_l3_f_144
letter-probability matrix: alength= 4 w= 9 
 0.41178385 0.22981771 0.21549479 0.14290365
 0.49804688 0.24121094 0.19010417 0.07063802
 0.37174479 0.44433594 0.07519531 0.10872396
 0.27018229 0.3688151  0.36002604 0.00097656
 0.24902344 0.43164062 0.01529948 0.30403646
 0.37076823 0.56835938 0.03938802 0.02148438
 0.51953125 0.08561198 0.15820312 0.23665365
 0.31152344 0.45410156 0.11848958 0.11588542
 0.64290365 0.20703125 0.08528646 0.06477865

MOTIF human_l3_f_150
letter-probability matrix: alength= 4 w= 9 
 0.14385614 0.03696304 0.19355644 0.62562438
 0.07167832 0.07692308 0.0969031  0.7544955 
 2.49750250e-04 2.49750250e-04 1.74825175e-03 9.97752248e-01
 2.42007992e-01 2.49750250e-04 2.03796204e-01 5.53946054e-01
 0.25599401 0.001998   0.12412587 0.61788212
 0.12662338 0.03871129 0.06218781 0.77247752
 0.03946054 0.27597403 0.39385614 0.29070929
 0.003996   0.02122877 0.15834166 0.81643357
 0.24050949 0.09915085 0.13986014 0.52047952

MOTIF human_l3_f_154
letter-probability matrix: alength= 4 w= 9 
 0.22287736 0.25235849 0.13325472 0.39150943
 0.37617925 0.13443396 0.24292453 0.24646226
 0.88207547 0.07900943 0.03066038 0.00825472
 0.56014151 0.12382075 0.21698113 0.0990566 
 0.41627358 0.11792453 0.06721698 0.39858491
 0.66863208 0.06603774 0.00117925 0.26415094
 0.00117925 0.00117925 0.26886792 0.72877358
 0.00117925 0.00117925 0.87028302 0.12735849
 0.23113208 0.09080189 0.37264151 0.30542453

MOTIF human_l3_f_155
letter-probability matrix: alength= 4 w= 9 
 0.08768844 0.06281407 0.0281407  0.82135678
 1.63065327e-01 2.51256281e-04 2.51256281e-04 8.36432161e-01
 1.89949749e-01 2.51256281e-04 1.38190955e-02 7.95979899e-01
 0.04271357 0.11155779 0.00276382 0.84296482
 0.11984925 0.0379397  0.2718593  0.57035176
 0.05201005 0.23592965 0.18165829 0.53040201
 0.41407035 0.01733668 0.04221106 0.52638191
 0.3201005  0.00326633 0.20628141 0.47035176
 0.18266332 0.01532663 0.04422111 0.75778894

MOTIF human_l3_f_158
letter-probability matrix: alength= 4 w= 9 
 5.91908092e-02 2.49750250e-04 2.49750250e-04 9.40309690e-01
 2.49750250e-04 2.49750250e-04 7.49250749e-04 9.98751249e-01
 1.58841159e-01 2.49750250e-04 7.49250749e-04 8.40159840e-01
 7.49250749e-04 2.49750250e-04 2.49750250e-04 9.98751249e-01
 2.49750250e-04 2.49750250e-04 2.49750250e-04 9.99250749e-01
 6.89310689e-02 2.24775225e-03 2.49750250e-04 9.28571429e-01
 2.49750250e-04 2.49750250e-04 2.49750250e-04 9.99250749e-01
 0.21553447 0.06468531 0.0477023  0.67207792
 0.19255744 0.08966034 0.19055944 0.52722278

MOTIF human_l3_f_160
letter-probability matrix: alength= 4 w= 9 
 0.24257563 0.12989176 0.21343325 0.41409936
 0.18179295 0.16208715 0.20371912 0.45240078
 0.11518179 0.00638357 0.06466833 0.81376631
 0.40743825 0.00499584 0.30779906 0.27976686
 0.51457119 0.03635859 0.22731057 0.22175964
 2.77546489e-04 9.15903414e-03 4.16319734e-03 9.86400222e-01
 0.72217596 0.00971413 0.22314738 0.04496253
 0.54371357 0.00055509 0.39300583 0.06272551
 0.38440189 0.09741882 0.16458507 0.35359423

MOTIF human_l3_f_161
letter-probability matrix: alength= 4 w= 9 
 0.13184418 0.25932988 0.32198311 0.28684282
 0.07872514 0.47997821 0.24107873 0.20021792
 0.16017434 0.37183329 0.30318714 0.16480523
 0.00544811 0.00789975 0.76845546 0.21819668
 0.33424135 0.06891855 0.16426042 0.43257968
 0.13211659 0.00735494 0.33941705 0.52111141
 0.39090166 0.00572051 0.10814492 0.49523291
 0.22391719 0.08526287 0.17897031 0.51184963
 0.47616453 0.01961318 0.09452465 0.40969763

MOTIF human_l3_f_170
letter-probability matrix: alength= 4 w= 9 
 0.00460829 0.04147465 0.23502304 0.71889401
 0.00460829 0.00460829 0.01843318 0.97235023
 0.48387097 0.00460829 0.35483871 0.15668203
 0.05990783 0.24423963 0.00460829 0.69124424
 0.41935484 0.11520737 0.00460829 0.46082949
 0.14746544 0.02304147 0.04608295 0.78341014
 0.00460829 0.19354839 0.24884793 0.55299539
 0.37788018 0.21198157 0.07834101 0.33179724
 0.00460829 0.19354839 0.41474654 0.38709677

MOTIF human_l3_f_172
letter-probability matrix: alength= 4 w= 9 
 0.34392634 0.18414018 0.41787942 0.05405405
 0.23492723 0.05702406 0.21681022 0.49123849
 0.22126522 0.03237303 0.40748441 0.33887734
 2.97000297e-04 2.97000297e-04 5.94000594e-04 9.98811999e-01
 0.37629938 0.3970894  0.01336501 0.21324621
 0.34244134 0.07306207 0.08137808 0.5031185 
 0.08731809 0.36709237 0.11731512 0.42827443
 0.12889813 0.2996733  0.28690229 0.28452628
 0.52776953 0.03890704 0.35135135 0.08197208

MOTIF human_l3_f_175
letter-probability matrix: alength= 4 w= 9 
 0.38832288 0.10775862 0.19122257 0.31269592
 0.10031348 0.03134796 0.07014107 0.79819749
 0.52351097 0.02194357 0.21473354 0.23981191
 5.13322884e-01 3.91849530e-04 4.74921630e-01 1.13636364e-02
 3.91849530e-04 3.91849530e-04 1.64576803e-02 9.82758621e-01
 6.10109718e-01 1.33228840e-02 3.76175549e-01 3.91849530e-04
 7.37460815e-01 2.35109718e-03 2.59796238e-01 3.91849530e-04
 0.25822884 0.11246082 0.17437304 0.4549373 
 0.27311912 0.17476489 0.15242947 0.39968652

MOTIF human_l3_f_179
letter-probability matrix: alength= 4 w= 9 
 0.3059761  0.14820717 0.30703851 0.23877822
 0.02284197 0.10836653 0.12350598 0.74528552
 0.2122178  0.02629482 0.23718459 0.52430279
 0.05205843 0.02151394 0.43293493 0.4934927 
 0.18592297 0.11102258 0.24727756 0.45577689
 0.21434263 0.11686587 0.12244356 0.54634794
 0.1877822  0.04807437 0.18193891 0.58220452
 0.11155378 0.36812749 0.15962815 0.36069057
 0.06932271 0.14289509 0.29030544 0.49747676

MOTIF human_l3_f_182
letter-probability matrix: alength= 4 w= 9 
 0.16983017 0.0472028  0.17507493 0.60789211
 0.03696304 0.00799201 0.08366633 0.87137862
 0.09240759 0.11788212 0.31268731 0.47702298
 0.01198801 0.1510989  0.1500999  0.68681319
 0.00524476 0.07117882 0.06918082 0.8543956 
 2.49750250e-04 4.74525475e-03 1.40609391e-01 8.54395604e-01
 0.04945055 0.07792208 0.77147852 0.10114885
 0.27072927 0.10464535 0.00799201 0.61663337
 0.00749251 0.15559441 0.04345654 0.79345654

MOTIF human_l3_f_186
letter-probability matrix: alength= 4 w= 9 
 0.19979894 0.12465444 0.49233476 0.18321186
 0.17491832 0.1060568  0.38753456 0.33149032
 0.21563207 0.23196783 0.06157326 0.49082684
 0.2379995  0.25081679 0.25911033 0.25207339
 0.25131943 0.25584318 0.15380749 0.33902991
 0.10781603 0.52450364 0.24176929 0.12591103
 0.40764011 0.18120131 0.37421463 0.03694396
 0.6313144  0.04624277 0.1409902  0.18145263
 0.12917819 0.16360895 0.07137472 0.63583815

MOTIF human_l3_f_187
letter-probability matrix: alength= 4 w= 9 
 0.09965035 0.02472527 0.0044955  0.87112887
 0.47427572 0.0482018  0.19180819 0.28571429
 0.20829171 0.00799201 0.36638362 0.41733267
 0.16408591 0.14385614 0.30619381 0.38586414
 0.41458541 0.17407592 0.22177822 0.18956044
 0.4453047  0.09315684 0.03396603 0.42757243
 0.10814186 0.08691309 0.30694306 0.498002  
 0.22477522 0.07717283 0.12112887 0.57692308
 0.3469031  0.04245754 0.1505994  0.46003996

MOTIF human_l3_f_189
letter-probability matrix: alength= 4 w= 9 
 0.11501832 0.42417582 0.14981685 0.31098901
 0.07582418 0.0974359  0.61465201 0.21208791
 0.13150183 0.32967033 0.48571429 0.05311355
 0.66300366 0.05054945 0.16520147 0.12124542
 0.53846154 0.0959707  0.24432234 0.12124542
 0.2029304  0.11831502 0.05714286 0.62161172
 0.4021978  0.0952381  0.04468864 0.45787546
 0.23186813 0.14615385 0.02014652 0.6018315 
 0.52380952 0.23186813 0.06666667 0.17765568

MOTIF human_l3_f_190
letter-probability matrix: alength= 4 w= 9 
 0.1182048  0.11694058 0.14412137 0.62073325
 0.01011378 0.19279393 0.0619469  0.73514539
 0.30594185 0.20986094 0.13653603 0.34766119
 0.05120101 0.09292035 0.48735777 0.36852086
 0.36030341 0.01264223 0.42793932 0.19911504
 0.01390645 0.47534766 0.03286979 0.47787611
 0.01390645 0.1011378  0.52212389 0.36283186
 0.2585335  0.20859671 0.03286979 0.5       
 0.27243995 0.08849558 0.24399494 0.39506953

MOTIF human_l3_f_191
letter-probability matrix: alength= 4 w= 9 
 0.18274979 0.19470538 0.03714774 0.5853971 
 0.00426985 0.0264731  0.65414176 0.31511529
 0.05166524 0.14304014 0.03415884 0.77113578
 0.05209223 0.09948762 0.63321947 0.21520068
 0.09863365 0.02263023 0.14816396 0.73057216
 0.14133219 0.0059778  0.81981213 0.03287788
 0.0324509  0.03031597 0.15328779 0.78394535
 0.38257899 0.05550811 0.10845431 0.45345858
 0.04654142 0.01366354 0.13578138 0.80401366

MOTIF human_l3_f_192
letter-probability matrix: alength= 4 w= 9 
 0.37948332 0.16277903 0.08001003 0.37772761
 0.2234763  0.11136193 0.20742413 0.45773765
 0.082769   0.37923251 0.01856032 0.51943817
 0.00551793 0.43691999 0.03511412 0.52244796
 0.18660647 0.16353148 0.4717833  0.17807876
 0.17958365 0.11662904 0.31552546 0.38826185
 0.30699774 0.02683722 0.02909456 0.63707048
 0.02909456 0.01755706 0.28718335 0.66616504
 0.14221219 0.0943065  0.3476298  0.41585152

MOTIF human_l3_f_194
letter-probability matrix: alength= 4 w= 9 
 0.5481331  0.16256033 0.06807214 0.22123444
 0.11379223 0.06248412 0.58597917 0.23774448
 0.07620015 0.08686817 0.10693421 0.72999746
 0.00508001 0.12573025 0.3500127  0.51917704
 0.23495047 0.01295403 0.3510287  0.4010668 
 0.23469647 0.08610617 0.13487427 0.54432309
 0.2509525  0.08788418 0.05562611 0.60553721
 0.1000762  0.03479807 0.22199644 0.64312929
 0.17043434 0.09626619 0.29210058 0.44119888

MOTIF human_l3_f_195
letter-probability matrix: alength= 4 w= 9 
 0.25144588 0.12255577 0.3541724  0.27182594
 0.03470118 0.01294409 0.68713853 0.26521619
 0.31120903 0.02038006 0.15367667 0.51473423
 0.02588819 0.03938309 0.44120077 0.49352795
 0.02285872 0.22418067 0.03057009 0.72239053
 0.00220325 0.38749656 0.01184247 0.59845773
 0.35940512 0.32690719 0.18342055 0.13026714
 0.12475902 0.24483613 0.08454971 0.54585514
 0.07876618 0.24373451 0.32002203 0.35747728

MOTIF human_l3_f_207
letter-probability matrix: alength= 4 w= 9 
 0.03271728 0.56743257 0.17707293 0.22277722
 0.02197802 0.78871129 0.13661339 0.0526973 
 0.03921079 0.76573427 0.01248751 0.18256743
 0.05769231 0.7042957  0.11613387 0.12187812
 0.02247752 0.52147852 0.21778222 0.23826174
 0.0526973  0.6978022  0.03371628 0.21578422
 0.10314685 0.53796204 0.10464535 0.25424575
 0.15509491 0.49225774 0.10814186 0.24450549
 0.12237762 0.64385614 0.07142857 0.16233766

MOTIF human_l3_f_209
letter-probability matrix: alength= 4 w= 9 
 0.30424466 0.10071184 0.06986554 0.52517796
 0.12259425 0.40891115 0.10176641 0.36672818
 0.22831532 0.52095966 0.06274717 0.18797785
 0.22831532 0.18270498 0.56973372 0.01924598
 0.07882942 0.03717374 0.13155813 0.7524387 
 0.13023992 0.03216451 0.07223833 0.76535724
 0.00738202 0.06775639 0.32639072 0.59847087
 0.01924598 0.09833905 0.39941998 0.48299499
 0.24492486 0.2494068  0.38781967 0.11784867

MOTIF human_l3_f_210
letter-probability matrix: alength= 4 w= 9 
 0.56608933 0.0622911  0.18626557 0.185354  
 0.07535703 0.20814342 0.03312063 0.68337891
 0.32816773 0.08173807 0.19446977 0.39562443
 3.03859009e-04 3.03859009e-04 3.03859009e-04 9.99088423e-01
 7.36554239e-01 3.03859009e-04 1.45548466e-01 1.17593437e-01
 5.87967183e-01 3.03859009e-04 2.94135521e-01 1.17593437e-01
 0.18322698 0.20054695 0.20875114 0.40747493
 0.33394105 0.12610149 0.10179277 0.43816469
 0.26861136 0.15982984 0.18869644 0.38286235

MOTIF human_l3_f_214
letter-probability matrix: alength= 4 w= 9 
 0.19825073 0.28995494 0.1916247  0.32016963
 0.01298701 0.28067851 0.06122449 0.64510999
 0.31380864 0.01192685 0.18499867 0.48926584
 0.14683276 0.07129605 0.62443679 0.1574344 
 0.07527167 0.04055129 0.38377949 0.50039756
 0.85714286 0.02014312 0.09488471 0.02782931
 0.07633183 0.0045057  0.4161145  0.50304797
 0.1470978  0.03366022 0.06705539 0.75218659
 0.01537238 0.11131725 0.44261861 0.43069176

MOTIF human_l3_f_215
letter-probability matrix: alength= 4 w= 9 
 0.45573683 0.20085584 0.30997593 0.0334314 
 0.75020059 0.15592404 0.0679326  0.02594277
 0.51377374 0.23990372 0.1912276  0.05509495
 0.53730944 0.26745119 0.02433806 0.17090131
 0.07301417 0.17090131 0.11580637 0.64027815
 0.26424178 0.08077026 0.32281359 0.33217438
 1.10992244e-01 3.58384595e-02 8.52901845e-01 2.67451190e-04
 0.24418294 0.05482749 0.38272265 0.31826692
 0.29366141 0.17678524 0.27092806 0.2586253 

MOTIF human_l3_f_216
letter-probability matrix: alength= 4 w= 9 
 0.61088911 0.04220779 0.17482517 0.17207792
 0.25774226 0.13611389 0.07717283 0.52897103
 0.11463536 0.30669331 0.50174825 0.07692308
 0.68706294 0.06993007 0.07442557 0.16858142
 0.27322677 0.03246753 0.27097902 0.42332667
 0.16783217 0.00699301 0.38986014 0.43531469
 0.48376623 0.11688312 0.16433566 0.23501499
 0.22827173 0.08166833 0.12712288 0.56293706
 0.21878122 0.10614386 0.21903097 0.45604396

MOTIF human_l3_f_217
letter-probability matrix: alength= 4 w= 9 
 0.37431147 0.01752629 0.26514772 0.34301452
 0.0102654  0.01752629 0.02278418 0.94942414
 0.00826239 0.00951427 0.04206309 0.94016024
 0.21031547 0.00600901 0.2018027  0.58187281
 0.03805709 0.11492238 0.02854281 0.81847772
 0.5645969  0.24161242 0.05358037 0.14021032
 0.03555333 0.17225839 0.09739609 0.69479219
 0.09339009 0.12669004 0.2243365  0.55558338
 0.17676515 0.08362544 0.39308963 0.34651978

MOTIF human_l3_f_218
letter-probability matrix: alength= 4 w= 9 
 0.2588147  0.34458615 0.05976494 0.33683421
 0.48212053 0.03750938 0.42610653 0.05426357
 0.09252313 0.10002501 0.17854464 0.62890723
 0.02950738 0.13578395 0.10152538 0.7331833 
 0.16004001 0.08277069 0.36434109 0.39284821
 0.17654414 0.10502626 0.27131783 0.44711178
 0.59489872 0.01775444 0.29932483 0.08802201
 0.14603651 0.22430608 0.19179795 0.43785946
 0.1767942  0.27056764 0.29882471 0.25381345

MOTIF human_l3_f_224
letter-probability matrix: alength= 4 w= 9 
 0.257473   0.21803567 0.37201708 0.15247425
 0.29439839 0.55664406 0.08892238 0.06003517
 0.41220799 0.23963828 0.25596584 0.09218789
 0.4448631  0.10524994 0.23863351 0.21125345
 0.28234112 0.55312735 0.0733484  0.09118312
 0.30193419 0.03893494 0.03064557 0.62848531
 0.09670937 0.3566943  0.00828937 0.53830696
 0.18085908 0.11956795 0.22356192 0.47601105
 0.25521226 0.23285607 0.08615926 0.42577242

MOTIF human_l3_f_227
letter-probability matrix: alength= 4 w= 9 
 0.13393871 0.2338252  0.07226636 0.55996973
 0.24555429 0.1097238  0.0071888  0.63753311
 0.0953462  0.23571699 0.17744987 0.49148695
 2.64850549e-02 9.30760499e-01 3.78357927e-04 4.23760878e-02
 0.584563   0.15588347 0.03972758 0.21982596
 0.54937571 0.00113507 0.16155883 0.28793038
 0.46348846 0.0117291  0.01324253 0.51153992
 0.25349981 0.08513053 0.14150586 0.51986379
 0.26863413 0.23458191 0.138479   0.35830496

MOTIF human_l3_f_228
letter-probability matrix: alength= 4 w= 9 
 0.08108108 0.16216216 0.61136999 0.14538677
 9.31966449e-04 9.31966449e-04 9.31966449e-04 9.97204101e-01
 0.13233924 0.00093197 0.86579683 0.00093197
 9.92544268e-01 9.31966449e-04 5.59179870e-03 9.31966449e-04
 0.35787512 0.39981361 0.1304753  0.11183597
 0.07362535 0.40913327 0.31034483 0.20689655
 0.19012116 0.32618826 0.30661696 0.17707363
 0.21994408 0.34016775 0.2749301  0.16495806
 0.13513514 0.18266542 0.31873253 0.36346692

MOTIF human_l3_f_231
letter-probability matrix: alength= 4 w= 9 
 0.46950605 0.21597782 0.09702621 0.21748992
 0.11920363 0.56527218 0.1234879  0.19203629
 8.86088710e-01 2.52016129e-04 7.71169355e-02 3.65423387e-02
 0.43220766 0.0561996  0.10408266 0.40751008
 0.3218246  0.18170363 0.16154234 0.33492944
 0.24420363 0.12247984 0.14894153 0.484375  
 0.01789315 0.18951613 0.06174395 0.73084677
 0.1108871  0.02419355 0.34601815 0.51890121
 0.25126008 0.20337702 0.19027218 0.35509073

MOTIF human_l3_f_233
letter-probability matrix: alength= 4 w= 9 
 0.43181818 0.08987603 0.3241219  0.15418388
 0.24741736 0.18155992 0.18620868 0.38481405
 0.40857438 0.37190083 0.15056818 0.06895661
 0.44498967 0.12370868 0.14953512 0.28176653
 0.11931818 0.04183884 0.02453512 0.81430785
 3.09917355e-02 2.58264463e-04 1.08471074e-02 9.57902893e-01
 0.03589876 0.05604339 0.31404959 0.59400826
 0.21565083 0.09891529 0.66451446 0.02091942
 0.38507231 0.17665289 0.22029959 0.21797521

MOTIF human_l3_f_237
letter-probability matrix: alength= 4 w= 9 
 0.00251256 0.12562814 0.00251256 0.86934673
 0.72613065 0.00251256 0.26884422 0.00251256
 0.84422111 0.10552764 0.04773869 0.00251256
 0.60552764 0.09798995 0.09798995 0.19849246
 0.78643216 0.0879397  0.0678392  0.05778894
 0.3040201  0.05276382 0.00251256 0.64070352
 0.00251256 0.00251256 0.6758794  0.31909548
 0.04271357 0.1080402  0.45728643 0.3919598 
 0.2361809  0.1281407  0.18090452 0.45477387

MOTIF human_l3_f_238
letter-probability matrix: alength= 4 w= 9 
 0.27134917 0.22865083 0.23244063 0.26755937
 0.43759474 0.12885296 0.09373421 0.33981809
 0.11369378 0.21753411 0.35447196 0.31430015
 2.52652855e-04 2.52652855e-04 3.53713997e-03 9.95957554e-01
 4.67407782e-01 2.52652855e-04 5.32086913e-01 2.52652855e-04
 8.04699343e-01 2.52652855e-04 1.94795351e-01 2.52652855e-04
 0.13415867 0.08817585 0.11243052 0.66523497
 0.31556342 0.20389085 0.24002021 0.24052552
 0.47170288 0.09828196 0.27134917 0.15866599

MOTIF human_l3_f_241
letter-probability matrix: alength= 4 w= 9 
 0.32042957 0.247003   0.09015984 0.34240759
 0.57492507 0.18356643 0.17957043 0.06193806
 0.2037962  0.1461039  0.47052947 0.17957043
 2.49750250e-04 7.74225774e-03 2.49750250e-04 9.91758242e-01
 0.60614386 0.003996   0.38536464 0.0044955 
 0.66008991 0.001998   0.32867133 0.00924076
 0.27072927 0.21053946 0.44230769 0.07642358
 0.25824176 0.27622378 0.26173826 0.2037962 
 0.18231768 0.17882118 0.34390609 0.29495504

MOTIF human_l3_f_250
letter-probability matrix: alength= 4 w= 9 
 0.58592184 0.19463928 0.11723447 0.10220441
 0.75601202 0.08817635 0.08692385 0.06888778
 0.65556112 0.05285571 0.00701403 0.28456914
 2.50501002e-02 3.25651303e-03 2.50501002e-04 9.71442886e-01
 0.001002   0.16157315 0.00425852 0.83316633
 0.20390782 0.04333667 0.50551102 0.24724449
 0.34368737 0.16382766 0.37675351 0.11573146
 0.3008517  0.25225451 0.12750501 0.31938878
 0.24123246 0.27079158 0.12700401 0.36097194

MOTIF human_l3_f_252
letter-probability matrix: alength= 4 w= 9 
 0.60010201 0.02499362 0.12853864 0.24636572
 0.61004846 0.11298138 0.09691405 0.18005611
 0.58633002 0.2096404  0.09359857 0.11043101
 0.21040551 0.00994644 0.02244325 0.75720479
 0.16883448 0.00918133 0.09563887 0.72634532
 0.56388676 0.30961489 0.00102015 0.12547819
 0.62076001 0.00867126 0.00612089 0.36444784
 0.52639633 0.09028309 0.23590921 0.14741137
 0.37107881 0.16398878 0.31879623 0.14613619

MOTIF human_l3_f_255
letter-probability matrix: alength= 4 w= 9 
 0.71729544 0.06712396 0.1077903  0.1077903 
 0.51788339 0.06173444 0.04801568 0.37236649
 0.66927976 0.09799118 0.16707496 0.06565409
 0.08476237 0.03282705 0.01175894 0.87065164
 0.0044096  0.1455169  0.03086722 0.81920627
 0.73395394 0.1621754  0.07496325 0.0289074 
 0.02204802 0.0499755  0.0832925  0.84468398
 0.27878491 0.05536502 0.13816756 0.52768251
 0.09211171 0.0867222  0.40764331 0.41352278
