MEME version <version number>
                ALPHABET= ACGT
                strands: + -
                Background letter frequencies
                A 0.25 C 0.25 G 0.25 T 0.25
layer3_filter 0
3049.  814.  904.  230.
3437.  494.  705.  361.
2345.  836. 1121.  695.
2749.  562.  991.  695.
2447.  247.    8. 2295.
 897.   46. 2316. 1738.
 348.  352. 3524.  773.
1651. 1253. 1257.  836.
1726.  726. 1163. 1382.

layer3_filter 1
2401.  440. 1808.  266.
 587.  571. 1623. 2134.
  91.   21. 4727.   76.
 426.  523. 3084.  882.
 248.  496. 3606.  565.
 842. 1398. 1876.  799.
 649.  859. 2153. 1254.
 565. 3026.  721.  603.
 840. 2285.  845.  945.

layer3_filter 2
  76.  367.   90. 4117.
 136.   19. 2031. 2464.
  43.  128. 2674. 1805.
 890. 1232.  364. 2164.
 632.   30. 1888. 2100.
  21.  345. 1894. 2390.
  72. 1088.  247. 3243.
 110. 1042. 2639.  859.
 498. 1069.  542. 2541.

layer3_filter 3
1325.  410.  471.  227.
957. 807. 554. 115.
2074.   41.  299.   19.
1792.  307.   81.  253.
 722.  289.  402. 1020.
1124.  517.   97.  695.
 736.    3.  524. 1170.
  84.    7. 1566.  776.
605. 222. 888. 718.

layer3_filter 4
 955. 1539. 1155. 1179.
2314.  555. 1488.  471.
1861. 1714.  687.  566.
2503.  159. 2146.   20.
1989.  608. 1509.  722.
1080.  438. 1414. 1896.
3022.  791. 1015.    0.
 720.  194.  639. 3275.
 290.  504. 3881.  153.

layer3_filter 5
 767.  459.  275. 2376.
1593.  584.    5. 1695.
 721.  642.  301. 2213.
1710.  852.  127. 1188.
 770.  743. 2003.  361.
1196.  448.  705. 1528.
  74.  437. 3013.  353.
 185.  246.  415. 3031.
  18.  860. 1234. 1765.

layer3_filter 6
311. 336. 623. 648.
885. 240. 374. 419.
1339.  340.  239.    0.
1889.   21.    2.    6.
1080.  217.  112.  509.
   0.   49.   94. 1775.
 143.    2.    0. 1773.
  19.    0. 1899.    0.
103. 411. 538. 866.

layer3_filter 7
 206.  340.  668. 2256.
   0.  161.   84. 3225.
1535.   31. 1177.  727.
 792. 1481. 1017.  180.
1270.  479.  484. 1237.
3218.  115.   19.  118.
1706.  498.  411.  855.
 869.  274.  658. 1669.
 884.  213.  859. 1514.

layer3_filter 8
1098.  945. 1354. 1151.
 231. 1233.  355. 2729.
1360. 1078.  743. 1367.
   5.   17. 4166.  360.
1.000e+00 1.471e+03 9.000e+00 3.067e+03
1509.  602.  640. 1797.
 795.  578.  983. 2192.
2230.  699.  350. 1269.
 327.  140. 1458. 2623.

layer3_filter 9
 797. 2691.  692.  820.
 500. 1580. 2623.  297.
 206. 4277.   39.  478.
  67. 4901.    0.   32.
1085. 3398.  127.  390.
 931. 3369.  305.  395.
 862. 3197.  529.  412.
1404.  840. 2398.  358.
 347. 1159. 2581.  913.

layer3_filter 10
 986.  573. 1536. 1859.
 490.  467. 1597. 2400.
 627. 1129.  733. 2465.
1580.   87. 1609. 1678.
 597.  547.  549. 3261.
1479. 3193.    0.  282.
 485. 2717.  217. 1535.
 605. 2789.  165. 1395.
 468. 2912.  487. 1087.

layer3_filter 11
140.  23.   0.   3.
76. 27. 63.  0.
 11.   1. 103.  51.
56. 16.  3. 91.
 39.  24.   0. 103.
76.  0. 17. 73.
72. 15. 64. 15.
 28.   3.  21. 114.
 19.  40. 102.   5.

layer3_filter 12
 485. 1008.  819. 1772.
1459.  757.  924.  944.
  41. 1378.  105. 2560.
 637.  320. 1527. 1600.
   0.    0.    0. 4084.
3447.    0.  637.    0.
3134.    0.  950.    0.
1258.  306. 1517. 1003.
1231.  829.  920. 1104.

layer3_filter 13
1113.  901. 1750. 1121.
 673. 1046.  433. 2733.
   9. 2324.   85. 2467.
   0. 2605.  755. 1525.
 346. 2028.  143. 2368.
 615. 1663.  260. 2347.
 994.  162.  173. 3556.
1546. 1642. 1078.  619.
 951.  347. 2624.  963.

layer3_filter 14
 306. 2302. 1152. 1195.
 493.  724. 3706.   32.
 155.  989. 3381.  430.
 176. 1442. 2062. 1275.
 752.  118. 4085.    0.
 126. 2277. 2350.  202.
 255. 1359. 2252. 1089.
 160.  144. 3840.  811.
 290. 2361. 1696.  608.

layer3_filter 15
1773. 1599. 1426.  202.
3908.    0. 1092.    0.
 595.  386. 3262.  757.
  70. 3989.  465.  476.
1560.  705. 1735. 1000.
 568.  269. 1918. 2245.
1930. 2153.  735.  182.
1350.  844. 2041.  765.
1355. 1907.  959.  779.

layer3_filter 16
 499. 1161. 2992.  348.
 299. 3202. 1020.  479.
 378. 2488. 1347.  787.
 175. 3399. 1227.  199.
  38. 4329.   62.  571.
  40. 3630. 1326.    4.
 123. 4349.  504.   24.
 454. 3821.  536.  189.
 661. 2562. 1675.  102.

layer3_filter 17
249.  89.   2. 157.
118.   3. 179. 197.
 55.   0. 320. 122.
  8. 104.   5. 380.
119. 164. 132.  82.
 25. 340.   0. 132.
275. 114.   6. 102.
 42.   1.  19. 435.
 70.  22. 378.  27.

layer3_filter 18
1468. 1632.  783. 1018.
1448. 1402.  704. 1347.
1675. 1372. 1152.  702.
4532.  134.   78.  157.
 182.    0.  799. 3920.
   6.   19. 4709.  167.
 414. 1191. 1654. 1642.
 596.  428. 2207. 1670.
 594.  811. 1742. 1754.

layer3_filter 19
1067. 1374.  694. 1184.
1235. 1771.  662.  651.
3372.    0.  947.    0.
1129. 1067.  648. 1475.
1043.  629. 1623. 1024.
3.296e+03 2.000e+00 8.330e+02 1.880e+02
 355.  523.   36. 3405.
1.520e+02 3.000e+00 3.622e+03 5.420e+02
 633. 1060.  962. 1664.

layer3_filter 20
1228.  950.  670. 1689.
 870.  547. 1256. 1864.
 221.  525.  177. 3614.
1901.  645. 1545.  446.
2263.  752.  958.  564.
 292.  209.  400. 3636.
2353.  194. 1289.  701.
3788.   66.  544.  139.
 901.  425.  523. 2688.

layer3_filter 21
 903. 1447.  927. 1529.
3331. 1092.  159.  224.
1821.  277. 1031. 1677.
1.000e+00 2.000e+00 8.400e+01 4.719e+03
 294.  190.  255. 4067.
 215.  425. 1137. 3029.
 618. 1478. 2006.  704.
2975.  241.  266. 1324.
 129.  301.  804. 3572.

layer3_filter 22
383. 226. 428. 754.
  10.    0.   28. 1753.
1213.    0.  578.    0.
1.128e+03 1.000e+01 6.520e+02 1.000e+00
 150.   29.   48. 1564.
1130.   48.  526.   87.
1261.   13.  499.   18.
619. 211. 301. 660.
300. 271. 409. 811.

layer3_filter 23
196.  75. 242. 811.
 17.   6. 411. 890.
765.   0. 559.   0.
   0.    6.  128. 1190.
  61.  137.   70. 1056.
 100.    2.    0. 1222.
   0.   18.   41. 1265.
701.  20. 601.   2.
132. 159. 257. 776.

layer3_filter 24
1994. 1098. 1181.  294.
1606. 1096.  927.  938.
 114. 3753.  567.  133.
3378.  462.  618.  109.
 236. 3090.  806.  435.
 682. 2948.  392.  545.
1902. 1388.  441.  836.
1713.  778. 1858.  218.
1014.  953. 2482.  118.

layer3_filter 25
143.  87.  25. 194.
104. 176.  12. 157.
441.   0.   8.   0.
113.  86.   5. 245.
159.  75. 207.   8.
444.   0.   5.   0.
  0.   5.   0. 444.
  0.   0. 444.   5.
 70.  52.  84. 243.

layer3_filter 26
3292.  259.  420. 1029.
 788.  109.  213. 3890.
 417.  399.  334. 3850.
3812.    0.  244.  944.
 418.  120.  276. 4186.
 360. 1123.  117. 3400.
1220.   21.  407. 3352.
1274.   88.  385. 3253.
 688.  183.  223. 3906.

layer3_filter 27
1824.  768.  973. 1240.
2473.  661.  768.  903.
1967. 1577.  326.  935.
4147.    0.  237.  421.
1709.  449.  251. 2396.
 689. 1455.  260. 2401.
2737.    0.  222. 1846.
 138.  438.   32. 4197.
 442.  456. 1707. 2200.

layer3_filter 28
1136.  200. 1318. 2079.
1084. 1492. 1568.  589.
 804. 1185.  440. 2304.
2214.  351. 1770.  398.
2125. 1018.  872.  718.
2745.  274.  495. 1219.
2746.  137. 1090.  760.
1879.  438.  634. 1782.
2102.  196. 1123. 1312.

layer3_filter 29
1432.  506. 2005.  854.
1286. 1083. 1058. 1370.
1908.  915.  992.  982.
3154.    9. 1578.   56.
 972.  785. 1380. 1660.
1097.  412. 1732. 1556.
3304.   55. 1319.  119.
  82.  403.  611. 3701.
 126.  296. 4014.  361.

layer3_filter 30
1739. 1335.  534.  898.
1840.  837. 1133.  696.
3153.  227.  986.  140.
1156.  862.  875. 1613.
1546.  531. 1094. 1335.
3316.    5.  434.  751.
 166.  290.  744. 3306.
 123.   14. 4093.  276.
 827. 1263.  848. 1568.

layer3_filter 31
 523.  655. 3206.  326.
 925.  426. 3126.  233.
1074. 1411. 1659.  566.
 540.  467. 2652. 1051.
 581.  747. 2632.  750.
1310.  904. 1776.  720.
 207.  644. 2384. 1475.
 543. 1578. 2402.  187.
 725. 1898. 1128.  959.

layer3_filter 32
 693.  533. 1621.  821.
1076. 1423.  462.  707.
2322.  881.  164.  301.
2408.  385.  377.  498.
1384.  710.  347. 1227.
1316.  296.  761. 1295.
1200.    0.  480. 1988.
 132.  338. 1054. 2144.
 160.  326. 2073. 1109.

layer3_filter 33
 240.  600. 1265.  463.
841. 531. 249. 947.
 577. 1332.  487.  172.
 270.  415. 1148.  735.
 794.  335. 1430.    9.
 139.  182. 1607.  640.
 363. 1003. 1074.  128.
 825.   99. 1097.  547.
 162.  357. 1930.  119.

layer3_filter 34
1954.  594.  677. 1377.
 683. 1673.  602. 1644.
1192.  420.  243. 2747.
   0.  533. 3778.  291.
 349. 1406.   17. 2830.
  70.   22. 2682. 1828.
 220.  262.   45. 4075.
1100.  849.  680. 1973.
 492.  351. 1539. 2220.

layer3_filter 35
 866.  674.  645. 2410.
 369.  294. 2386. 1546.
2644.   87. 1083.  781.
2124.   54.  306. 2111.
 251.    0. 2308. 2036.
 699. 1053. 1484. 1359.
 880. 1203. 2189.  323.
1354.  713.  819. 1709.
2011. 1004.  614.  966.

layer3_filter 36
2039. 1354.  806.  715.
 763.  887. 2696.  568.
1355.  645. 2534.  380.
2067.    9. 2132.  706.
 173. 2240.  748. 1753.
 508.  952. 2236. 1218.
2338.  597. 1595.  384.
 899. 1513.  960. 1542.
 513. 1069. 2483.  849.

layer3_filter 37
 999.  904. 2136.  694.
 131. 1350. 1729. 1523.
 922. 1208. 1568. 1035.
8.540e+02 3.000e+00 3.757e+03 1.190e+02
   9. 1223. 3048.  453.
 180.  562. 3244.  747.
 755.  357. 3273.  348.
1009.  861. 2046.  817.
 643.  823. 2731.  536.

layer3_filter 38
3122.  431.  699.  748.
3113. 1437.   84.  366.
2377. 2420.   31.  172.
3.721e+03 2.000e+00 8.190e+02 4.580e+02
 271.  714. 2154. 1861.
2221.  372.  918. 1489.
1848. 1156. 1107.  889.
 231.  654.  775. 3340.
 791.  714. 1976. 1519.

layer3_filter 39
1887.  633.  533. 1765.
1745. 1232. 1546.  295.
1617.  386. 2718.   97.
  47.  591. 2997. 1183.
3148.  491.  237.  942.
 273.   11.  376. 4158.
 241. 1276.   85. 3216.
 621. 1234.  919. 2044.
 333. 1059. 1493. 1933.

layer3_filter 40
301. 447. 340. 722.
553. 302. 516. 439.
 281. 1015.  203.  311.
580. 735.  59. 436.
  31.    7. 1756.   16.
848. 858.  70.  34.
 10. 666. 517. 617.
562. 432.   0. 816.
 205.  356.   92. 1157.

layer3_filter 41
1526. 1544.  869.  974.
1347.  655. 1345. 1566.
1469.  553. 1979.  912.
 254.  356. 4303.    0.
 723.  519. 3496.  175.
1072.  919. 2344.  578.
 684. 2435. 1222.  572.
 244.  728.  933. 3008.
 254. 2499. 1160. 1000.

layer3_filter 42
 896.  805. 1528. 1103.
   0.   38.    0. 4294.
3104.    0. 1228.    0.
2744.   24. 1561.    3.
 778. 1234. 1312. 1008.
 705.  595.  714. 2318.
 520. 1552.  556. 1704.
 604. 1141. 1681.  906.
1204. 1081. 1141.  906.

layer3_filter 43
829. 540. 962. 498.
 457.  307. 1540.  525.
   0. 2226.    0.  603.
1317.  199.  531.  782.
 212.  680. 1513.  424.
1358.   30. 1130.  311.
 427.  493.  274. 1635.
  22.    0. 1966.  841.
551. 929. 515. 834.

layer3_filter 44
1586.  749.  867. 1417.
1261. 1270.  605. 1483.
3332.   62.  165. 1060.
1986.    0.    0. 2633.
0.000e+00 2.000e+00 2.687e+03 1.930e+03
1244.  467. 2168.  740.
1710.  426.  839. 1644.
 889.  541. 1101. 2088.
1162. 1033.  357. 2067.

layer3_filter 45
 287. 1831.  334. 1288.
 174.  325. 2009. 1232.
 112.  171. 2519.  938.
 102. 2047.   39. 1552.
 706.  485. 1981.  568.
 341. 1365. 1510.  524.
1221. 1170. 1031.  318.
1753.  533.  784.  670.
1068. 1391.  412.  869.

layer3_filter 46
1342. 1490. 1423.  745.
1357. 1175.  439. 2029.
 360.  689. 2619. 1332.
2188.  984.  375. 1453.
2064. 1299.  321. 1316.
3206.  341. 1250.  203.
2957.  645. 1048.  350.
1587.  473. 1200. 1740.
1942.  348. 2454.  256.

layer3_filter 47
 434. 1393.  828. 1474.
 903. 2391.  395.  440.
 185.   80. 3455.  409.
  74.  971.  199. 2885.
1602. 2056.  309.  162.
1348. 2215.  446.  120.
1480. 1686.  378.  585.
1869. 1560.  384.  316.
2720.  841.  253.  315.

layer3_filter 48
 761. 1818. 1307. 1016.
 696. 2607. 1454.  145.
1493. 1258. 1671.  480.
 515.   12. 4304.   71.
 706. 2312. 1743.  141.
 190. 3260. 1393.   59.
3005. 1105.  242.  550.
 897. 2731. 1161.  113.
1647. 1273. 1820.  162.

layer3_filter 49
1098.  607. 1516.  407.
 551. 1319.  601. 1157.
2476.  172.  980.    0.
 538.  127.  769. 2194.
 370.  549. 2144.  565.
1411.  972.  723.  522.
 477.  431. 1107. 1613.
 524.  404. 1953.  747.
 551.  506. 1990.  581.

layer3_filter 50
290. 464. 454. 497.
153. 693. 281. 578.
199. 694. 336. 476.
 151.  291.  232. 1031.
  5. 915. 667. 118.
   0.  114.  111. 1480.
701.  60. 944.   0.
1363.    0.  342.    0.
627.  91. 824. 163.

layer3_filter 51
 290. 1230. 1615.  988.
  23. 1936.  685. 1479.
1158.  936. 1992.   37.
1739. 1159. 1221.    4.
 396. 2082. 1200.  445.
 579.  666. 2529.  349.
1156. 1009.  835. 1123.
  47. 2527.  385. 1164.
 447. 1006. 1976.  694.

layer3_filter 52
2665. 1097.  486.  645.
2789.  866.  838.  400.
 789.   99.   89. 3916.
2273. 1109.  399. 1112.
1977.  242. 2286.  388.
  85. 1301.  888. 2619.
2144.  830.  507. 1412.
1312.  770. 1058. 1753.
 641. 2052.  117. 2083.

layer3_filter 53
0. 0. 7. 0.
0. 7. 0. 0.
7. 0. 0. 0.
6. 1. 0. 0.
0. 4. 0. 3.
7. 0. 0. 0.
0. 0. 0. 7.
0. 0. 0. 7.
0. 0. 7. 0.

layer3_filter 54
1012.  558. 1396.  943.
 106. 1023.  884. 1896.
 576.  467. 1560. 1306.
   0.    0.   22. 3887.
2497.    0. 1322.   90.
2381.   11. 1517.    0.
1187.  608. 1025. 1089.
1066. 1199.  645.  999.
1005. 1473.  480.  951.

layer3_filter 55
2078. 1262. 1247.  388.
2676.  110. 2098.   91.
1658.  751. 1736.  830.
1399.  975. 1574. 1027.
3119.  238.  856.  762.
  26.   58. 1337. 3554.
 176.  432. 3964.  403.
 955.  660. 2255. 1105.
1044. 1172. 1544. 1215.

layer3_filter 56
 247. 1808. 1588. 1318.
 281. 1825. 2008.  847.
  34. 2353. 2079.  495.
  65. 3609.  914.  373.
 464. 3193.  251. 1053.
 636. 1825.   53. 2447.
 105. 3951.  141.  764.
1138. 2122.  472. 1229.
1299. 2087. 1124.  451.

layer3_filter 57
 86. 380.  28. 570.
406. 268.  87. 303.
366.  21. 142. 535.
187.  25.   3. 849.
   0.    0.   15. 1049.
841. 194.  11.  18.
178. 443.  10. 433.
344. 499. 134.  87.
135.  55. 213. 661.

layer3_filter 58
 472.  577.  519. 1868.
1251.   66.  772. 1347.
1818.  878.  372.  368.
 836.  741.  203. 1656.
1807.  506.  855.  268.
1700.   25. 1673.   38.
1464.   44. 1887.   41.
 349.  237. 2501.  349.
1816.  377. 1059.  184.

layer3_filter 59
2113.  517. 2120.  240.
1957. 1821.  671.  541.
 892. 1212.  701. 2185.
3470.   62. 1458.    0.
 454.  173. 1267. 3096.
 549. 1060. 3280.  101.
1550.  450. 2226.  764.
1019. 1506.  876. 1589.
 782. 1091. 2445.  672.

layer3_filter 60
349. 131. 183. 343.
260.  97.  10. 639.
 34.  24. 278. 670.
  8.  90. 448. 460.
  0.   0.  31. 975.
577.   4. 425.   0.
692.   0. 314.   0.
468. 102. 284. 152.
459. 105.  84. 358.

layer3_filter 61
 440.  841.  350. 1407.
1005. 1097.  224.  712.
1598.  572.  393.  475.
 719. 1243.  869.  207.
 906.  513.  272. 1347.
 426.  262.  923. 1427.
 339. 2188.  180.  331.
1053.  473.   89. 1423.
 838.  266. 1544.  390.

layer3_filter 62
2301.  217.  416. 1687.
1460.  165.   48. 2948.
 544.    3. 1547. 2527.
1225.  415. 1413. 1568.
1309.  506.   49. 2757.
 448.  146. 1573. 2454.
 996.  453. 1188. 1984.
1036.  702.  843. 2040.
 481.  385. 1231. 2524.

layer3_filter 63
1885. 1299.  971.  724.
2773.  548. 1383.  175.
1505.  852.  983. 1539.
1417.  472. 2350.  640.
3100.  294. 1342.  143.
  64.  233.  912. 3670.
  42.  177. 4340.  320.
 565.  635. 2531. 1148.
 916. 1351. 1796.  816.

layer3_filter 64
2408.  947.  686.  885.
2692.    0. 1670.  564.
2759.  326.  913.  928.
3841.  120.  148.  817.
1060.  441.  169. 3256.
 787. 3179.   48.  912.
2464.  174. 1922.  366.
1783.  854.   80. 2209.
1579. 1168.  653. 1526.

layer3_filter 65
 179. 2748.  434. 1152.
2162. 1682.  636.   33.
3015.   72. 1284.  142.
 421. 2241.  564. 1287.
 584.  939.  860. 2130.
 870. 2060.   92. 1491.
  47. 1218. 1137. 2111.
1014.  872. 1486. 1141.
1226. 1356. 1019.  912.

layer3_filter 66
3318.  484.  890.  249.
2908.  390.  712.  931.
1713.  614.  827. 1787.
3137.  316.  633.  855.
1721.    0.  255. 2965.
 164.  108. 2377. 2292.
 957.  358. 2757.  869.
1659. 1229.  641. 1412.
1025.  973.  947. 1996.

layer3_filter 67
1078.  600.  359. 1409.
 821. 1262.  157. 1206.
2879.   68.  169.  330.
 286.  110. 2865.  185.
2361.   32.  191.  862.
 103.   36. 2812.  495.
2214.  362.  334.  536.
1293.  105.  905. 1143.
1019.  483.  353. 1591.

layer3_filter 68
 734.  640.  894. 1135.
 522. 1010.  717. 1154.
 529.  359.  265. 2250.
1812.  108.  953.  530.
1366.  243. 1371.  423.
0.0e+00 0.0e+00 3.0e+00 3.4e+03
2074.    0. 1319.   10.
2181.    0. 1219.    3.
 941.  416. 1250.  796.

layer3_filter 69
 681. 1047. 1780.  204.
  72.  507. 2912.  221.
 177.  754. 2355.  426.
  87.  317. 3299.    9.
  93.  303. 2982.  334.
   2.  551. 1884. 1275.
 511. 1627. 1028.  546.
 483.  770.  946. 1513.
 778. 1743.  617.  574.

layer3_filter 70
 188.  747.  485. 1951.
 338. 1012.  840. 1181.
1305.  213.  829. 1024.
2879.   27.  393.   72.
1196.    9.  410. 1756.
 581.    0.   15. 2775.
 102.   11. 1249. 2009.
 777.  478. 1625.  491.
1509.  152. 1230.  480.

layer3_filter 71
1226.  556.  944. 1674.
4.043e+03 0.000e+00 4.000e+00 3.530e+02
  62.   82.  119. 4137.
 170.   85. 3909.  236.
1266.  667.  760. 1707.
 203.  548. 1211. 2438.
 667.  804.  988. 1941.
1018.  672.  890. 1820.
 536.  979.  679. 2206.

layer3_filter 72
1820. 1128.  918.  621.
2551. 1239.  301.  396.
2952.   14. 1494.   27.
1168. 2507.  178.  634.
1394. 1690.  740.  663.
3316.  765.  185.  221.
 826. 1119.   88. 2454.
1300. 1178. 1989.   20.
1611.  494. 1135. 1247.

layer3_filter 73
 621.  667. 1645.  346.
 141.  396. 2013.  729.
 412. 1292.  858.  717.
 616. 2160.  429.   74.
2340.  223.  635.   81.
 111. 2496.  132.  540.
 206. 2582.  480.   11.
1724.  697.  520.  338.
 658.  897.  425. 1299.

layer3_filter 74
 741. 1099. 1316. 1078.
 862. 1202.  855. 1315.
 573.  963. 1220. 1478.
 129.  118. 3420.  567.
 261.    0. 2838. 1135.
   5.  195. 3665.  369.
 232.  401. 3601.    0.
1148. 1271. 1500.  315.
 773. 1517. 1200.  744.

layer3_filter 75
1316. 1169. 1373.  716.
1255.  980. 1252. 1087.
2711.  563. 1068.  232.
1537.  468.  337. 2232.
 422.  369. 2102. 1681.
2663.  399. 1216.  296.
 856.   64.  801. 2853.
1057.  466. 2798.  253.
 810.  803. 1602. 1359.

layer3_filter 76
 447. 1222. 1010. 1361.
1350. 1161. 1107.  422.
 999. 1197. 1131.  713.
 349. 2002.  395. 1294.
 407. 2002.  310. 1321.
0.000e+00 2.000e+00 0.000e+00 4.038e+03
3415.    0.  625.    0.
2.430e+03 0.000e+00 1.608e+03 2.000e+00
1084.  740. 1061. 1155.

layer3_filter 77
2298. 1156.  688.  501.
2496.  405. 1114.  628.
2234. 1142.  404.  863.
 994.  605.  772. 2272.
2520.  219. 1315.  589.
   0.    0. 1341. 3302.
 584.  759. 3026.  274.
 574.  594. 2049. 1426.
1721. 1207.  916.  799.

layer3_filter 78
1194. 1206.  782. 1199.
2153. 1167.  463.  598.
1946.  596.  759. 1080.
3294.   12.    0. 1075.
4.000e+00 2.000e+00 0.000e+00 4.375e+03
2.000e+00 0.000e+00 3.239e+03 1.140e+03
 540.  448. 1466. 1927.
1015. 1152. 1611.  603.
 732.  585. 1020. 2044.

layer3_filter 79
1580.  950.  735. 1056.
2226.  524.  888.  683.
  78.  110.   65. 4068.
1450.  210. 2426.  235.
2802.   92. 1139.  288.
1372.  984.  341. 1624.
 202.   80. 2682. 1357.
 604.  853. 1083. 1781.
 878. 1327.  863. 1253.

layer3_filter 80
 571.  935.  376. 1193.
996. 986. 384. 709.
2772.   14.  272.   17.
 106.   97.  189. 2683.
 112.   65. 2788.  110.
1203.  498.  554.  820.
 489.  203.  534. 1849.
 285.  477. 1406.  907.
656. 617. 915. 887.

layer3_filter 81
 741.  211. 1149. 2899.
 150.  145.  974. 3731.
 366.  289.  783. 3562.
   0.  810.  270. 3920.
  37.  939.   95. 3929.
   0. 1060.   11. 3929.
 195.  367.  377. 4061.
   0.  441. 1146. 3413.
 823.  437. 1291. 2449.

layer3_filter 82
  5.  64.   9. 133.
 24.  61. 114.  12.
 26.  18. 120.  47.
144.  10.   6.  51.
 26.  14.  27. 144.
 22.   3. 144.  42.
 76. 113.   0.  22.
 32.   0.  77. 102.
 38.  36. 109.  28.

layer3_filter 83
1934.  274. 1749.  733.
1572.  744.  830. 1544.
 370. 1168. 1360. 1792.
 495.   34.  824. 3337.
 551.  736. 1858. 1545.
   6.    0.  841. 3843.
2695.  193. 1592.  210.
2948.  412. 1305.   25.
1715.  860.  690. 1425.

layer3_filter 84
 448.  332. 1215. 1883.
   5.  577. 1249. 2047.
  34.  100. 1129. 2615.
   0.  529. 3191.  158.
   3.  425.  828. 2622.
 495. 1588. 1018.  777.
1044.   66. 1987.  781.
 971.  467.  583. 1857.
 726. 1208.  324. 1620.

layer3_filter 85
1047. 1307.  788. 1248.
1257. 1207. 1130.  796.
 661.  549.  575. 2605.
1644.  821. 1015.  910.
2078.  779. 1091.  442.
  23.  152.  209. 4006.
2735.   33. 1504.  118.
3103.   67. 1165.   55.
1683.  653.  866. 1188.

layer3_filter 86
 766. 1400.   93. 1883.
 668. 2133.  675.  666.
 446. 1424.  103. 2169.
 399.   65. 3109.  569.
 393. 2574.  372.  803.
1235. 1462.   35. 1410.
 343.  179. 1315. 2305.
 550. 2361. 1080.  151.
 979.  707. 1279. 1177.

layer3_filter 87
 962. 1469.  114. 1200.
 811.  208. 1192. 1534.
1400.  281.  634. 1430.
  27. 3383.    0.  335.
 106.  145. 2376. 1118.
2038.  291.  666.  750.
 727. 1013.  469. 1536.
1505.   51.  710. 1479.
1022.  976.  440. 1307.

layer3_filter 88
1424. 1222. 1458.  582.
3925.  413.  198.  150.
2864.  503.  431.  888.
1722.  905. 1041. 1018.
1199.  698.  952. 1837.
 749. 1185. 1693. 1059.
 466.  474. 3163.  583.
 301.  763. 1612. 2010.
 642.  743. 1149. 2152.

layer3_filter 89
2187.  459. 1465.  306.
 711.  543. 1636. 1527.
 144. 1193. 2323.  757.
 963.  291. 2627.  536.
 387. 1669. 1112. 1249.
  53. 2922. 1259.  183.
 256. 2333.  592. 1236.
 342. 3322.  308.  445.
 842. 2252.  478.  845.

layer3_filter 90
 951. 2057. 1388.  505.
 691. 2280. 1570.  360.
 509.  423. 3468.  501.
 108.  962. 2411. 1420.
 107.  681. 3265.  848.
1527. 1017. 1695.  662.
 775.  252. 1747. 2127.
 686. 1128. 3025.   62.
 713.  787. 2346. 1055.

layer3_filter 91
 617.  255.  556. 2112.
 972.  122.  482. 1964.
1299.  522.  150. 1569.
2146.   23.  181. 1190.
1809.  343.   31. 1357.
2651.   62.   37.  790.
1501.   46.   45. 1948.
 241.  152.  238. 2909.
 131.  258. 1320. 1831.

layer3_filter 92
 155.   57.   51. 1202.
 298.   38.   48. 1081.
 307.  102.   39. 1017.
   0.   61.   27. 1377.
   0.   12.  151. 1302.
   0.    0.  165. 1300.
 38.   0. 630. 797.
437.   5. 225. 798.
909.  80. 436.  40.

layer3_filter 93
 44.  84. 205.  52.
174. 192.   2.  17.
218.   0. 167.   0.
105. 105.   0. 175.
 64.  94. 107. 120.
292.   0.  93.   0.
  0.  93.   6. 286.
  0.   0. 302.  83.
 40.  43. 217.  85.

layer3_filter 94
2101. 1193.  781.  671.
3936.   82.  378.  350.
1209.  744.  367. 2426.
 804.  916. 1857. 1169.
1997.  401.  974. 1374.
 324.  502.  538. 3382.
 176.  148. 3790.  632.
1024. 1018. 1741.  963.
1493. 1134. 1231.  888.

layer3_filter 95
 996.  395.  301. 2788.
 605.  417. 1572. 1886.
 394.  256.   29. 3801.
 336.  577. 1794. 1773.
 175. 1204.  164. 2937.
 320. 2993.  661.  506.
1742.  346.  283. 2109.
3036.   39.  987.  418.
 498.  138.  827. 3017.

layer3_filter 96
2166.  933.  353.  861.
2318. 1052.  156.  787.
1362.  818.  833. 1300.
2172.  764.  989.  388.
2324.  211.  360. 1418.
2462.  436.  978.  437.
3721.   74.  473.   45.
2384.  147.   87. 1695.
2264.  633.   46. 1370.

layer3_filter 97
1133. 1130. 1362.  820.
2633.  231. 1071.  510.
 585.  543.  765. 2552.
 634.  787. 2896.  128.
2866.  319.  494.  766.
 197.  360.  590. 3298.
 591.  649. 2827.  378.
1023.  619. 1702. 1101.
1198. 1515.  796.  936.

layer3_filter 98
2050.   50.  505.   72.
865. 432. 625. 755.
559. 793. 703. 622.
2123.   75.   44.  435.
   4.    3.  402. 2268.
   0.  280. 1942.  455.
 436.  146.  672. 1423.
629. 622. 645. 781.
663. 391. 977. 646.

layer3_filter 99
1355. 1211.  252.  676.
2049.  497.  674.  274.
2946.  239.   63.  246.
1149.   92.  325. 1928.
1269.   15. 1022. 1188.
 479.    0.  918. 2097.
 287.  604. 1239. 1364.
 351.  216. 1273. 1654.
 402.  674.  589. 1829.

layer3_filter 100
 991. 1062. 1387.  701.
   0. 2022. 1031. 1088.
  12.   77.  701. 3351.
 172.  248. 3242.  479.
 157.  154. 3373.  457.
1464. 1873.  344.  460.
1297.  612.  982. 1250.
 769.  665. 1453. 1254.
 776. 1135. 1173. 1057.

layer3_filter 101
 237. 1316. 2430.  628.
2391. 1146.  894.  180.
 634. 2488. 1021.  468.
   7. 2146. 1996.  462.
 861. 2766.  377.  607.
 269. 2007.  588. 1747.
 121. 3214. 1132.  144.
1001. 1848.  747. 1015.
 919. 2093. 1304.  295.

layer3_filter 102
 200.  336.  405. 4023.
   0.  754.  108. 4102.
1353.  121. 1601. 1889.
  16.  177.  928. 3843.
1901.  618.  236. 2209.
2.000e+00 1.400e+01 8.000e+02 4.148e+03
  13.  490.  361. 4100.
 588.  509.  423. 3444.
 431.  623.  170. 3740.

layer3_filter 103
795.   0. 463.   0.
409. 404. 190. 255.
381. 429. 375.  73.
1091.  119.   44.    4.
   0.    4.    0. 1254.
   0.    5. 1253.    0.
249.  60. 666. 283.
459. 504. 196.  99.
244. 185. 597. 232.

layer3_filter 104
 451. 1744. 2151.  579.
 415. 2742.  914.  854.
 251.  182. 4416.   76.
1923. 2423.  399.  180.
 440. 2904. 1108.  473.
 131. 2598. 1806.  390.
 942. 1072. 2682.  229.
 392.  777. 3630.  126.
 293.  966. 3399.  267.

layer3_filter 105
 788. 2177. 1078.  740.
1453. 2779.  232.  319.
1922. 1482. 1358.   21.
1250. 2243.  396.  894.
 949. 1518. 1263. 1053.
2641.  990. 1069.   83.
   0. 1280.  403. 3100.
 122. 1523. 3123.   15.
 968. 1029. 1710. 1076.

layer3_filter 106
1421.  345. 1087. 2136.
 302. 2869.   92. 1726.
   0.  628.   54. 4307.
 174.   37. 4701.   77.
  50.  714. 1076. 3149.
  51.   52. 1313. 3573.
 711.  703.  373. 3202.
1048.  403.  384. 3154.
 670. 1243.  429. 2647.

layer3_filter 107
 666.  404.  644. 1205.
7.500e+01 1.000e+00 9.900e+01 2.744e+03
1662.    0. 1034.  223.
2013.    0.  860.   46.
 280.   38.   19. 2582.
1346.   31.  657.  885.
1594.   85.  673.  567.
 677.  232.  366. 1644.
 626.  350.  686. 1257.

layer3_filter 108
 481.  985. 2434. 1008.
1569. 1781.  815.  743.
1457. 2868.  350.  233.
4613.    0.  295.    0.
2334.  847.  586. 1141.
1599.  383.  414. 2512.
2459.  175. 1461.  813.
1123.  380.  427. 2978.
 668.  104. 3199.  937.

layer3_filter 109
 936.  697. 1098. 1549.
  24.   12. 3049. 1195.
 918.  292.   12. 3058.
  62.  134. 1374. 2710.
 838.  161.   55. 3226.
1626. 1529.  259.  866.
1137.  512.  104. 2527.
1156.  370. 2063.  691.
2151.  397.  506. 1226.

layer3_filter 110
 30.   0.  46. 113.
 10.  15.  32. 132.
145.   2.  42.   0.
147.   2.  40.   0.
 0. 98.  0. 91.
  0. 107.   0.  82.
  0.  14. 101.  74.
97. 10. 74.  8.
18.  1. 89. 81.

layer3_filter 111
 935. 3156.  614.  194.
1463. 2039. 1244.  153.
 835. 1746. 1981.  337.
 323. 2196. 2117.  263.
1188. 2943.  620.  148.
   0. 3387.  170. 1342.
  54. 3385. 1365.   95.
 337. 2177. 1973.  412.
 577. 2758.  965.  599.

layer3_filter 112
2575. 1204.  412.  274.
3507.  550.  360.   48.
3174.  430.  427.  434.
1242.  399.  659. 2165.
 831.  195. 1161. 2278.
 421.  311. 2146. 1587.
 477.  926. 1741. 1321.
 828.  578. 2035. 1024.
 770. 1209. 1327. 1159.

layer3_filter 113
1009. 1515. 1293.  577.
 643.  709. 1851. 1191.
 620.  585. 1609. 1580.
 741. 1075. 1400. 1178.
1246.  594. 1345. 1209.
 324. 1672. 2285.  113.
1335. 2270.  775.   14.
1594. 1234. 1305.  261.
1156.  589. 2550.   99.

layer3_filter 114
1427.  413. 1111. 1577.
 626.  903.  806. 2193.
 682. 1104.  625. 2117.
 504.  354. 1359. 2311.
 687.  883. 1515. 1443.
1794. 1793.  245.  696.
 323. 1189.   36. 2980.
1908.  356.  161. 2103.
3284.  330.  524.  390.

layer3_filter 115
 560.  388.  153. 3891.
 748.   80. 1376. 2788.
 124.  143.  340. 4385.
 205.   20.  460. 4307.
 874.  280.  518. 3320.
 346.   85.  271. 4290.
 972.  267.    0. 3753.
 324.  152.  435. 4081.
 762.  110. 1117. 3003.

layer3_filter 116
216. 536. 667. 940.
 360.  251. 1107.  641.
 570.    3.  751. 1035.
 69. 830. 566. 894.
   0.    0.    0. 2359.
1608.    0.  751.    0.
1585.    0.  774.    0.
839. 160. 969. 391.
504. 590. 621. 644.

layer3_filter 117
 439.   73.   49. 4135.
 272.    0.   17. 4407.
  76.    0.    0. 4620.
   0.    0.    0. 4696.
   0.    0.    0. 4696.
   0.  263.   20. 4413.
   0.    0.   62. 4634.
 163.  177. 2258. 2098.
1031.  233.  828. 2604.

layer3_filter 118
 401. 2396. 1180.  296.
 390. 1516. 1973.  394.
   0. 1594. 2675.    4.
   0. 1947. 2326.    0.
   0. 4264.    9.    0.
  17. 4091.    0.  165.
1048. 2442.  532.  251.
 430. 1129. 2058.  656.
 396. 1520. 1886.  471.

layer3_filter 119
 825.  950.  580. 2452.
2178.  478.  945. 1206.
1173.  767. 2106.  761.
  22.   83.    0. 4702.
2959.   71. 1755.   22.
3490.   42. 1267.    8.
2033.  566. 1099. 1109.
1440. 1272.  763. 1332.
 812. 1039.  949. 2007.

layer3_filter 120
 592. 2015. 2015.  275.
 438. 2360. 1725.  374.
 587. 3526.  510.  274.
 153. 2340. 1996.  408.
   0. 3567.  985.  345.
   0. 4491.  360.   46.
  55. 3755.  929.  158.
 488. 3344.  558.  507.
 413. 2154. 2020.  310.

layer3_filter 121
 680. 1096.  291.  864.
2509.   18.  404.    0.
1036.  591.  232. 1072.
 886.  648.  388. 1009.
1735.  230.  232.  734.
  51.    3.  200. 2677.
   0.  168. 1990.  773.
 211.  257. 1169. 1294.
 481.  609.  655. 1186.

layer3_filter 122
 550. 1023.  770. 2270.
 430.  791.  132. 3260.
 271. 1394.  774. 2174.
   0.    0.    0. 4613.
2287.    0. 2326.    0.
3946.    0.  667.    0.
2093.  369.  577. 1574.
1858.  451.  780. 1524.
1066.  543.  887. 2117.

layer3_filter 123
 559.  130.  197. 1983.
1462.   38.  601.  768.
 985.   72. 1103.  709.
  18.    0.    0. 2851.
1469.    0. 1382.   18.
2182.    0.  669.   18.
1391.  258.  433.  787.
1008.  300.  424. 1137.
939. 446. 651. 833.

layer3_filter 124
 484. 1478. 1159. 1369.
 249. 2185. 1775.  281.
 558.  779. 3007.  146.
 387. 2040. 1796.  267.
 409. 1121. 2839.  121.
 519. 1289. 2372.  310.
  27. 3563.  333.  567.
  41. 2864. 1362.  223.
  66. 1146. 2645.  633.

layer3_filter 125
1791.  255.  636. 1199.
 822.  516. 1073. 1470.
2128.  127. 1463.  163.
   0.   10. 1779. 2092.
  98.  522.    0. 3261.
 418.  222. 2422.  819.
 862.  810.    0. 2209.
1819.  564.  251. 1247.
 935.  372.  162. 2412.

layer3_filter 126
1412.  952.  575. 1704.
 244. 1419. 1423. 1557.
 578.  534.   59. 3472.
   8. 1231.    7. 3397.
 801.  727.  123. 2992.
1598.  712.   72. 2261.
4205.  366.   72.    0.
 791. 1156.  491. 2205.
2248. 1167.  166. 1062.

layer3_filter 127
 596. 1387. 2042.  592.
 527.  768. 2715.  607.
  78. 2911. 1111.  517.
  20. 3128.  382. 1087.
  40. 3486.  753.  338.
 175. 4038.  404.    0.
1037. 2552.  896.  132.
 329. 3332.  363.  593.
 531. 3166.  655.  265.

layer3_filter 128
1965.  512. 1471.  279.
1544. 1201.  791.  691.
1037. 1281.  966.  943.
1247. 1976.  181.  823.
2081.  624.  154. 1368.
1532. 1404. 1222.   69.
1818.  300. 1848.  261.
 971. 1391. 1216.  649.
 794. 1400. 1266.  767.

layer3_filter 129
320. 691. 241. 282.
1245.   86.   12.  191.
415. 463. 264. 392.
237. 464.   0. 833.
1364.   12.   33.  125.
  3. 101. 635. 795.
 311.   15.   84. 1124.
  14.  125. 1202.  193.
593.  78. 231. 632.

layer3_filter 130
1419. 1009. 1011. 1475.
1235. 1256.  355. 2068.
1.477e+03 2.700e+02 1.000e+00 3.166e+03
2328.    0. 1329. 1257.
1664.  127.   75. 3048.
 855.  246.   31. 3782.
 590.  819. 1469. 2036.
2015. 2103.  134.  662.
1558.  706.  419. 2231.

layer3_filter 131
36.  5. 88. 42.
  0. 169.   0.   2.
  0.  20. 126.  25.
 15.   5.   4. 147.
152.  19.   0.   0.
157.   0.   2.  12.
  8.  18. 121.  24.
48. 51. 52. 20.
54. 29. 73. 15.

layer3_filter 132
 10. 202.  35.  53.
  0. 300.   0.   0.
 84.   1. 215.   0.
 56. 215.  29.   0.
 49. 251.   0.   0.
 69. 117.  39.  75.
 24. 212.  49.  15.
  0. 202.  88.  10.
 33. 244.  23.   0.

layer3_filter 133
1455.  851.  440. 2119.
1623.  776.  899. 1567.
 600. 1873.  728. 1664.
2142.  553. 1357.  813.
2311.  555. 1151.  848.
2388.  272.   59. 2146.
 506.  162. 1314. 2883.
1447.  606. 2056.  756.
 347.  896.  367. 3255.

layer3_filter 134
1545. 1357.  870. 1068.
1260.  781. 1412. 1387.
 692.  575.  778. 2795.
2866.  437.  561.  976.
2091.  176. 1554. 1019.
 318.   23.  413. 4086.
3429.  171.  985.  255.
1949.  186. 2597.  108.
1593.  968. 1161. 1118.

layer3_filter 135
1021. 1102.  739. 1181.
 584.  837. 1368. 1254.
2443.  283. 1049.  268.
 127.  772.  316. 2828.
 222.  683. 2936.  202.
 955. 1382. 1632.   74.
 609. 1635.  474. 1325.
 601.  726. 2238.  478.
 765.  488. 1573. 1217.

layer3_filter 136
100. 464. 252. 268.
244. 306. 420. 114.
136. 277. 482. 189.
807.  77. 200.   0.
  0.  48. 209. 827.
 33. 191. 860.   0.
 79. 107. 866.  32.
244. 121. 538. 181.
202. 229. 585.  68.

layer3_filter 137
 719. 1939.  523. 1344.
 560. 1323.  368. 2274.
1334. 1147. 1312.  732.
   0.  481.  259. 3785.
 215.  235.  841. 3234.
1577.  247. 2155.  546.
 755.  162. 1868. 1740.
1778. 1806.  239.  702.
 326.  610. 1949. 1640.

layer3_filter 138
 587.  986. 3286.   60.
 168.    0. 4751.    0.
  33. 1569. 3137.  180.
  94. 4029.  580.  216.
 813. 1919. 1277.  910.
 170. 2326. 1812.  611.
 759. 1419. 2609.  132.
 530. 2393. 1635.  361.
 412. 1172. 2047. 1288.

layer3_filter 139
3384.  554.  240.  285.
2180.   73.  988. 1222.
 429.  567.  109. 3358.
 185.  129.  144. 4005.
 121.   64. 2001. 2277.
1413.  577. 2331.  142.
1794. 1351.  559.  759.
 737.  693. 1299. 1734.
 666. 1211. 1192. 1394.

layer3_filter 140
3060.  118. 1440.   94.
1539.  783. 1156. 1234.
1192.  771. 1300. 1449.
2915.    3. 1110.  684.
 176.  692.  821. 3023.
 284.   91. 4163.  174.
1222.  689. 1435. 1366.
 423.  547. 1744. 1998.
 820. 1240. 1438. 1214.

layer3_filter 141
1008. 1276. 1675.  445.
4022.   61.  255.   66.
 467. 1719. 1251.  967.
 497. 1492. 1927.  488.
2287.  546.  742.  829.
 971.  467. 1780. 1186.
 450.  330. 2823.  801.
 651.  779. 1418. 1556.
 923.  863. 1575. 1043.

layer3_filter 142
1132.  268.  784. 2447.
 203.  313.  789. 3326.
 793.  138.  297. 3403.
  24.  662. 2184. 1761.
 644.   85. 1115. 2787.
   0.   26.   23. 4582.
  36.   29.   86. 4480.
3.600e+01 6.000e+01 4.000e+00 4.531e+03
 121.   50.  189. 4271.

layer3_filter 143
 925.  477.  774. 1043.
 225.  946.  685. 1363.
   4.  149.    0. 3066.
 879.  259. 1369.  712.
   6. 2737.  303.  173.
   0.   97.   25. 3097.
 122. 1810. 1160.  127.
 802.  799.  370. 1248.
1296.  808.  690.  425.

layer3_filter 144
1414.  794.  743.  462.
1697.  852.  642.  222.
1279. 1499.  265.  370.
 919. 1282. 1205.    7.
 829. 1467.   55. 1062.
1280. 1921.  140.   72.
1768.  306.  551.  788.
1044. 1541.  415.  413.
2194.  710.  280.  229.

layer3_filter 145
1292. 1101.  853. 1566.
 692.  851. 2210. 1059.
1764.  883.  555. 1610.
4207.  181.  379.   45.
1496.  439.  104. 2773.
1128.  185. 2791.  708.
2824.  745.  645.  598.
 489.  573.  650. 3100.
 986.  571. 2708.  547.

layer3_filter 146
2995.  711. 1047.  195.
3358.  335.  663.  592.
1145.  973.  812. 2018.
2219.  330. 1384. 1015.
1871.   91.  686. 2300.
 228.  432. 1840. 2448.
 493.  198. 3421.  836.
 813. 1726.  931. 1478.
 896. 1051. 1968. 1033.

layer3_filter 147
 833. 1814.  495. 1401.
 800. 1141. 1939.  663.
1035. 1144. 1766.  598.
 460. 2207. 1456.  420.
  31. 1948. 1953.  611.
  21. 4005.   64.  453.
  69. 3419.  275.  780.
 465. 1972.   82. 2024.
 976. 1635.  716. 1216.

layer3_filter 148
 212. 1390. 1026. 1987.
 680. 3040.  300.  595.
1458. 1820.  925.  412.
2790.   50. 1644.  131.
1354. 2308.  340.  613.
1114. 2507.  499.  495.
2332.  835.  647.  801.
  26.  280. 2118. 2191.
  83.  798. 3160.  574.

layer3_filter 149
 552. 1402. 1468.  568.
 525. 1742. 1205.  518.
 803. 1538.  902.  747.
 273. 2013. 1448.  256.
 141. 3606.   72.  171.
 132. 2021. 1689.  148.
 195. 2698.  713.  384.
 225. 3137.  481.  147.
 389. 2568.  461.  572.

layer3_filter 150
 643.  177.  897. 3271.
 356.  376.  464. 3792.
   0.    0.   15. 4973.
1.073e+03 2.000e+00 9.780e+02 2.935e+03
1223.    7.  553. 3205.
 565.  207.  293. 3923.
 178. 1276. 1648. 1886.
  19.  122.  751. 4096.
1016.  685.  601. 2686.

layer3_filter 151
2491.  300.  210.   21.
1910.  151.  160.  801.
 741.  448.  295. 1538.
 650.  276.  309. 1787.
 628.    0.  260. 2134.
 246.  114.  697. 1965.
 575.  136.  855. 1456.
 175.  104.  622. 2121.
 897.  426.  472. 1227.

layer3_filter 152
1354.  478. 2083.  892.
3731.  179.   92.  805.
 178.  221.  463. 3945.
  48.  528. 3995.  236.
1019.  907.  852. 2029.
 688. 1076.  960. 2083.
 550. 1170. 1564. 1523.
1078. 1695.  786. 1248.
 776. 1068. 1177. 1786.

layer3_filter 153
1012.  583.  801. 1898.
 494.  414.  750. 2636.
 718.  856.  140. 2580.
  42.  109. 1248. 2895.
   0.   36. 3901.  357.
1264.    0. 2958.   72.
3190.  479.  599.   26.
1763.  551. 1387.  593.
1733.  689.  854. 1018.

layer3_filter 154
207. 233. 119. 350.
342. 125. 226. 216.
805.  71.  27.   6.
502. 107. 200. 100.
384. 110.  68. 347.
599.  65.   0. 245.
  0.   0. 249. 660.
  0.   0. 793. 116.
208.  87. 346. 268.

layer3_filter 155
 594.  316.  143. 3834.
1064.   12.    0. 3811.
 865.    0.   65. 3957.
 280.  666.   16. 3925.
 717.  241. 1266. 2663.
 526. 1035.  875. 2451.
2093.   75.  279. 2440.
1721.   16.  972. 2178.
 995.   70.  261. 3561.

layer3_filter 156
 346.  392.  313. 2573.
 209.  392. 1629. 1394.
 630.  657.  439. 1898.
 748.  150.  431. 2295.
 503.  339.  860. 1922.
2136.    0.  233. 1255.
 105.   53.  279. 3187.
  15.   64. 2197. 1348.
 448.  314.  983. 1879.

layer3_filter 157
 331. 1552.  628.  399.
 242. 1306.  719.  643.
  89. 1751.  395.  675.
  72. 1972.  706.  160.
  41.  581. 1959.  329.
   0. 1731. 1042.  137.
   0. 2015.  721.  174.
  60. 2270.  336.  244.
 183. 2375.  290.   62.

layer3_filter 158
 533.    0.   23. 4444.
   0.    0.   72. 4928.
 732.    0.   27. 4241.
  27.    0.    0. 4973.
   0.    0.    0. 5000.
 428.    8.  309. 4255.
   0.    0.    0. 5000.
 946.  325.  363. 3366.
1072.  429.  817. 2682.

layer3_filter 159
 674. 1450. 2096.  634.
 158. 1294. 3294.  108.
   5. 3450. 1276.  123.
 167. 2748. 1677.  262.
 260. 2805. 1035.  754.
 469.  740. 1873. 1772.
  71. 1759. 2607.  417.
 716. 1789. 1485.  864.
 497.  462. 1944. 1951.

layer3_filter 160
1033.  562.  955. 1797.
 789.  717.  876. 1965.
 595.   55.  333. 3364.
1663.   21. 1367. 1296.
2199.  197.  932. 1019.
   7.   50.   74. 4216.
3102.   55.  938.  252.
2279.   10. 1737.  321.
1704.  422.  724. 1497.

layer3_filter 161
 608. 1241. 1544. 1234.
 356. 2288. 1084.  899.
 705. 1755. 1408.  759.
  42.   52. 3498. 1035.
1504.  372.  812. 1939.
 670.   44. 1560. 2353.
1776.   35.  550. 2266.
1049.  456.  814. 2308.
2183.  137.  475. 1832.

layer3_filter 162
1494.  845. 2097.  472.
 477. 1702. 1820.  909.
 402. 1729. 2609.  168.
2059.  682. 2167.    0.
 897.  656. 1984. 1371.
  15. 1219. 3576.   98.
 920. 1186. 2706.   96.
 265. 1691. 1970.  982.
 116.  980. 3354.  458.

layer3_filter 163
 842.  905. 1016. 1797.
 604. 2073. 1024.  859.
   0.    9.   12. 4539.
2615.    0. 1945.    0.
2625.   47. 1888.    0.
 815.  548. 1651. 1546.
 900. 2336.  413.  911.
 601. 1003.  566. 2390.
1010. 1314. 1584.  652.

layer3_filter 164
2566.  293. 1730.  286.
 891.  573. 1016. 2395.
1102. 1468. 1033. 1272.
2933.   21. 1880.   41.
 973. 1709.  215. 1978.
 822.  441. 2351. 1261.
2701.  984.  393.  797.
 150. 1118.  185. 3422.
 327.  597. 3099.  852.

layer3_filter 165
 805.  613. 1403. 1132.
 141. 1787.   48. 1977.
 807. 2224.  289.  633.
2462. 1085.  244.  162.
2495.  525.  647.  286.
1272. 1513.  760.  408.
 479.  317. 1688. 1469.
1359.  198. 1590.  806.
 127.  408. 1567. 1851.

layer3_filter 166
1235. 1399. 1988.  350.
1894. 1355.  482. 1241.
  90. 3059.  282. 1541.
1076.  319. 3577.    0.
1633.  989. 1558.  792.
  18. 4382.  454.  118.
1398. 1323. 1364.  887.
 295.  633. 1916. 2128.
 398. 1891. 2248.  435.

layer3_filter 167
1037.  452.  587. 2818.
1861.  299.  380. 2354.
 797.   46.  377. 3674.
  88.   61. 1727. 3018.
1100.  394. 1177. 2223.
 493.  731.  127. 3543.
 634.  412.  738. 3110.
1183.  713.  467. 2531.
1102.  515.  931. 2346.

layer3_filter 168
 411.  493.  615. 2361.
  16.   47. 2021. 1796.
   9.   23.   17. 3831.
1600.   30.  862. 1388.
1398.  155. 1067. 1260.
 598. 1235. 1631.  416.
1205.  409.  702. 1564.
1222.  740. 1642.  276.
1533.  501.  741. 1105.

layer3_filter 169
 615.  814. 1613. 1545.
1297.  669.  805. 1816.
1635.  703. 1439.  810.
1242.  839. 1027. 1479.
2713.  455.  868.  551.
2352.   12.   61. 2162.
  38.   20. 2203. 2326.
 507.  542. 2518. 1020.
1358.  686.  837. 1706.

layer3_filter 170
  0.   8.  62. 253.
  0.   0.  13. 310.
171.   6.  88.  58.
 24.  84.   1. 214.
125.  29.   4. 165.
 62.   7.  22. 232.
  1.  51.  69. 202.
100.  91.  44.  88.
  9.  90. 135.  89.

layer3_filter 171
2385.  645.  784.  871.
 644.  374. 1090. 2577.
 957.  525. 2048. 1155.
3339.  161.  630.  555.
 298.  537.  106. 3744.
 553.  339. 3236.  557.
1702. 1221.  567. 1195.
 595. 1038.  972. 2080.
1049. 1230.  994. 1412.

layer3_filter 172
1385.  763. 1606.  231.
 933.  215.  909. 1928.
 878.  148. 1625. 1334.
0.000e+00 0.000e+00 1.000e+00 3.984e+03
1489. 1637.   60.  799.
1370.  322.  377. 1916.
 386. 1458.  465. 1676.
 605. 1172. 1146. 1062.
2117.  186. 1360.  322.

layer3_filter 173
 678. 1295. 2341.  622.
1049. 1625. 1031. 1231.
 310. 1627. 1989. 1010.
  56. 1279. 3256.  345.
 116. 1780. 2619.  421.
 197. 2374. 2362.    3.
   8. 1903. 2441.  584.
 156. 2795. 1175.  810.
 264. 3607.  726.  339.

layer3_filter 174
 340. 1681. 1117. 1795.
 349. 1276.  533. 2775.
 382.  306. 3543.  702.
 107. 1874. 1851. 1101.
 999. 2621. 1005.  308.
 458. 1843.  920. 1712.
 596. 2310.  618. 1409.
 507. 2361.  789. 1276.
 449. 2432.  854. 1198.

layer3_filter 175
1366.  352.  766.  830.
 371.  189.  392. 2362.
1395.  152.  688. 1079.
1627.   13. 1632.   42.
  12.    0.  106. 3196.
1970.   56. 1264.   24.
2460.   13.  834.    7.
 867.  408.  633. 1406.
 952.  643.  531. 1188.

layer3_filter 176
1286. 1356.  628. 1514.
1788. 1213. 1437.  346.
2758.  909.  552.  565.
1676.  666. 1260. 1182.
3226.  253.  787.  518.
1.762e+03 1.000e+00 1.300e+02 2.891e+03
  85.   78. 2880. 1741.
 548.   18. 3103. 1115.
 847. 1135. 1426. 1376.

layer3_filter 177
1027.  932. 2371.  640.
 777.   17. 4084.   92.
 578. 2343. 1659.  390.
 350. 2872.  511. 1237.
1095. 1348.  278. 2249.
 427. 2546.  267. 1730.
 720. 2053. 2135.   62.
2022.  427. 2289.  232.
 778. 1186. 1279. 1727.

layer3_filter 178
 856. 1144. 1330. 1419.
 408. 1796.  948. 1597.
 541. 2287.  682. 1239.
2848. 1491.  277.  133.
 594. 1333.    0. 2822.
   7. 1221. 2982.  539.
 889.  795. 1652. 1413.
 818. 1137. 1269. 1525.
1105. 1437.  965. 1242.

layer3_filter 179
1396.  715. 1379. 1220.
 113.  604.  634. 3359.
 964.  193. 1108. 2445.
 223.  122. 1963. 2402.
 851.  507. 1293. 2059.
1019.  607.  594. 2490.
 861.  281.  849. 2719.
 490. 1989.  699. 1532.
 332.  772. 1312. 2294.

layer3_filter 180
1741. 1720.  976.  490.
3765.  204.  958.    0.
1331.  621. 1314. 1661.
 624.  530. 2849.  924.
2419.  937. 1384.  187.
 803. 1413.   52. 2659.
 490.  122. 3643.  672.
 421. 1325. 1758. 1423.
1748. 1625.  762.  792.

layer3_filter 181
 226. 1796.  385. 2173.
2035.    0. 2508.   37.
2448.  209. 1043.  880.
2676. 1150.  310.  444.
1609. 1774. 1091.  106.
 427.  443. 1212. 2498.
 692.  224. 2534. 1130.
1397. 1045. 1371.  767.
1612.  648.  419. 1901.

layer3_filter 182
 864.  276.  862. 2998.
 188.   32.  440. 4340.
 464.  588. 1460. 2488.
  78.  749.  978. 3195.
  52.  425.  345. 4178.
   0.   20.  771. 4209.
 236.  446. 3745.  573.
1378.  504.  102. 3016.
  62.  792.  271. 3875.

layer3_filter 183
2923.  175.  748.  177.
 829.  965.  475. 1754.
 597.  404. 1066. 1956.
1999.  192. 1308.  524.
 295.  258. 1471. 1999.
 362.  265. 2734.  662.
 554. 1836.  211. 1422.
 615. 1090. 1032. 1286.
 494. 1591.  544. 1394.

layer3_filter 184
 243.  701. 1034. 2141.
  53. 1066. 1487. 1513.
 220. 2021.  179. 1699.
 462.  121. 2518. 1018.
 228. 2320.  103. 1468.
1507. 1965.  359.  288.
 749. 1219.  329. 1822.
 771. 1557.  795.  996.
1020.  750.  952. 1397.

layer3_filter 185
1130. 1527. 1647.  356.
 823. 1874. 1250.  713.
2050.  336. 2271.    3.
1990.  755. 1701.  214.
 104.  473. 2376. 1707.
1005.   22. 3627.    6.
  93.  877. 2009. 1681.
 398. 2116. 1812.  334.
 764. 1399. 1333. 1164.

layer3_filter 186
 943.  624. 2533.  875.
 830.  591. 1908. 1646.
1001. 1251.  335. 2388.
1257. 1189. 1306. 1223.
1212. 1336.  765. 1662.
 584. 2566. 1241.  584.
1986.  988. 1801.  200.
3103.  317.  728.  827.
 701.  871.  400. 3003.

layer3_filter 187
 455.  162.   23. 4360.
2263.  272. 1070. 1395.
1122.   52. 1770. 2056.
 944.  657. 1438. 1961.
1979.  887. 1103. 1031.
2113.  487.  229. 2171.
 605.  411. 1586. 2398.
1176.  410.  560. 2854.
1781.  205.  691. 2323.

layer3_filter 188
905.  10. 272.  33.
408. 270.  91. 451.
339. 155. 580. 146.
1053.    2.   83.   82.
 142.    3.    7. 1068.
  27.    0. 1083.  110.
195. 151. 651. 223.
331. 424. 355. 110.
210. 303. 446. 261.

layer3_filter 189
 465. 1376.  539. 1026.
 319.  335. 2039.  713.
 456. 1153. 1586.  211.
2207.  185.  596.  418.
1792.  329.  844.  441.
 714.  375.  200. 2117.
1423.  354.  145. 1484.
 743.  531.  101. 2031.
1806.  771.  234.  595.

layer3_filter 190
 214.  244.  263. 1351.
  20.  384.  129. 1539.
611. 428. 243. 790.
 140.  172. 1102.  658.
657.  22. 821. 572.
  22.  894.   66. 1090.
  31.  170. 1175.  696.
 455.  428.   73. 1116.
718. 211. 449. 694.

layer3_filter 191
 555.  608.  113. 1558.
  23.   70. 1898.  843.
 160.  429.  120. 2125.
 183.  358. 1718.  575.
 328.   76.  499. 1931.
 457.   22. 2234.  121.
 113.  115.  471. 2135.
1129.  159.  360. 1186.
 148.   63.  412. 2211.

layer3_filter 192
1906.  794.  365. 1903.
1132.  542. 1073. 2221.
 509. 1890.   83. 2486.
  27. 2162.  182. 2597.
 957.  828. 2224.  959.
 859.  636. 1698. 1775.
1459.  213.  157. 3139.
 207.  165. 1456. 3140.
 783.  526. 1665. 1994.

layer3_filter 193
 797. 1118. 1471. 1483.
1226. 1667. 1080.  896.
2878. 1056.  573.  362.
4003.  141.  616.  109.
1816.  731.  363. 1959.
1813.  526. 2001.  529.
3324.   91.  515.  939.
 228.  274.  990. 3377.
 266.  247. 3805.  551.

layer3_filter 194
2669.  855.  362. 1021.
 591.  311. 2897. 1108.
 378.  564.  562. 3403.
  25.  676. 1660. 2546.
1120.  101. 1803. 1883.
1220.  492.  688. 2507.
1284.  497.  349. 2777.
 558.  188. 1207. 2954.
 892.  579. 1518. 1918.

layer3_filter 195
 988.  483. 1355. 1788.
 143.   49. 2715. 1707.
1214.   90.  639. 2671.
 101.  179. 2347. 1987.
  86.  903.  114. 3511.
   9. 1523.   42. 3040.
1418. 1268. 1402.  526.
 477.  993.  348. 2796.
 301.  979. 1268. 2066.

layer3_filter 196
1630.  861.  648.  787.
1278.  839.  961.  848.
3681.    0.   71.  174.
1.000e+00 6.000e+00 8.600e+01 3.833e+03
   7.   93. 3681.  145.
1442.  277. 1349.  858.
1286.  901.  962.  777.
1202. 1064. 1068.  592.
1157. 1015. 1016.  738.

layer3_filter 197
2332.  571.  728.  699.
 616.  796.  382. 2536.
 773.  587. 2562.  408.
2460.  443.  389. 1038.
 652.  737.  467. 2474.
 117.  610. 2516. 1087.
1173.  715. 1507.  935.
 723.  879.  797. 1931.
 992. 1268. 1044. 1026.

layer3_filter 198
1993. 1269.  565.  690.
1017. 1143.  584. 1773.
2830.  120. 1558.    9.
1215.  383. 1040. 1879.
1297.  926. 2114.  180.
3371.  629.  178.  339.
 267.  600.  641. 3009.
 468.  570. 2761.  718.
 978.  938. 1521. 1080.

layer3_filter 199
125. 250. 623. 387.
 115. 1158.   15.   97.
243. 698. 444.   0.
386. 109. 813.  77.
 12. 447. 734. 192.
1.530e+02 1.191e+03 4.000e+01 1.000e+00
255. 690. 198. 242.
 26. 898. 261. 200.
193. 780. 351.  61.

layer3_filter 200
366. 437. 685. 248.
290. 664. 290. 492.
 110.   56. 1261.  309.
108. 668. 124. 836.
2.030e+02 2.790e+02 1.253e+03 1.000e+00
  56.    0. 1680.    0.
 10.  26. 794. 906.
 57. 629. 704. 346.
629. 947. 101.  59.

layer3_filter 201
1504.  891.  570.  739.
3505.    0.  199.    0.
 544. 1306.  214. 1640.
 598. 1235.  772. 1099.
3.227e+03 1.000e+00 2.240e+02 2.520e+02
 294. 1458.  282. 1670.
 439.   90. 1521. 1654.
 203.  977.  651. 1873.
 494. 1492.  903.  815.

layer3_filter 202
2246. 1447.  448.  676.
3250.  265.  801.  501.
1579.  385.  636. 2217.
 347.  471. 2048. 1951.
1878.   73. 1976.  890.
 755.  655.  626. 2781.
 436.  686. 2660. 1035.
 237. 1012. 1567. 2001.
 633. 1967. 1436.  781.

layer3_filter 203
 190. 1768.  847.  727.
 298. 1047. 1645.  542.
 213. 1547.  367. 1405.
 221. 1038. 2153.  120.
 221.  397. 2662.  252.
3.000e+00 3.266e+03 2.410e+02 2.200e+01
   0. 2608.  809.  115.
1.490e+02 3.129e+03 2.530e+02 1.000e+00
 285. 2404.  548.  295.

layer3_filter 204
 871.  744.  805. 2580.
 439.   92. 1774. 2695.
   8.  655.  826. 3511.
   0.  659.  879. 3462.
   4.  384. 1138. 3474.
  33.  557.  944. 3466.
   0.  657.  881. 3462.
  29. 1382.  170. 3419.
 773. 1689.  609. 1929.

layer3_filter 205
1087.  683.  752. 1228.
 771. 1058. 1189.  732.
   0.   28.    7. 3715.
3037.    0.  713.    0.
2464.   14. 1267.    5.
 791.  649. 1960.  350.
 946.  164. 1371. 1269.
 579.  932. 1152. 1087.
 678.  674. 1905.  493.

layer3_filter 206
3670.  663.  645.   22.
 787.  831. 1194. 2188.
 535.  385. 2605. 1475.
1161.  747.  848. 2244.
1535.  478.  624. 2363.
 497.    0. 3229. 1274.
 670.  791. 2458. 1081.
1828.  901. 1351.  920.
 673.  594. 1591. 2142.

layer3_filter 207
 234. 2732.  843. 1191.
 154. 3769.  715.  362.
 215. 3609.  104. 1072.
 354. 3351.  629.  666.
 125. 2472. 1071. 1332.
 278. 3421.  153. 1148.
 477. 2608.  516. 1399.
 726. 2407.  570. 1297.
 655. 3203.  310.  832.

layer3_filter 208
 101. 1188.  432.  237.
   0. 1489.  119.  350.
   0. 1518.  390.   50.
 271.  553. 1070.   64.
  93.  402. 1351.  112.
   0. 1131.  478.  349.
  24. 1206.  683.   45.
  48.  480. 1408.   22.
 126.  326. 1453.   53.

layer3_filter 209
1373.  445.  337. 2552.
 590. 1874.  516. 1727.
1055. 2244.  267. 1141.
 984.  832. 2783.  108.
 416.  175.  620. 3496.
 603.  162.  343. 3599.
  45.  338. 1675. 2649.
 120.  420. 2015. 2152.
1296. 1257. 1645.  509.

layer3_filter 210
2190.  331.  821.  921.
 378.  917.  209. 2759.
1363.  382.  797. 1721.
   0.    0.    0. 4263.
2974.    0.  726.  563.
2378.    0. 1322.  563.
 864.  862.  916. 1621.
1466.  557.  467. 1773.
1160.  745.  924. 1434.

layer3_filter 211
 372. 2849.  146. 1260.
1650.  803. 1155. 1019.
 295. 3426.  611.  295.
3263.    0.   44. 1320.
 177. 4366.   61.   23.
 550. 2590. 1323.  164.
 582. 2441. 1265.  339.
 687. 1782. 1354.  804.
1916. 1236. 1056.  419.

layer3_filter 212
 846.  508. 2106.  127.
 346.  487. 2229.  525.
 927. 1921.  142.  597.
 221. 1282.  237. 1847.
 345.  428. 2048.  766.
 216.    0. 2984.  387.
 570.  589. 1957.  471.
 718.  436. 1924.  509.
 412. 1080. 1435.  660.

layer3_filter 213
1162.  675. 1567. 1098.
1356.  906.  610. 1630.
2130. 1514.  470.  388.
3236.  178.  245.  843.
1559.  213. 1112. 1618.
1689.  388. 1856.  569.
2061.  381.  499. 1561.
 213.  760. 1262. 2267.
 180.  381. 2924. 1017.

layer3_filter 214
 898. 1369.  878. 1540.
  72. 1346.  316. 2951.
1452.   70. 1003. 2160.
 734.  341. 2860.  750.
 377.  200. 1748. 2360.
3904.  132.  511.  138.
 421.   23. 1985. 2256.
 764.  170.  379. 3372.
  84.  518. 1987. 2096.

layer3_filter 215
2074.  982. 1460.  188.
3428.  809.  329.  138.
2256. 1244.  877.  327.
2419. 1248.  208.  829.
 378.  864.  597. 2865.
1237.  336. 1527. 1604.
5.930e+02 1.790e+02 3.931e+03 1.000e+00
1128.  240. 1902. 1434.
1303.  875. 1300. 1226.

layer3_filter 216
2817.  259.  880. 1015.
1314.  714.  421. 2522.
 514. 1641. 2422.  394.
3457.  375.  346.  793.
1398.  154. 1433. 1986.
 826.   44. 1858. 2243.
2349.  607.  830. 1185.
1177.  444.  651. 2699.
1066.  531. 1060. 2314.

layer3_filter 217
1786.  117. 1326. 1713.
  84.   96.  152. 4610.
  61.   46.  218. 4617.
1191.   56. 1061. 2634.
 197.  645.  155. 3945.
2708. 1245.  270.  719.
 246.  846.  563. 3287.
 507.  664. 1103. 2668.
 852.  418. 1931. 1741.

layer3_filter 218
1240. 1614.  385. 1731.
2227.  209. 2256.  278.
 458.  551.  864. 3097.
 154.  721.  727. 3368.
 764.  442. 1807. 1957.
 875.  575. 1305. 2215.
2864.  108. 1543.  455.
 739. 1094.  950. 2187.
 890. 1328. 1429. 1323.

layer3_filter 219
 686. 2100.  987.  745.
1549. 1352. 1488.  129.
1558.  538. 1979.  443.
1339.  699. 1961.  519.
 774.   56. 2989.  699.
 204.    0. 4105.  209.
 544.    0. 3822.  152.
 154.  444. 3755.  165.
 359.  942. 2662.  555.

layer3_filter 220
 370.  894.  767. 1068.
 186.  898.  431. 1584.
1172.  821.  145.  961.
2173.  628.   62.  236.
 685.  124. 1670.  620.
 919.  105. 1782.  293.
1110. 1514.  216.  259.
 657.  820.  383. 1239.
 543. 1196.  365.  995.

layer3_filter 221
3643.   12.  769.  320.
 695.  784.  373. 2892.
 543.  442. 2476. 1283.
2730.  391.  649.  974.
 267.  753.  344. 3380.
 107.   21. 3363. 1253.
 766.  968. 1943. 1067.
1313. 1677. 1052.  702.
1677.  935. 1035. 1097.

layer3_filter 222
 729. 1676. 1125. 1201.
 896. 1283. 1134. 1418.
1479.  807.  809. 1636.
2682.  507.  814.  728.
2750.    3.   64. 1914.
  56.  111. 1884. 2680.
 917.  478. 2839.  497.
 580.  604.  915. 2632.
1341.  616. 1696. 1078.

layer3_filter 223
1944.  306. 1677.  803.
1172. 1078.  751. 1729.
1462.  661. 1194. 1413.
3782.    0.  948.    0.
1413.  484.  337. 2496.
 874.  708. 2004. 1144.
3107.  193. 1054.  376.
 164.  809.  570. 3187.
 211.  238. 3259. 1022.

layer3_filter 224
1258. 1134. 1736.  836.
1409. 2771.  434.  350.
1930. 1200. 1262.  572.
2113.  538. 1300. 1013.
1307. 2674.  380.  603.
1491.  210.  163. 3100.
 530. 1691.   43. 2700.
 884.  584. 1111. 2385.
1198. 1145.  474. 2147.

layer3_filter 225
1413.  704.  726. 1892.
 362.   41. 3756.  576.
1122. 2474.  437.  702.
3054.  901.  754.   26.
2346.   95. 1391.  903.
1862.  599. 1298.  976.
1619.  704. 1669.  743.
3260.  340.   85. 1050.
  29.  144. 1017. 3545.

layer3_filter 226
1100. 1008. 1342. 1154.
2127.  584.  595. 1298.
1813. 1226.  885.  680.
1897.  984.  340. 1383.
 834.  698. 1369. 1703.
2931.   75. 1565.   33.
 140.  654.  598. 3212.
 284.  561. 3341.  418.
1135.  839. 1703.  927.

layer3_filter 227
 410.  757.  246. 1696.
 801.  345.   22. 1941.
 341.  725.  575. 1468.
  69. 2903.    0.  137.
1692.  517.  137.  763.
1665.    4.  496.  944.
1470.   52.   40. 1547.
 777.  282.  487. 1563.
 813.  759.  488. 1049.

layer3_filter 228
102. 266. 807. 236.
   0.    0.    0. 1411.
 214.    0. 1197.    0.
1391.    0.   20.    0.
520. 532. 192. 167.
125. 545. 421. 320.
263. 425. 434. 289.
324. 508. 353. 226.
231. 284. 428. 468.

layer3_filter 229
 379.  685.  954. 1072.
 307.  241.  262. 2280.
2035.    0.  905.  150.
1393.  157. 1437.  103.
  35.  321.  447. 2287.
2313.  304.  473.    0.
1219.  237. 1296.  338.
468. 978. 858. 786.
558. 865. 770. 897.

layer3_filter 230
1678.  955.  723. 1077.
1501.  915. 1266.  751.
2254.  658. 1466.   55.
1014.  585.  813. 2021.
 636.  585. 2300.  912.
2729.  142. 1504.   58.
 156.  545.  789. 2943.
  25.  627. 3254.  527.
 276.  954. 1664. 1539.

layer3_filter 231
2194. 1078.  498. 1027.
 536. 2584.  672. 1005.
4.134e+03 1.000e+00 4.240e+02 2.380e+02
2108.  261.  540. 1888.
1531.  854.  848. 1564.
1139.  623.  763. 2272.
 105. 1002.  322. 3368.
 544.  151. 1609. 2493.
1162.  992.  987. 1656.

layer3_filter 232
1424. 1193.  936.  872.
1817. 1281.  252. 1075.
1805.  448.  964. 1208.
4158.   47.    0.  220.
  19.   83.   87. 4236.
 134.    0. 4195.   96.
1034.  923. 1107. 1361.
 874.  956. 1205. 1390.
 747.  957.  994. 1727.

layer3_filter 233
1923.  504. 1627.  778.
1184.  860.  865. 1923.
1913. 1798.  780.  341.
2189.  638.  686. 1319.
 624.  253.  141. 3814.
 242.    0.   50. 4540.
 208.  372. 1533. 2719.
1133.  551. 3023.  125.
1848.  894. 1038. 1052.

layer3_filter 234
1631.  991.  884. 1450.
3904.  562.  140.  350.
1246.  495.   38. 3177.
 720.  269. 3014.  953.
2057.  915.  933. 1051.
1322.  270.  632. 2732.
 447.  639. 2451. 1419.
1407. 1077.  873. 1599.
 923. 1085. 1286. 1662.

layer3_filter 235
 141. 1090.  966.  696.
  35. 1914.  153.  791.
  40. 2342.  368.  143.
0.000e+00 2.888e+03 4.000e+00 1.000e+00
2.000e+00 2.809e+03 0.000e+00 8.200e+01
   9. 2854.   16.   14.
 669. 1389.  513.  322.
 465. 1066.  615.  747.
 317.  880. 1350.  346.

layer3_filter 236
1577. 1438.  690.  755.
1999. 1320.  446.  695.
2854.  661.  503.  442.
 977. 1104.  511. 1868.
1284.  604. 1882.  690.
2758.   17.  544. 1141.
 280.  264.  994. 2922.
 466.  248. 3244.  502.
 469.  735. 1118. 2138.

layer3_filter 237
  0. 105.   0. 459.
366.   0. 187.  11.
501.  41.  22.   0.
339.  63.  76.  86.
425.  36.  56.  47.
157.  71.   0. 336.
  3.   0. 386. 175.
 27.  71. 270. 196.
160.  67. 117. 220.

layer3_filter 238
1226. 1141. 1264. 1317.
2196.  710.  433. 1609.
 574. 1139. 1766. 1469.
   0.    0.   14. 4934.
2.357e+03 0.000e+00 2.590e+03 1.000e+00
3975.    0.  973.    0.
 778.  567.  718. 2885.
1450. 1062. 1185. 1251.
2163.  585. 1351.  849.

layer3_filter 239
1069.  315. 1709.  509.
1268.  123. 1753.  458.
3.020e+02 2.000e+00 3.298e+03 0.000e+00
 802.    6. 2696.   98.
 726.   20. 1687. 1169.
 879.  271. 1663.  789.
1154.  242.  273. 1933.
 484.  759.  318. 2041.
 734.  777.  668. 1423.

layer3_filter 240
572.  91. 191.  34.
 88. 178. 203. 419.
285. 207. 346.  50.
144. 259.  92. 393.
132. 129. 507. 120.
  0.   0. 698. 190.
  9. 215. 582.  82.
 85.  82. 701.  20.
150. 566. 142.  30.

layer3_filter 241
1641. 1258.  475. 1575.
2670.  956.  926.  397.
 934.  802. 2181. 1032.
   0.   35.    0. 4914.
2906.   15. 2010.   18.
3341.   11. 1558.   39.
1299. 1090. 2098.  462.
1326. 1373. 1276.  974.
 934.  890. 1654. 1471.

layer3_filter 242
1535. 1627. 1169.  449.
2089. 1621.  806.  264.
2486.  467. 1043.  784.
2516.  292.  827. 1145.
 207.  129. 1914. 2530.
1540.  297. 2756.  187.
1254.  482. 1582. 1462.
1063.  943. 1794.  980.
 756. 1746. 1466.  812.

layer3_filter 243
 933.  277.  863. 1872.
 315.  886.  823. 1921.
   0.    9.    0. 3936.
2615.    9. 1321.    0.
2.835e+03 6.000e+00 1.103e+03 1.000e+00
2518.  701.  286.  440.
1364.  582.  359. 1640.
 738.  805.   93. 2309.
 466.  892.  871. 1716.

layer3_filter 244
1499. 1406. 1341.  611.
1321. 1394. 1935.  207.
 947. 2149. 1286.  475.
 637. 1383. 2385.  452.
2758.  620. 1021.  458.
   0. 1327.  170. 3360.
 707.  480. 3602.   68.
1697.  571. 2005.  584.
 877. 1266. 1965.  749.

layer3_filter 245
 204. 2475.  535.  877.
 731. 3051.  177.  132.
 475. 2701.  256.  659.
  26. 1905. 1813.  347.
  56. 1923. 1787.  325.
 735. 1397. 1950.    9.
 272.  416. 3057.  346.
   6.  489. 3227.  369.
 437. 1203. 1989.  462.

layer3_filter 246
 473.  482. 2579. 1466.
1439.  607. 2758.  196.
 107. 4317.  345.  231.
2687.  448. 1797.   68.
 640.  679. 1299. 2382.
  19. 3377.  940.  664.
 981. 1730. 1262. 1027.
1291. 2153. 1260.  296.
1241. 1519.  839. 1401.

layer3_filter 247
 453. 1827.  172. 1322.
1244.  340.  666. 1524.
 758. 1118.  541. 1357.
 196. 3566.   12.    0.
2.781e+03 0.000e+00 9.910e+02 2.000e+00
 348.  530. 2148.  748.
 603. 2575.   38.  558.
 933.  854. 1520.  467.
 536. 1117.  752. 1369.

layer3_filter 248
1212.  504.  625. 1397.
 562.  475. 2097.  604.
   0.    0.    0. 3738.
1706.    0. 2032.    0.
3168.    0.  570.    0.
2734.  359.  517.  128.
 623. 1057.  888. 1170.
 741. 1129.  653. 1215.
1380.  866.  690.  802.

layer3_filter 249
1707.  401. 1470.  739.
1092.  774. 1314. 1137.
1559. 1665.  713.  380.
3326.    0.  991.    0.
2031.  831.  252. 1203.
1045.  953. 1645.  674.
3411.  473.  318.  115.
 362.  347.   34. 3574.
  28.   31. 3980.  278.

layer3_filter 250
2907.  970.  570.  500.
3446.  505.  537.  459.
3284.  346.   71. 1246.
 143.   40.    0. 4764.
  11.  885.   26. 4025.
1057.  202. 2465. 1223.
1602.  739. 1856.  750.
1375. 1292.  813. 1467.
1100. 1345.  647. 1855.

layer3_filter 251
2094. 1655.  931.  301.
1795.  712. 1694.  780.
1191.  650. 3030.  110.
2097. 1603.  635.  646.
 122. 1061.  505. 3293.
   5. 2056. 2632.  288.
 318.  703. 1706. 2254.
 604. 2325. 1404.  648.
1376.  869. 1296. 1440.

layer3_filter 252
2852.  151.  647. 1267.
2771.  617.  539.  990.
2829. 1070.  451.  567.
1118.   71.  123. 3605.
 780.   65.  518. 3554.
2674. 1589.    3.  651.
3171.   36.   50. 1660.
2511.  472. 1258.  676.
1820.  846. 1573.  678.

layer3_filter 253
 695. 1061.  102. 3014.
1400. 1073. 1926.  473.
2420.   52. 1764.  636.
 173.  590.  194. 3915.
2821.  304. 1054.  693.
1881.  348. 2543.  100.
1111.  818.  777. 2166.
1164.  536. 1929. 1243.
2741.  966.  428.  737.

layer3_filter 254
2278.  224.  968.  153.
1245. 1122. 1018.  238.
2314.  384.  790.  135.
2381.  240.  835.  167.
1002.  947.  221. 1453.
2101.  561.  624.  337.
1054.  319.  528. 1722.
 223.  409. 1128. 1863.
 542.  259. 2415.  407.

layer3_filter 255
1756.  153.  252.  254.
1172.  161.  142.  940.
1562.  279.  382.  192.
 251.   79.   27. 2058.
  24.  390.   80. 1921.
1714.  464.  162.   75.
  54.  144.  215. 2002.
 665.  151.  377. 1222.
 217.  227. 1003.  968.
