MEME version 5.4.1

ALPHABET= ACGT

strands: + -

Background letter frequencies
A 0.25 C 0.25 G 0.25 T 0.25

MOTIF human_l3_f_0
letter-probability matrix: alength= 4 w= 9 
 0.4017529  0.29120724 0.24116483 0.06587504
 0.05032513 0.19875601 0.26491377 0.48600509
 0.1498445  0.43426633 0.03279615 0.38309302
 0.06898502 0.02063896 0.36726039 0.54311563
 0.0299689  0.59004806 0.0743568  0.30562624
 0.17472434 0.72547357 0.00904722 0.09075488
 0.30873622 0.13627368 0.10404297 0.45094713
 0.12524738 0.3452078  0.24229573 0.28724908
 0.4927905  0.17585524 0.26067289 0.07068137

MOTIF human_l3_f_2
letter-probability matrix: alength= 4 w= 9 
 0.01476274 0.09525483 0.04463972 0.84534271
 0.0340949  0.05342707 0.08998243 0.82249561
 0.33743409 0.02214411 0.29384886 0.34657293
 0.18488576 0.10615114 0.05237258 0.65659051
 0.29279438 0.01476274 0.25905097 0.43339192
 1.40597540e-03 3.51493849e-04 5.53251318e-01 4.44991213e-01
 0.04991213 0.11142355 0.01054482 0.82811951
 0.05588752 0.05518453 0.59050967 0.29841828
 0.19964851 0.15114236 0.09490334 0.5543058 

MOTIF human_l3_f_3
letter-probability matrix: alength= 4 w= 9 
 0.20437956 0.07924922 0.17831074 0.53806048
 0.14737574 0.09489051 0.16684046 0.59089329
 0.2544317  0.11852624 0.16475495 0.4622871 
 0.00903719 0.0045186  0.06360792 0.92283629
 0.55683003 0.00104275 0.20959333 0.23253389
 0.5043448  0.01425096 0.28119569 0.20020855
 0.06013208 0.09245742 0.03927702 0.80813347
 0.65693431 0.0132082  0.09454293 0.23531456
 0.49252694 0.02155023 0.32533889 0.16058394

MOTIF human_l3_f_4
letter-probability matrix: alength= 4 w= 9 
 0.47141372 0.12032225 0.17983368 0.22843035
 0.0504158  0.02468815 0.30535343 0.61954262
 0.23258836 0.120842   0.08393971 0.56262994
 0.53560291 0.1049896  0.29313929 0.06626819
 0.01377339 0.01065489 0.01871102 0.95686071
 0.76325364 0.05171518 0.13721414 0.04781705
 0.3549896  0.03664241 0.47765073 0.13071726
 0.25883576 0.05665281 0.2972973  0.38721414
 0.26793139 0.16709979 0.252079   0.31288981

MOTIF human_l3_f_6
letter-probability matrix: alength= 4 w= 9 
 0.46786712 0.04129152 0.11735486 0.37348649
 0.37969575 0.01303943 0.29276622 0.3144986 
 0.71654766 0.18224154 0.09313878 0.00807203
 0.6647004  0.07544241 0.02173238 0.23812481
 5.45172307e-01 3.10462589e-04 9.93480286e-03 4.44582428e-01
 9.44427197e-01 4.06705992e-02 3.10462589e-04 1.45917417e-02
 0.26451413 0.01210804 0.17323812 0.55013971
 0.3883887  0.20987271 0.1443651  0.25737349
 0.34399255 0.10027942 0.33716237 0.21856566

MOTIF human_l3_f_8
letter-probability matrix: alength= 4 w= 9 
 0.14039477 0.14289686 0.12816236 0.58854601
 0.58548791 0.04392549 0.15679733 0.21378927
 0.32582708 0.14289686 0.37864887 0.15262719
 1.39004726e-03 5.56018905e-04 2.22407562e-02 9.75813178e-01
 0.68501529 0.0030581  0.30052822 0.01139839
 5.65193217e-01 2.78009452e-04 4.19794273e-01 1.47345010e-02
 0.40061162 0.10508757 0.37086461 0.1234362 
 0.25048652 0.19571865 0.33778148 0.21601334
 0.16930776 0.14762302 0.28217959 0.40088963

MOTIF human_l3_f_9
letter-probability matrix: alength= 4 w= 9 
 0.10049938 0.21004994 0.31273408 0.3767166 
 0.03401998 0.03620474 0.22596754 0.70380774
 0.32490637 0.00405743 0.39762797 0.27340824
 0.09612984 0.06179775 0.34612984 0.49594257
 0.87827715 0.00655431 0.04650437 0.06866417
 0.05337079 0.00530587 0.22627965 0.7150437 
 0.38046192 0.04993758 0.05181024 0.51779026
 0.0758427  0.02496879 0.83270911 0.0664794 
 0.10424469 0.03277154 0.35143571 0.51154806

MOTIF human_l3_f_13
letter-probability matrix: alength= 4 w= 9 
 0.35807096 0.14142929 0.45802099 0.04247876
 0.23338331 0.11644178 0.19815092 0.45202399
 0.02098951 0.02398801 0.00724638 0.94777611
 4.57021489e-01 2.49875062e-04 4.84757621e-01 5.79710145e-02
 0.28935532 0.22663668 0.31134433 0.17266367
 0.07196402 0.02048976 0.00174913 0.9057971 
 0.27811094 0.31034483 0.1994003  0.21214393
 0.39405297 0.34132934 0.10194903 0.16266867
 0.26361819 0.13743128 0.29685157 0.30209895

MOTIF human_l3_f_16
letter-probability matrix: alength= 4 w= 9 
 0.26573427 0.06493506 0.28771229 0.38161838
 0.04295704 0.27272727 0.47752248 0.20679321
 0.57042957 0.12687313 0.3016983  0.000999  
 0.04995005 0.11188811 0.12287712 0.71528472
 0.04395604 0.01598402 0.02997003 0.91008991
 0.01898102 0.000999   0.03396603 0.94605395
 0.00999001 0.000999   0.50949051 0.47952048
 0.28371628 0.01898102 0.6963037  0.000999  
 0.05294705 0.39360639 0.21178821 0.34165834

MOTIF human_l3_f_17
letter-probability matrix: alength= 4 w= 9 
 0.26340034 0.15117253 0.20770519 0.37772194
 0.06197655 0.01340034 0.05653266 0.86809045
 0.59631491 0.00167504 0.28433836 0.11767169
 0.54355109 0.00921273 0.4279732  0.01926298
 0.13442211 0.00795645 0.01675042 0.84087102
 0.7520938  0.01214405 0.23073702 0.00502513
 6.29396985e-01 4.18760469e-04 2.93132328e-01 7.70519263e-02
 0.29564489 0.09924623 0.15326633 0.45184255
 0.19514238 0.13860972 0.24455611 0.42169179

MOTIF human_l3_f_19
letter-probability matrix: alength= 4 w= 9 
 0.15778689 0.09298156 0.35860656 0.390625  
 0.33734631 0.15471311 0.18878074 0.31915984
 0.10425205 0.12115779 0.27535861 0.49923156
 0.00717213 0.05788934 0.0883709  0.84656762
 0.36449795 0.02561475 0.32607582 0.28381148
 0.17571721 0.35758197 0.22079918 0.24590164
 0.31121926 0.05430328 0.02868852 0.60578893
 0.45466189 0.06506148 0.32556352 0.15471311
 0.6670082  0.12602459 0.09938525 0.10758197

MOTIF human_l3_f_22
letter-probability matrix: alength= 4 w= 9 
 0.23151848 0.0482018  0.18781219 0.53246753
 0.01248751 0.02172827 0.26598402 0.6998002 
 0.09415584 0.06218781 0.01623377 0.82742258
 0.00799201 0.11713287 0.18856144 0.68631369
 0.12337662 0.01648352 0.11713287 0.74300699
 0.33891109 0.05644356 0.03746254 0.56718282
 0.08391608 0.00749251 0.02997003 0.87862138
 2.49750250e-04 1.14885115e-02 1.19880120e-02 9.76273726e-01
 0.09240759 0.1530969  0.05044955 0.70404595

MOTIF human_l3_f_23
letter-probability matrix: alength= 4 w= 9 
 0.28392589 0.2346019  0.10290436 0.37856785
 0.17401102 0.39659489 0.02679019 0.40260391
 0.50801202 0.35578368 0.06309464 0.07310966
 0.68252379 0.07636455 0.02829244 0.21281923
 0.31622434 0.00976465 0.12418628 0.54982474
 0.1311968  0.02578868 0.06534802 0.7776665 
 0.17175764 0.0338007  0.09489234 0.69954932
 0.22633951 0.02178267 0.24461693 0.50726089
 0.34601903 0.12593891 0.38858287 0.13945919

MOTIF human_l3_f_24
letter-probability matrix: alength= 4 w= 9 
 0.36807818 0.2247557  0.22951641 0.17764971
 0.31721373 0.06715109 0.22225006 0.39338512
 0.30744174 0.37734904 0.28313706 0.03207216
 0.63918817 0.0518667  0.10674017 0.20220496
 0.5968429  0.04309697 0.0290654  0.33099474
 0.63167126 0.03883738 0.20020045 0.1292909 
 0.51140065 0.08945127 0.09571536 0.30343272
 0.05437234 0.04259584 0.13806064 0.76497119
 0.25833125 0.10548735 0.27336507 0.36281634

MOTIF human_l3_f_26
letter-probability matrix: alength= 4 w= 9 
 0.2347964  0.31411951 0.19513485 0.25594923
 0.57456372 0.34902168 0.01136965 0.06504495
 0.21311475 0.08751983 0.42332099 0.27604442
 3.56160762e-01 2.64410365e-04 5.60814384e-01 8.27604442e-02
 0.21205711 0.07244844 0.41036489 0.30512956
 0.13061872 0.00052882 0.34505553 0.52379693
 0.2014807  0.02934955 0.53331571 0.23585405
 1.68429402e-01 2.64410365e-04 6.27710206e-01 2.03595981e-01
 0.24616605 0.16922263 0.19354839 0.39106293

MOTIF human_l3_f_27
letter-probability matrix: alength= 4 w= 9 
 0.47032374 0.21672662 0.15467626 0.15827338
 4.49640288e-04 7.01438849e-02 4.49640288e-04 9.28956835e-01
 0.04541367 0.04226619 0.89028777 0.02203237
 0.00989209 0.54091727 0.07284173 0.37634892
 0.16906475 0.16546763 0.1596223  0.50584532
 0.12994604 0.59217626 0.03192446 0.24595324
 0.54946043 0.02113309 0.22392086 0.20548561
 0.11420863 0.26618705 0.23920863 0.38039568
 0.08767986 0.39253597 0.31609712 0.20368705

MOTIF human_l3_f_28
letter-probability matrix: alength= 4 w= 9 
 0.24068692 0.22668428 0.41770145 0.11492734
 0.29722589 0.21453104 0.24597094 0.24227213
 0.26129458 0.00686922 0.6676354  0.06420079
 0.06129458 0.00422721 0.51941876 0.41505945
 0.04280053 0.07107001 0.71624835 0.16988111
 0.06367239 0.05416116 0.87767503 0.00449141
 0.16961691 0.04517834 0.75719947 0.02800528
 0.35719947 0.20898283 0.14636724 0.28745046
 0.24121532 0.22694848 0.13051519 0.401321  

MOTIF human_l3_f_31
letter-probability matrix: alength= 4 w= 9 
 0.47132616 0.1187916  0.10547875 0.30440348
 0.06477215 0.17229903 0.06118792 0.70174091
 0.37762417 0.0499232  0.20097286 0.37147977
 0.30977983 0.46057348 0.17076293 0.05888377
 0.50051203 0.09677419 0.04429083 0.35842294
 0.1984127  0.02867384 0.02611367 0.7467998 
 0.11187916 0.31976446 0.06554019 0.50281618
 0.35432668 0.14157706 0.08038914 0.42370712
 0.16308244 0.07322069 0.05683564 0.70686124

MOTIF human_l3_f_32
letter-probability matrix: alength= 4 w= 9 
 0.35789474 0.20210526 0.08763158 0.35236842
 0.24236842 0.08736842 0.37921053 0.29105263
 0.09552632 0.55552632 0.20105263 0.14789474
 0.03684211 0.55921053 0.22684211 0.17710526
 0.00394737 0.02868421 0.62289474 0.34447368
 0.44052632 0.08105263 0.33921053 0.13921053
 5.76315789e-01 2.63157895e-04 6.13157895e-02 3.62105263e-01
 0.21421053 0.12973684 0.22342105 0.43263158
 0.14473684 0.35289474 0.12578947 0.37657895

MOTIF human_l3_f_33
letter-probability matrix: alength= 4 w= 9 
 0.06507937 0.05714286 0.06746032 0.81031746
 0.11031746 0.02857143 0.00555556 0.85555556
 0.39285714 0.00396825 0.5984127  0.0047619 
 7.93650794e-04 7.93650794e-04 7.93650794e-04 9.97619048e-01
 0.40396825 0.02380952 0.04365079 0.52857143
 0.00238095 0.00238095 0.00793651 0.98730159
 0.30396825 0.00396825 0.00634921 0.68571429
 0.11031746 0.01904762 0.78968254 0.08095238
 0.21111111 0.01746032 0.26507937 0.50634921

MOTIF human_l3_f_34
letter-probability matrix: alength= 4 w= 9 
 0.07735962 0.15322581 0.32945042 0.43996416
 0.16845878 0.38799283 0.01851852 0.42502987
 0.19175627 0.0692951  0.41039427 0.32855436
 9.05017921e-02 2.98685783e-04 2.14755078e-01 6.94444444e-01
 0.02120669 0.10603345 0.10663082 0.76612903
 0.19056153 0.09737157 0.03524492 0.67682198
 0.05495818 0.020908   0.07795699 0.84617682
 7.30884110e-01 2.29689367e-01 2.98685783e-04 3.91278375e-02
 0.01971326 0.03733572 0.05376344 0.88918757

MOTIF human_l3_f_35
letter-probability matrix: alength= 4 w= 9 
 0.05200501 0.15601504 0.10369674 0.68828321
 6.75751880e-01 3.13283208e-04 2.06453634e-01 1.17481203e-01
 0.33865915 0.29260652 0.07738095 0.29135338
 0.43013784 0.14317043 0.01441103 0.4122807 
 0.47901003 0.01378446 0.3004386  0.20676692
 0.13220551 0.08270677 0.39943609 0.38565163
 0.00313283 0.10964912 0.17606516 0.71115288
 0.25344612 0.14160401 0.40914787 0.19580201
 0.48182957 0.16854637 0.27349624 0.07612782

MOTIF human_l3_f_36
letter-probability matrix: alength= 4 w= 9 
 0.44514601 0.22651934 0.21257564 0.11575901
 0.35858984 0.14469876 0.48539858 0.01131281
 0.56985004 0.15627466 0.19415943 0.07971586
 0.65693239 0.03788477 0.29834254 0.00684031
 0.47724283 0.33491187 0.15759011 0.0302552 
 0.81031308 0.10760326 0.07682189 0.00526177
 0.85503815 0.07366483 0.03735859 0.03393844
 0.74796106 0.0255196  0.14996054 0.0765588 
 0.6356222  0.01473297 0.09918443 0.25046041

MOTIF human_l3_f_39
letter-probability matrix: alength= 4 w= 9 
 0.14401676 0.0877193  0.26341974 0.5048442 
 0.08641005 0.07907829 0.07672165 0.75779   
 0.26577638 0.03953915 0.02618487 0.66849961
 0.03665881 0.16758314 0.08510081 0.71065724
 0.06362922 0.23932967 0.26446714 0.43257397
 0.04268133 0.27703587 0.02409008 0.65619272
 0.12385441 0.23435454 0.13144802 0.51034302
 0.47473161 0.37365803 0.01492537 0.136685  
 0.37365803 0.08588636 0.12935323 0.41110238

MOTIF human_l3_f_40
letter-probability matrix: alength= 4 w= 9 
 0.29529984 0.09270665 0.25121556 0.36077796
 0.20907618 0.07779579 0.21361426 0.49951378
 0.13905997 0.25640194 0.09562399 0.5089141 
 0.01199352 0.01426256 0.05510535 0.91863857
 0.77763371 0.00356564 0.17147488 0.04732577
 0.94619125 0.00097245 0.04927066 0.00356564
 0.25121556 0.00810373 0.23662885 0.50405186
 0.69854133 0.01102107 0.07747164 0.21296596
 0.44797407 0.01458671 0.27228525 0.26515397

MOTIF human_l3_f_43
letter-probability matrix: alength= 4 w= 9 
 0.09423816 0.07733675 0.54161332 0.28681178
 0.51165173 0.02970551 0.21075544 0.24788732
 0.44609475 0.01690141 0.17490397 0.36209987
 5.49039693e-01 2.56081946e-04 2.21766965e-01 2.28937260e-01
 0.14903969 0.28604353 0.25556978 0.30934699
 0.28860435 0.39180538 0.20204866 0.11754161
 0.15825864 0.09705506 0.29167734 0.45300896
 0.50960307 0.15262484 0.09270166 0.24507042
 0.4950064  0.02202305 0.10140845 0.3815621 

MOTIF human_l3_f_44
letter-probability matrix: alength= 4 w= 9 
 0.36350575 0.13362069 0.23275862 0.27011494
 0.31752874 0.17385057 0.21264368 0.29597701
 0.23275862 0.20545977 0.40948276 0.15229885
 0.06034483 0.36063218 0.10201149 0.47701149
 0.26293103 0.44109195 0.04885057 0.24712644
 0.41235632 0.46408046 0.12212644 0.00143678
 0.73706897 0.04310345 0.01293103 0.20689655
 0.2816092  0.00718391 0.33764368 0.37356322
 0.62068966 0.00574713 0.12212644 0.25143678

MOTIF human_l3_f_45
letter-probability matrix: alength= 4 w= 9 
 0.57942058 0.05594406 0.13486513 0.22977023
 0.03496503 0.15284715 0.16083916 0.65134865
 0.05744256 0.20504496 0.03271728 0.7047952 
 0.2544955  0.13761239 0.47977023 0.12812188
 0.38836164 0.03546454 0.01548452 0.56068931
 0.01698302 0.16983017 0.004995   0.80819181
 0.15659341 0.11213786 0.41433566 0.31693307
 0.37987013 0.09415584 0.23176823 0.29420579
 0.27797203 0.23576424 0.11338661 0.37287712

MOTIF human_l3_f_48
letter-probability matrix: alength= 4 w= 9 
 0.2560911  0.08977754 0.25291314 0.40121822
 0.20842161 0.06382415 0.20444915 0.52330508
 0.08633475 0.26377119 0.05667373 0.59322034
 0.01244703 0.35010593 0.08527542 0.55217161
 0.37235169 0.11122881 0.21054025 0.30587924
 0.40148305 0.15677966 0.23887712 0.20286017
 0.16366525 0.01006356 0.55587924 0.27039195
 0.03495763 0.79634534 0.0720339  0.09666314
 0.0590572  0.24126059 0.57415254 0.12552966

MOTIF human_l3_f_49
letter-probability matrix: alength= 4 w= 9 
 0.35214785 0.01448551 0.4030969  0.23026973
 0.04295704 0.00649351 0.05094905 0.8996004 
 0.00174825 0.04995005 0.09565435 0.85264735
 0.4532967  0.00674326 0.0472028  0.49275724
 0.05619381 0.02447552 0.04845155 0.87087912
 4.84515485e-01 1.10889111e-01 2.49750250e-04 4.04345654e-01
 0.0541958  0.10839161 0.06143856 0.77597403
 0.13761239 0.11988012 0.06843157 0.67407592
 0.24275724 0.09715285 0.13086913 0.52922078

MOTIF human_l3_f_51
letter-probability matrix: alength= 4 w= 9 
 0.22698613 0.34955864 0.2221942  0.20126103
 0.02068096 0.20075662 0.0184111  0.76015132
 0.08701135 0.0630517  0.47969735 0.3702396 
 0.20832282 0.10390921 0.63631778 0.05145019
 2.74653216e-01 5.90416141e-01 2.52206810e-04 1.34678436e-01
 0.5220681  0.12912989 0.03556116 0.31324086
 0.06532156 0.03858764 0.56393443 0.33215637
 0.22723834 0.31525851 0.25498108 0.20252207
 0.19848676 0.14955864 0.30870113 0.34325347

MOTIF human_l3_f_56
letter-probability matrix: alength= 4 w= 9 
 0.25862069 0.14887268 0.1515252  0.44098143
 0.25364721 0.1316313  0.24801061 0.36671088
 0.10411141 0.01160477 0.00696286 0.87732095
 0.65915119 0.09482759 0.17572944 0.07029178
 0.60212202 0.01094164 0.33488064 0.0520557 
 0.03846154 0.09250663 0.03249337 0.83653846
 0.52055703 0.1448939  0.19728117 0.1372679 
 0.55470822 0.00198939 0.32891247 0.11438992
 0.14456233 0.14854111 0.06034483 0.64655172

MOTIF human_l3_f_58
letter-probability matrix: alength= 4 w= 9 
 0.11683756 0.02023745 0.20021587 0.66270912
 0.00566649 0.00107933 0.00431732 0.98893686
 0.03858608 0.06988667 0.08337831 0.80814895
 0.1303292  0.0132218  0.31138694 0.54506206
 0.13734485 0.42147868 0.06502968 0.37614679
 0.17566109 0.55288721 0.01645979 0.25499191
 0.0148408  0.14651916 0.21208851 0.62655154
 0.08337831 0.08526713 0.41743119 0.41392337
 0.21721533 0.10415542 0.35617917 0.32245008

MOTIF human_l3_f_59
letter-probability matrix: alength= 4 w= 9 
 0.27700348 0.16864111 0.15121951 0.40313589
 0.08954704 0.42857143 0.3630662  0.11881533
 3.48432056e-04 3.48432056e-04 3.48432056e-04 9.98954704e-01
 5.12543554e-01 3.48432056e-04 4.86759582e-01 3.48432056e-04
 6.72125436e-01 3.48432056e-04 3.27177700e-01 3.48432056e-04
 0.14216028 0.25052265 0.4369338  0.17038328
 0.22926829 0.34285714 0.11463415 0.31324042
 0.02996516 0.33101045 0.1456446  0.49337979
 0.17770035 0.23449477 0.46655052 0.12125436

MOTIF human_l3_f_60
letter-probability matrix: alength= 4 w= 9 
 0.22598291 0.12512821 0.23589744 0.41299145
 0.2817094  0.26051282 0.19213675 0.26564103
 0.47179487 0.13299145 0.01470085 0.38051282
 8.02735043e-01 3.41880342e-04 1.57948718e-01 3.89743590e-02
 0.00888889 0.13299145 0.01094017 0.84717949
 3.41880342e-04 4.80000000e-01 1.17606838e-01 4.02051282e-01
 2.70085470e-02 3.41880342e-04 6.15726496e-01 3.56923077e-01
 0.11384615 0.56854701 0.29094017 0.02666667
 0.28683761 0.07897436 0.15692308 0.47726496

MOTIF human_l3_f_61
letter-probability matrix: alength= 4 w= 9 
 0.44232258 0.06322581 0.20103226 0.29341935
 0.12464516 0.22374194 0.31535484 0.33625806
 0.02967742 0.39329032 0.0116129  0.56541935
 0.14451613 0.10012903 0.72877419 0.02658065
 0.02245161 0.272      0.25574194 0.44980645
 0.15019355 0.20670968 0.00412903 0.63896774
 0.14529032 0.0036129  0.22941935 0.62167742
 0.14890323 0.02193548 0.48258065 0.34658065
 0.43277419 0.11741935 0.41316129 0.03664516

MOTIF human_l3_f_63
letter-probability matrix: alength= 4 w= 9 
 0.45379206 0.04495229 0.19839277 0.30286288
 0.41612255 0.16474134 0.08488197 0.33425414
 0.31541939 0.18633852 0.01531894 0.48292315
 0.26670015 0.20316424 0.24610748 0.28402813
 0.37845304 0.21572074 0.14414867 0.26167755
 0.21446509 0.29357107 0.01280763 0.4791562 
 8.66649925e-01 1.25565043e-03 2.51130085e-04 1.31843295e-01
 0.57081868 0.02661979 0.13736816 0.26519337
 0.47112004 0.07307885 0.28327474 0.17252637

MOTIF human_l3_f_65
letter-probability matrix: alength= 4 w= 9 
 0.01323676 0.16558442 0.0541958  0.76698302
 0.28046953 0.21078921 0.00274725 0.50599401
 0.24425574 0.0959041  0.33391608 0.32592408
 0.20304695 0.00949051 0.08341658 0.70404595
 0.58466533 0.02297702 0.03146853 0.36088911
 0.01398601 0.001998   0.03021978 0.9537962 
 0.20254745 0.03246753 0.12662338 0.63836164
 0.52747253 0.05869131 0.40509491 0.00874126
 0.1013986  0.07617383 0.06843157 0.753996  

MOTIF human_l3_f_66
letter-probability matrix: alength= 4 w= 9 
 0.22088573 0.19272827 0.36604702 0.22033898
 0.16484418 0.39365774 0.24138874 0.20010935
 0.17823948 0.10224166 0.32914161 0.39037726
 0.26380536 0.01858939 0.34007654 0.3775287 
 5.19956260e-01 2.73373428e-04 2.11591033e-01 2.68179333e-01
 0.08857299 0.00574084 0.71268453 0.19300164
 0.51120831 0.00902132 0.17687261 0.30289776
 0.17851285 0.05604155 0.73428103 0.03116457
 0.20749043 0.07955167 0.49972663 0.21323127

MOTIF human_l3_f_68
letter-probability matrix: alength= 4 w= 9 
 0.30216216 0.05783784 0.03540541 0.60459459
 5.03243243e-01 1.56756757e-02 2.70270270e-04 4.80810811e-01
 0.02108108 0.00567568 0.29432432 0.67891892
 4.43243243e-02 2.70270270e-03 2.70270270e-04 9.52702703e-01
 0.37513514 0.05972973 0.24567568 0.31945946
 0.09594595 0.02594595 0.14243243 0.73567568
 0.49810811 0.03108108 0.04621622 0.42459459
 0.21054054 0.09567568 0.05810811 0.63567568
 0.19702703 0.04081081 0.06054054 0.70162162

MOTIF human_l3_f_71
letter-probability matrix: alength= 4 w= 9 
 0.45697406 0.27536604 0.1494991  0.1181608 
 0.52401747 0.05111739 0.25378885 0.17107629
 0.16362702 0.19599281 0.32006165 0.32031852
 0.50680709 0.41561778 0.05034678 0.02722836
 0.58540971 0.20549705 0.07603391 0.13305934
 0.48009247 0.18006679 0.32596969 0.01387105
 0.67839712 0.27099923 0.03878757 0.01181608
 0.52298998 0.02491652 0.14513229 0.30696121
 0.10660159 0.1772412  0.2049833  0.5111739 

MOTIF human_l3_f_72
letter-probability matrix: alength= 4 w= 9 
 0.0651284  0.24972088 0.23185709 0.45329364
 0.3353182  0.05396353 0.32080387 0.2899144 
 0.29028656 0.09787868 0.06438407 0.54745069
 0.00483811 0.01265352 0.33159658 0.6509118 
 3.05173055e-01 3.72162263e-04 5.55266096e-01 1.39188686e-01
 4.86416077e-01 1.55563826e-01 3.57647934e-01 3.72162263e-04
 0.58243394 0.14551544 0.1745441  0.09750651
 0.44994418 0.15333085 0.19315221 0.20357276
 0.15816896 0.31596576 0.13993301 0.38593227

MOTIF human_l3_f_73
letter-probability matrix: alength= 4 w= 9 
 0.15234043 0.18241135 0.20510638 0.46014184
 2.83687943e-04 1.18297872e-01 2.83687943e-04 8.81134752e-01
 0.15460993 0.06780142 0.46468085 0.3129078 
 0.63375887 0.00595745 0.08170213 0.27858156
 0.31744681 0.01134752 0.27546099 0.39574468
 0.01134752 0.04       0.11347518 0.8351773 
 0.18269504 0.07829787 0.14808511 0.59092199
 0.16425532 0.1622695  0.09390071 0.57957447
 0.41021277 0.09049645 0.36851064 0.13078014

MOTIF human_l3_f_74
letter-probability matrix: alength= 4 w= 9 
 0.24220273 0.05263158 0.53070175 0.17446394
 0.00194932 0.04434698 0.00779727 0.94590643
 0.18226121 0.31189084 0.14181287 0.36403509
 0.10672515 0.43518519 0.06822612 0.38986355
 0.28996101 0.61354776 0.0579922  0.03849903
 0.4917154  0.0994152  0.11695906 0.29191033
 0.02875244 0.06578947 0.84697856 0.05847953
 0.31384016 0.18859649 0.14230019 0.35526316
 0.12378168 0.40302144 0.19103314 0.28216374

MOTIF human_l3_f_75
letter-probability matrix: alength= 4 w= 9 
 0.24479804 0.08078335 0.22358221 0.45083639
 0.00448796 0.05711954 0.03590371 0.90248878
 0.0501836  0.25254998 0.15585475 0.54141167
 0.04161567 0.00979192 0.30395757 0.64463484
 0.1374949  0.09220726 0.63239494 0.1379029 
 0.16319869 0.00203998 0.71317829 0.12158303
 0.69808242 0.03100775 0.22317421 0.04773562
 0.57731538 0.07833537 0.22072623 0.12362301
 0.28396573 0.19747042 0.18645451 0.33210934

MOTIF human_l3_f_77
letter-probability matrix: alength= 4 w= 9 
 0.30731567 0.16676267 0.37615207 0.14976959
 0.10570276 0.08208525 0.56451613 0.24769585
 4.25979263e-01 4.37788018e-02 5.29953917e-01 2.88018433e-04
 0.24251152 0.00230415 0.7203341  0.03485023
 5.97638249e-01 2.88018433e-04 3.28052995e-01 7.40207373e-02
 0.37989631 0.00864055 0.54608295 0.06538018
 0.27563364 0.02419355 0.49366359 0.20650922
 0.54262673 0.0889977  0.12471198 0.24366359
 0.29003456 0.11981567 0.2235023  0.36664747

MOTIF human_l3_f_78
letter-probability matrix: alength= 4 w= 9 
 0.41891046 0.08359424 0.16812774 0.32936756
 3.13087038e-04 2.21039449e-01 6.26174076e-04 7.78021290e-01
 0.26142768 0.00093926 0.21759549 0.52003757
 0.09455229 0.12492173 0.46399499 0.316531  
 0.08077646 0.19004383 0.21540388 0.51377583
 0.01784596 0.25641828 0.18659987 0.53913588
 0.0266124  0.06793989 0.20788979 0.69755792
 0.37820914 0.23387602 0.09142142 0.29649343
 0.05917345 0.06261741 0.14746399 0.73074515

MOTIF human_l3_f_79
letter-probability matrix: alength= 4 w= 9 
 0.22222222 0.11664361 0.29644998 0.36468419
 0.13370217 0.39004149 0.39511296 0.08114338
 0.33102812 0.23835869 0.40571692 0.02489627
 0.07514984 0.01337022 0.05394191 0.85753804
 0.5043799  0.01014292 0.31443061 0.17104657
 0.61088059 0.09266943 0.2033195  0.09313047
 0.2263716  0.29506685 0.22591056 0.25265099
 0.33794375 0.31765791 0.12909175 0.21530659
 0.44167819 0.15444905 0.1000461  0.30382665

MOTIF human_l3_f_81
letter-probability matrix: alength= 4 w= 9 
 0.18104753 0.33999394 0.09536785 0.38359068
 0.11898274 0.20254314 0.09173479 0.58673933
 0.58038147 0.07568877 0.15470784 0.18922192
 0.37087496 0.28701181 0.33030578 0.01180745
 3.02755071e-04 3.02755071e-04 3.33030578e-03 9.96064184e-01
 6.61822586e-01 3.02755071e-04 3.37571904e-01 3.02755071e-04
 8.43778383e-01 3.02755071e-04 1.55010596e-01 9.08265213e-04
 0.36603088 0.16348774 0.11867999 0.35180139
 0.31183772 0.11565244 0.19588253 0.37662731

MOTIF human_l3_f_82
letter-probability matrix: alength= 4 w= 9 
 0.09696502 0.39969136 0.17026749 0.33307613
 0.32381687 0.47170782 0.093107   0.11136831
 0.26183128 0.31558642 0.11908436 0.30349794
 0.02494856 0.33204733 0.43569959 0.20730453
 0.26929012 0.11728395 0.29038066 0.32304527
 0.1723251  0.06481481 0.41049383 0.35236626
 0.15149177 0.22453704 0.2502572  0.37371399
 0.24382716 0.27237654 0.11033951 0.37345679
 0.27520576 0.13040123 0.30709877 0.28729424

MOTIF human_l3_f_83
letter-probability matrix: alength= 4 w= 9 
 0.28549303 0.24806402 0.3399587  0.12648425
 0.32188952 0.24651523 0.17965927 0.25193598
 0.05498193 0.07898813 0.27645844 0.5895715 
 0.0116159  0.03433144 0.30820857 0.64584409
 0.1368095  0.22276717 0.37738771 0.26303562
 0.35312339 0.15565307 0.31930821 0.17191533
 0.25735674 0.16236448 0.28704182 0.29323696
 0.2653588  0.12596799 0.10067114 0.50800207
 0.17836861 0.13397006 0.0389778  0.64868353

MOTIF human_l3_f_84
letter-probability matrix: alength= 4 w= 9 
 0.53321678 0.24100899 0.21553447 0.01023976
 0.16408591 0.28471528 0.11088911 0.44030969
 0.03396603 0.17332667 0.23551449 0.55719281
 0.03471528 0.10739261 0.2007992  0.65709291
 0.02022977 0.01048951 0.33141858 0.63786214
 0.39185814 0.26098901 0.25624376 0.09090909
 0.53746254 0.14585415 0.09390609 0.22277722
 0.21878122 0.03146853 0.27872128 0.47102897
 0.21428571 0.15334665 0.30944056 0.32292707

MOTIF human_l3_f_85
letter-probability matrix: alength= 4 w= 9 
 0.12996689 0.17577263 0.34161148 0.35264901
 0.29387417 0.20226269 0.19481236 0.30905077
 0.42880795 0.21578366 0.1285872  0.22682119
 0.0584989  0.526766   0.26214128 0.15259382
 0.04111479 0.22709713 0.02428256 0.70750552
 0.30905077 0.00910596 0.55408389 0.12775938
 0.45833333 0.25193157 0.12224062 0.16749448
 0.50634658 0.23785872 0.02649007 0.22930464
 0.33912804 0.22268212 0.06732892 0.37086093

MOTIF human_l3_f_86
letter-probability matrix: alength= 4 w= 9 
 0.06568432 0.16408591 0.39985015 0.37037962
 0.18856144 0.28871129 0.15034965 0.37237762
 0.25799201 0.16033966 0.01723277 0.56443556
 0.31793207 0.1520979  0.05519481 0.47477522
 0.28696304 0.00699301 0.1466034  0.55944056
 0.03596404 0.1481019  0.21753247 0.5984016 
 0.01248751 0.01698302 0.39460539 0.57592408
 0.13611389 0.47427572 0.20154845 0.18806194
 0.08091908 0.14335664 0.12687313 0.64885115

MOTIF human_l3_f_88
letter-probability matrix: alength= 4 w= 9 
 0.58224124 0.15940091 0.05375769 0.20460016
 0.1912276  0.10457342 0.24070607 0.46349291
 0.0224659  0.04305964 0.11259695 0.82187751
 0.01016315 0.01257021 0.12944638 0.84782027
 0.12008558 0.0334314  0.43006151 0.4164215 
 0.26183472 0.55817063 0.08906125 0.0909334 
 0.34501204 0.07381653 0.12864402 0.45252741
 0.10537577 0.26852099 0.46349291 0.16261032
 0.14041187 0.16154052 0.34180262 0.35624499

MOTIF human_l3_f_89
letter-probability matrix: alength= 4 w= 9 
 0.23776224 0.02347652 0.2495005  0.48926074
 0.1028971  0.00749251 0.24025974 0.64935065
 2.49750250e-04 6.64335664e-02 2.02297702e-02 9.13086913e-01
 0.0014985  0.01248751 0.40934066 0.57667333
 0.02572428 0.20704296 0.05944056 0.70779221
 0.13786214 0.03371628 0.01323676 0.81518482
 0.00849151 0.09615385 0.00724276 0.88811189
 0.01223776 0.08341658 0.13811189 0.76623377
 0.0521978  0.07767233 0.02947053 0.84065934

MOTIF human_l3_f_90
letter-probability matrix: alength= 4 w= 9 
 0.37094972 0.19050279 0.30167598 0.13687151
 0.01396648 0.18882682 0.23351955 0.56368715
 0.46927374 0.00558659 0.49664804 0.02849162
 0.73631285 0.17039106 0.08994413 0.00335196
 0.52458101 0.09329609 0.01955307 0.36256983
 0.15195531 0.57318436 0.16759777 0.10726257
 0.53631285 0.17541899 0.01620112 0.27206704
 0.05083799 0.01620112 0.20782123 0.72513966
 0.05027933 0.12011173 0.13910615 0.69050279

MOTIF human_l3_f_92
letter-probability matrix: alength= 4 w= 9 
 0.07824351 0.09141717 0.15928144 0.67105788
 0.22914172 0.08942116 0.44830339 0.23313373
 0.09221557 0.61077844 0.04311377 0.25389222
 0.14610778 0.56407186 0.15648703 0.13333333
 0.32335329 0.12894212 0.17365269 0.3740519 
 0.15528942 0.00638723 0.45988024 0.37844311
 3.99201597e-04 5.58882236e-03 4.79041916e-02 9.46107784e-01
 0.05988024 0.07185629 0.76766467 0.1005988 
 0.06067864 0.04790419 0.47225549 0.41916168

MOTIF human_l3_f_97
letter-probability matrix: alength= 4 w= 9 
 0.04299974 0.08676734 0.22626056 0.64397236
 0.07883286 0.05579729 0.30099821 0.56437164
 0.04658306 0.00716662 0.36498592 0.5812644 
 2.55950857e-04 2.55950857e-04 2.55950857e-04 9.99232147e-01
 2.81545943e-03 2.55950857e-04 2.55950857e-04 9.96672639e-01
 2.55950857e-04 2.55950857e-04 2.55950857e-04 9.99232147e-01
 0.02175582 0.00870233 0.12439212 0.84514973
 0.06449962 0.26593294 0.39749168 0.27207576
 0.20680829 0.05554134 0.32377783 0.41387254

MOTIF human_l3_f_99
letter-probability matrix: alength= 4 w= 9 
 0.57986327 0.11000622 0.17992542 0.1302051 
 0.2545059  0.47327533 0.12181479 0.15040398
 0.42386576 0.01429459 0.33219391 0.22964574
 0.01771287 0.84431324 0.07054071 0.06743319
 0.15102548 0.16407707 0.3996271  0.28527035
 0.62585457 0.2532629  0.03511498 0.08576756
 0.31230578 0.577688   0.01771287 0.09229335
 0.25357365 0.14108142 0.05842138 0.54692356
 0.12150404 0.12119329 0.51305158 0.24425109

MOTIF human_l3_f_100
letter-probability matrix: alength= 4 w= 9 
 0.10164835 0.08491508 0.12637363 0.68706294
 0.05719281 0.02347652 0.10114885 0.81818182
 0.01023976 0.21753247 0.00674326 0.76548452
 0.07817183 0.43506494 0.29595405 0.19080919
 0.14260739 0.18256743 0.01523477 0.65959041
 0.31768232 0.22552448 0.09165834 0.36513487
 0.26098901 0.01798202 0.16558442 0.55544456
 0.57092907 0.0452048  0.32817183 0.05569431
 0.1963037  0.06968032 0.26548452 0.46853147

MOTIF human_l3_f_101
letter-probability matrix: alength= 4 w= 9 
 0.11313494 0.08568497 0.16290405 0.63827604
 0.51872755 0.04155977 0.14315033 0.29656234
 0.00820934 0.00872242 0.00282196 0.98024628
 0.24448435 0.01821447 0.20600308 0.5312981 
 0.19189328 0.01564905 0.21703438 0.57542329
 0.30015393 0.55361724 0.00410467 0.14212417
 0.10851719 0.05259107 0.23807081 0.60082093
 0.15469472 0.24653669 0.28065675 0.31811185
 0.3871216  0.04951257 0.08337609 0.47998974

MOTIF human_l3_f_103
letter-probability matrix: alength= 4 w= 9 
 0.23698384 0.19389587 0.01436266 0.55475763
 0.31418312 0.08258528 0.42010772 0.18312388
 0.2064632  0.12926391 0.28725314 0.37701975
 0.2513465  0.41831239 0.0556553  0.27468582
 0.00179533 0.77558348 0.00179533 0.22082585
 0.03770197 0.6481149  0.22082585 0.09335727
 0.11490126 0.00179533 0.00359066 0.87971275
 0.15978456 0.13644524 0.01615799 0.68761221
 0.16337522 0.00718133 0.17773788 0.65170557

MOTIF human_l3_f_104
letter-probability matrix: alength= 4 w= 9 
 0.18124486 0.09788868 0.34823142 0.37263504
 0.04277488 0.13106663 0.24787497 0.57828352
 0.09048533 0.0671785  0.61502605 0.22731012
 0.02522621 0.23608445 0.01754867 0.72114066
 0.01891966 0.38086098 0.36111873 0.23910063
 0.10172745 0.04359748 0.06498492 0.78969016
 0.08253359 0.37153825 0.35727996 0.1886482 
 0.08198519 0.05950096 0.11955032 0.73896353
 0.1351796  0.03701673 0.18042226 0.64738141

MOTIF human_l3_f_107
letter-probability matrix: alength= 4 w= 9 
 0.3470971  0.29504505 0.18368368 0.17417417
 0.15615616 0.24499499 0.29429429 0.30455455
 0.0965966  0.66816817 0.00800801 0.22722723
 0.67992993 0.15465465 0.13463463 0.03078078
 0.18793794 0.12787788 0.00875876 0.67542543
 0.06956957 0.02302302 0.01051051 0.8968969 
 0.01726727 0.4547047  0.40615616 0.12187187
 0.18243243 0.36586587 0.2047047  0.246997  
 0.59984985 0.12787788 0.2037037  0.06856857

MOTIF human_l3_f_109
letter-probability matrix: alength= 4 w= 9 
 0.21670429 0.2247662  0.32634634 0.23218317
 0.00128991 0.53369881 0.01289906 0.45211222
 0.05836827 0.32634634 0.43211867 0.18316672
 0.11415672 0.37504031 0.2428249  0.26797807
 0.3379555  0.12576588 0.16446308 0.37181554
 8.34891970e-01 3.22476620e-04 4.15994840e-02 1.23186069e-01
 0.03772976 0.05836827 0.48790713 0.41599484
 0.15930345 0.24798452 0.04224444 0.55046759
 0.33344083 0.2289584  0.144792   0.29280877

MOTIF human_l3_f_112
letter-probability matrix: alength= 4 w= 9 
 0.55856276 0.08446104 0.1824545  0.1745217 
 0.03173122 0.07512832 0.01353243 0.87960803
 0.24311713 0.14885674 0.14419039 0.46383574
 0.08166122 0.17358843 0.11245917 0.63229118
 0.10545964 0.27531498 0.08212786 0.53709753
 0.46710219 0.49510033 0.00139991 0.03639757
 0.2034531  0.07326178 0.16985534 0.55342977
 0.62762483 0.00559963 0.02659823 0.34017732
 0.685021   0.01679888 0.12412506 0.17405506

MOTIF human_l3_f_117
letter-probability matrix: alength= 4 w= 9 
 0.2923116  0.17127633 0.28444557 0.25196651
 0.38594265 0.14717077 0.24790662 0.21897995
 0.0416138  0.25881756 0.15199188 0.54757676
 0.44988582 0.07536158 0.21339761 0.26135499
 0.35194113 0.15681299 0.34914996 0.14209591
 2.53742705e-04 2.53742705e-04 2.53742705e-03 9.96955088e-01
 0.48591728 0.00126871 0.51103781 0.0017762 
 8.45216950e-01 2.53742705e-04 1.54275565e-01 2.53742705e-04
 0.22684598 0.17812738 0.32555189 0.26947475

MOTIF human_l3_f_121
letter-probability matrix: alength= 4 w= 9 
 0.45535714 0.46428571 0.00892857 0.07142857
 0.89285714 0.00892857 0.07142857 0.02678571
 0.00892857 0.00892857 0.19642857 0.78571429
 0.00892857 0.01785714 0.00892857 0.96428571
 0.13392857 0.00892857 0.15178571 0.70535714
 0.05357143 0.44642857 0.03571429 0.46428571
 0.58928571 0.39285714 0.00892857 0.00892857
 0.34821429 0.00892857 0.08928571 0.55357143
 0.05357143 0.22321429 0.70535714 0.01785714

MOTIF human_l3_f_122
letter-probability matrix: alength= 4 w= 9 
 0.00136426 0.29195089 0.00818554 0.69849932
 0.08185539 0.2414734  0.13506139 0.54160982
 0.53751705 0.0627558  0.03001364 0.36971351
 0.56889495 0.17735334 0.04229195 0.21145975
 0.00136426 0.0095498  0.00136426 0.98772169
 0.87585266 0.00136426 0.0095498  0.11323329
 0.12141883 0.00136426 0.85675307 0.02046385
 0.55252387 0.03956344 0.00682128 0.40109141
 0.53342428 0.16780355 0.15416098 0.14461119

MOTIF human_l3_f_123
letter-probability matrix: alength= 4 w= 9 
 0.38562664 0.09903593 0.12226117 0.39307625
 0.01007888 0.20552147 0.18711656 0.59728309
 0.00175285 0.01139351 0.00131464 0.985539  
 2.15162138e-01 4.38212095e-04 7.48466258e-01 3.59333918e-02
 0.00701139 0.2283085  0.02366345 0.74101665
 0.33172656 0.04688869 0.38562664 0.23575811
 0.19106047 0.03812445 0.00394391 0.76687117
 0.04250657 0.24978089 0.30105171 0.40666082
 0.16958808 0.14767748 0.08457493 0.59815951

MOTIF human_l3_f_125
letter-probability matrix: alength= 4 w= 9 
 0.00640205 0.30985915 0.00426803 0.67947076
 0.22748613 0.12462655 0.25650875 0.39137857
 0.20742638 0.22151088 0.16944089 0.40162185
 0.75970977 0.11609048 0.01451131 0.10968843
 0.11182245 0.0396927  0.05036278 0.79812207
 0.04524114 0.05804524 0.815621   0.08109262
 0.38326931 0.13017499 0.20913359 0.27742211
 0.14041827 0.15023474 0.16517286 0.54417414
 0.12761417 0.21852326 0.43107128 0.22279129

MOTIF human_l3_f_129
letter-probability matrix: alength= 4 w= 9 
 0.2125     0.38819444 0.084375   0.31493056
 0.64930556 0.06701389 0.03819444 0.24548611
 0.48680556 0.05381944 0.21875    0.240625  
 0.16354167 0.21909722 0.12673611 0.490625  
 0.315625   0.06840278 0.01979167 0.59618056
 0.06944444 0.14375    0.63020833 0.15659722
 0.55277778 0.17986111 0.11597222 0.15138889
 0.23993056 0.25833333 0.19305556 0.30868056
 0.04513889 0.29027778 0.09895833 0.565625  

MOTIF human_l3_f_130
letter-probability matrix: alength= 4 w= 9 
 0.58600917 0.05447248 0.10894495 0.25057339
 5.73394495e-04 6.36467890e-01 1.63990826e-01 1.98967890e-01
 0.67373853 0.03669725 0.00917431 0.28038991
 0.05045872 0.48623853 0.13188073 0.33142202
 0.92029817 0.03268349 0.01318807 0.03383028
 0.17545872 0.02924312 0.28784404 0.50745413
 0.10149083 0.11353211 0.7396789  0.04529817
 0.20240826 0.21731651 0.11353211 0.46674312
 0.1141055  0.08027523 0.3853211  0.42029817

MOTIF human_l3_f_131
letter-probability matrix: alength= 4 w= 9 
 0.39625132 0.22650475 0.13093981 0.24630412
 0.70353749 0.14097149 0.00448786 0.15100317
 0.30095037 0.06045407 0.00554382 0.63305174
 0.5438226  0.04435058 0.03194298 0.37988384
 0.26425554 0.11774023 0.16684266 0.45116156
 0.31019007 0.29118268 0.31362196 0.08500528
 0.1061246  0.00844773 0.67423442 0.21119324
 0.44984161 0.0689018  0.11483633 0.36642027
 0.14017951 0.11457233 0.29171067 0.45353749

MOTIF human_l3_f_135
letter-probability matrix: alength= 4 w= 9 
 0.21463415 0.25699615 0.29062901 0.23774069
 0.01052632 0.26367137 0.01129653 0.71450578
 0.07086008 0.0677792  0.13992298 0.72143774
 2.56739409e-04 4.89602054e-01 4.69833119e-01 4.03080873e-02
 0.05160462 0.66341463 0.27573813 0.00924262
 2.56739409e-04 3.46084724e-01 2.15147625e-01 4.38510911e-01
 0.236457   0.22747112 0.2775353  0.25853659
 0.3381258  0.19127086 0.11450578 0.35609756
 0.41874198 0.06418485 0.20436457 0.3127086 

MOTIF human_l3_f_137
letter-probability matrix: alength= 4 w= 9 
 0.3036963  0.17682318 0.30594406 0.21353646
 0.32617383 0.25274725 0.35514486 0.06593407
 0.00549451 0.67857143 0.10514486 0.21078921
 3.99600400e-03 2.49750250e-04 2.99700300e-02 9.65784216e-01
 0.05894106 0.47477522 0.22777223 0.23851149
 0.08916084 0.65684316 0.01573427 0.23826174
 0.57567433 0.22577423 0.02722278 0.17132867
 0.60889111 0.18781219 0.13911089 0.06418581
 0.32117882 0.07692308 0.30344655 0.29845155

MOTIF human_l3_f_143
letter-probability matrix: alength= 4 w= 9 
 0.08914607 0.1714107  0.09415077 0.64529246
 0.04191429 0.01908039 0.06568658 0.87331874
 0.51266813 0.0325305  0.33906788 0.1157335 
 0.59368158 0.04472943 0.30278386 0.05880513
 0.222396   0.03816078 0.12887082 0.61057241
 0.43697216 0.26806381 0.11854864 0.17641539
 0.26681264 0.20300282 0.39724742 0.13293713
 0.23741007 0.03034094 0.35220519 0.38004379
 0.14920238 0.36753206 0.09759149 0.38567407

MOTIF human_l3_f_146
letter-probability matrix: alength= 4 w= 9 
 0.41920375 0.21662763 0.1440281  0.22014052
 0.66978923 0.11358314 0.17915691 0.03747073
 0.97775176 0.00117096 0.01990632 0.00117096
 0.48126464 0.05737705 0.05386417 0.40749415
 0.36299766 0.01873536 0.00117096 0.61709602
 0.99648712 0.00117096 0.00117096 0.00117096
 0.00117096 0.00117096 0.00117096 0.99648712
 0.00117096 0.00117096 0.99648712 0.00117096
 0.15222482 0.02810304 0.27166276 0.54800937

MOTIF human_l3_f_148
letter-probability matrix: alength= 4 w= 9 
 0.37437562 0.27772228 0.12087912 0.22702298
 0.30719281 0.14360639 0.40084915 0.14835165
 0.11838162 0.16933067 0.26698302 0.4453047 
 0.0004995  0.22652348 0.3046953  0.46828172
 0.05144855 0.32717283 0.14935065 0.47202797
 0.00124875 0.16458541 0.1525974  0.68156843
 0.06318681 0.27547453 0.22427572 0.43706294
 0.31243756 0.37087912 0.11863137 0.19805195
 0.43756244 0.10614386 0.30144855 0.15484515

MOTIF human_l3_f_149
letter-probability matrix: alength= 4 w= 9 
 0.46453901 0.2922999  0.13120567 0.11195542
 0.77001013 0.01975684 0.03191489 0.17831814
 0.4508612  0.24620061 0.2993921  0.0035461 
 0.00557244 0.67325228 0.11803445 0.20314083
 0.06433637 0.0739615  0.1514691  0.71023303
 0.50303951 0.38196555 0.09473151 0.02026342
 0.54002026 0.01013171 0.30547112 0.1443769 
 0.18743668 0.22137791 0.33080041 0.26038501
 0.36828774 0.24062817 0.31306991 0.07801418

MOTIF human_l3_f_150
letter-probability matrix: alength= 4 w= 9 
 0.03982843 0.32689951 0.11642157 0.51685049
 0.05851716 0.01501225 0.83210784 0.09436275
 0.17708333 0.00520833 0.48988971 0.32781863
 0.00398284 0.22028186 0.03829657 0.73743873
 0.10539216 0.3838848  0.27665441 0.23406863
 0.57169118 0.11029412 0.0122549  0.3057598 
 0.15931373 0.41268382 0.02267157 0.40533088
 0.23253676 0.171875   0.0713848  0.52420343
 0.30821078 0.29595588 0.35018382 0.04564951

MOTIF human_l3_f_151
letter-probability matrix: alength= 4 w= 9 
 0.35514486 0.24475524 0.09765235 0.30244755
 0.34565435 0.13711289 0.43956044 0.07767233
 0.35689311 0.0969031  0.41733267 0.12887113
 0.37162837 0.10964036 0.11438561 0.40434565
 0.39385614 0.11488511 0.37262737 0.11863137
 0.11913087 0.39385614 0.08366633 0.40334665
 0.08216783 0.44105894 0.15334665 0.32342657
 0.12687313 0.3518981  0.02872128 0.49250749
 0.08616384 0.54995005 0.17757243 0.18631369

MOTIF human_l3_f_155
letter-probability matrix: alength= 4 w= 9 
 0.13964111 0.07243067 0.137031   0.65089723
 0.4        0.06590538 0.36606852 0.1680261 
 0.58336052 0.09461664 0.16117455 0.16084829
 0.13637847 0.12039152 0.06884176 0.67438825
 0.50342577 0.09657423 0.245677   0.154323  
 0.45970636 0.12887439 0.27960848 0.13181077
 0.07275693 0.03393148 0.03556281 0.85774878
 0.62544861 0.03882545 0.27373573 0.06199021
 0.66557912 0.03849918 0.24437194 0.05154976

MOTIF human_l3_f_156
letter-probability matrix: alength= 4 w= 9 
 0.10262751 0.03029366 0.11808346 0.74899536
 0.00370943 0.09768161 0.15239567 0.74621329
 0.00216383 0.0244204  0.01236476 0.961051  
 0.26213292 0.00370943 0.72704791 0.00710974
 0.22751159 0.07542504 0.49582689 0.20123648
 0.67820711 0.03400309 0.17217929 0.11561051
 0.52982998 0.08686244 0.06460587 0.3187017 
 0.47047913 0.15888717 0.12148377 0.24914992
 0.23214838 0.17867079 0.05595054 0.53323029

MOTIF human_l3_f_157
letter-probability matrix: alength= 4 w= 9 
 0.34663179 0.20568999 0.13799869 0.30967953
 0.23610203 0.1030085  0.12393721 0.53695226
 0.24427731 0.19587966 0.24656638 0.31327665
 0.19097449 0.00130804 0.12818836 0.6795291 
 0.36559843 0.26978417 0.34663179 0.01798561
 0.61379987 0.24264225 0.06965337 0.07390451
 0.46893394 0.01406148 0.0323741  0.48463048
 0.43459778 0.06147809 0.02158273 0.4823414 
 0.26291694 0.22792675 0.27828646 0.23086985

MOTIF human_l3_f_158
letter-probability matrix: alength= 4 w= 9 
 0.3069157  0.35436648 0.17516406 0.16355376
 0.55451792 0.13503281 0.09414437 0.2163049 
 0.5451792  0.00328117 0.32306916 0.12847047
 2.52397779e-04 6.73902070e-02 1.31246845e-02 9.19232711e-01
 0.19510348 0.02650177 0.09944472 0.67895003
 0.01034831 0.13730439 0.52953054 0.32281676
 0.16279657 0.42680464 0.39121656 0.01918223
 0.181474   0.08581524 0.12089854 0.61181222
 0.07597173 0.23927309 0.37985866 0.30489652

MOTIF human_l3_f_160
letter-probability matrix: alength= 4 w= 9 
 0.50899609 0.05345502 0.28187744 0.15567145
 2.60756193e-04 6.23207301e-02 4.00521512e-01 5.36897001e-01
 0.07327249 0.00704042 0.0190352  0.90065189
 0.51655802 0.0041721  0.16140808 0.3178618 
 0.75488918 0.03937419 0.05580183 0.14993481
 0.40704042 0.04511082 0.4863103  0.06153846
 0.13559322 0.14550196 0.28239896 0.43650587
 0.24302477 0.28526728 0.14784876 0.32385919
 0.23337679 0.12359844 0.21955671 0.42346806

MOTIF human_l3_f_162
letter-probability matrix: alength= 4 w= 9 
 0.29673913 0.18342391 0.1673913  0.35244565
 0.14483696 0.29972826 0.10951087 0.44592391
 0.3576087  0.14565217 0.29076087 0.20597826
 0.37771739 0.23206522 0.0875     0.30271739
 0.36630435 0.15244565 0.2048913  0.2763587 
 0.95652174 0.02418478 0.01304348 0.00625   
 0.01032609 0.00461957 0.03777174 0.94728261
 4.21195652e-02 2.71739130e-04 9.55434783e-01 2.17391304e-03
 0.17309783 0.10298913 0.39157609 0.33233696

MOTIF human_l3_f_165
letter-probability matrix: alength= 4 w= 9 
 0.49885897 0.12186216 0.16385212 0.21542675
 0.17252396 0.29484254 0.29758101 0.23505249
 0.07348243 0.00775901 0.44500228 0.47375628
 0.2752168  0.06435418 0.05842081 0.60200822
 0.10041077 0.14011867 0.49885897 0.26061159
 0.00136924 0.03240529 0.07667732 0.88954815
 0.45230488 0.06983113 0.37654039 0.1013236 
 3.33181196e-02 7.75901415e-02 4.56412597e-04 8.88635326e-01
 0.67685988 0.06800548 0.18028298 0.07485167

MOTIF human_l3_f_168
letter-probability matrix: alength= 4 w= 9 
 0.05189621 0.05788423 0.16101131 0.72920825
 1.46373919e-02 6.65335995e-04 6.65335995e-04 9.84031936e-01
 0.04524285 0.00133067 0.5489022  0.40452428
 6.65335995e-04 6.38722555e-02 6.65335995e-04 9.34797073e-01
 0.82634731 0.00199601 0.09780439 0.0738523 
 0.36327345 0.0405855  0.00332668 0.59281437
 0.57351963 0.01131071 0.04524285 0.36992681
 0.03592814 0.16367265 0.12109115 0.67930805
 0.35728543 0.13506321 0.1423819  0.36526946

MOTIF human_l3_f_169
letter-probability matrix: alength= 4 w= 9 
 0.25616921 0.31453192 0.21425774 0.21504113
 0.51429691 0.16960439 0.18331375 0.13278496
 0.28006267 0.17195456 0.43987466 0.10810811
 0.25225225 0.17665492 0.22326675 0.34782609
 0.00391696 0.43125734 0.38973756 0.17508813
 3.91696044e-04 3.91696044e-04 3.91696044e-04 9.98824912e-01
 3.53309832e-01 5.87544066e-03 6.40423032e-01 3.91696044e-04
 0.89972581 0.04661183 0.03838621 0.01527615
 0.33803369 0.12730121 0.30395613 0.23070897

MOTIF human_l3_f_172
letter-probability matrix: alength= 4 w= 9 
 0.10063621 0.14343551 0.24349335 0.51243493
 0.13938693 0.37825333 0.33458647 0.14777328
 0.07605552 0.22527473 0.54366686 0.15500289
 0.52458068 0.09572007 0.11538462 0.26431463
 0.11596298 0.42683632 0.41006362 0.04713707
 0.05002892 0.37738577 0.41324465 0.15934066
 0.36957779 0.19519954 0.05176403 0.38345865
 0.17090804 0.39705032 0.33111625 0.10092539
 0.1772701  0.22932331 0.33111625 0.26229034

MOTIF human_l3_f_176
letter-probability matrix: alength= 4 w= 9 
 0.1102719  0.02643505 0.11530715 0.7479859 
 0.10674723 0.01409869 0.08761329 0.79154079
 7.30110775e-03 2.51762336e-04 3.60020141e-02 9.56445116e-01
 2.51762336e-04 2.51762336e-04 2.51762336e-04 9.99244713e-01
 1.61127895e-02 2.51762336e-04 2.08962739e-02 9.62739174e-01
 3.27291037e-02 2.51762336e-04 1.00704935e-02 9.56948640e-01
 6.59617321e-02 2.51762336e-04 1.25881168e-03 9.32527694e-01
 3.27291037e-03 2.51762336e-04 2.00906344e-01 7.95568983e-01
 2.51762336e-04 7.55287009e-04 1.63897281e-01 8.35095670e-01

MOTIF human_l3_f_178
letter-probability matrix: alength= 4 w= 9 
 0.23376623 0.46603397 0.12537463 0.17482517
 0.44355644 0.24300699 0.1540959  0.15934066
 0.0487013  0.08891109 0.21678322 0.6456044 
 0.07392607 0.66058941 0.11963037 0.14585415
 0.27597403 0.10414585 0.33616384 0.28371628
 0.01698302 0.01098901 0.50474525 0.46728272
 5.24725275e-01 9.01598402e-02 2.49750250e-04 3.84865135e-01
 0.13911089 0.23076923 0.21228771 0.41783217
 0.40909091 0.07067932 0.05819181 0.46203796

MOTIF human_l3_f_180
letter-probability matrix: alength= 4 w= 9 
 0.01498127 0.23220974 0.05305868 0.69975031
 0.01342072 0.21535581 0.1803995  0.59082397
 0.20162297 0.21660424 0.07116105 0.51061174
 0.18383271 0.67790262 0.0505618  0.08770287
 0.1710362  0.04681648 0.34956305 0.43258427
 0.04182272 0.17166042 0.22315855 0.5633583 
 0.28682896 0.39169788 0.17571785 0.14575531
 0.16697878 0.16822722 0.43196005 0.23283396
 0.05399501 0.50031211 0.05493134 0.39076155

MOTIF human_l3_f_181
letter-probability matrix: alength= 4 w= 9 
 0.01598402 0.03946054 0.10664336 0.83791209
 0.16708292 0.06018981 0.3499001  0.42282717
 0.04695305 0.1028971  0.13186813 0.71828172
 0.64785215 0.09215784 0.0482018  0.21178821
 0.06268731 0.04045954 0.00774226 0.88911089
 0.08491508 0.1038961  0.00174825 0.80944056
 0.00999001 0.0044955  0.02222777 0.96328671
 0.26373626 0.12537463 0.47077922 0.14010989
 0.36938062 0.03396603 0.20804196 0.38861139

MOTIF human_l3_f_182
letter-probability matrix: alength= 4 w= 9 
 0.10570944 0.03900509 0.42340305 0.43188242
 0.15997739 0.17580554 0.08818542 0.57603166
 0.29451668 0.14358395 0.16732617 0.39457321
 0.95986433 0.01356699 0.02317694 0.00339175
 0.2611645  0.48671566 0.11023177 0.14188807
 0.29451668 0.02430752 0.21141888 0.46975692
 0.15828151 0.33013002 0.26851328 0.24307518
 0.06783493 0.00847937 0.28547202 0.63821368
 0.07914076 0.10570944 0.71791973 0.09723007

MOTIF human_l3_f_185
letter-probability matrix: alength= 4 w= 9 
 0.22265213 0.14843475 0.30601477 0.32289835
 0.08512135 0.01020049 0.02356665 0.8811115 
 0.54414351 0.00070348 0.32747098 0.12768203
 0.53429476 0.05522336 0.39887443 0.01160746
 0.06718255 0.11818502 0.00844179 0.80619064
 0.5107281  0.06085121 0.35490679 0.07351389
 0.62891312 0.0889905  0.22511432 0.05698206
 0.28385508 0.17094618 0.18149842 0.36370032
 0.18431235 0.21596905 0.20295463 0.39676398

MOTIF human_l3_f_190
letter-probability matrix: alength= 4 w= 9 
 0.1859879  0.46597782 0.04410282 0.30393145
 0.83820565 0.0219254  0.02923387 0.11063508
 0.43724798 0.17918347 0.14037298 0.24319556
 0.00100806 0.29007056 0.04662298 0.66229839
 0.3031754  0.0141129  0.08921371 0.59349798
 0.29662298 0.39894153 0.14390121 0.16053427
 0.13331653 0.23210685 0.46320565 0.17137097
 0.45589718 0.11391129 0.21925403 0.2109375 
 0.04763105 0.10055444 0.44506048 0.40675403

MOTIF human_l3_f_192
letter-probability matrix: alength= 4 w= 9 
 0.41975309 0.20445649 0.0469738  0.32881662
 0.24059018 0.25654923 0.26467931 0.23818127
 1.71032821e-01 3.01114122e-04 8.52152966e-02 7.43450768e-01
 5.57061126e-02 3.01114122e-04 4.76362541e-01 4.67630232e-01
 0.50617284 0.01626016 0.0171635  0.46040349
 0.35561578 0.10478771 0.12044565 0.41915086
 0.42396868 0.02679916 0.10298103 0.44625113
 0.53146643 0.05480277 0.04456489 0.36916591
 0.36013249 0.03131587 0.12917796 0.47937368

MOTIF human_l3_f_195
letter-probability matrix: alength= 4 w= 9 
 0.04014168 0.00590319 0.00118064 0.9527745 
 0.02361275 0.2042503  0.05548996 0.71664699
 0.00118064 0.00354191 0.96930342 0.02597403
 0.00118064 0.02243211 0.01180638 0.96458087
 0.89256198 0.03423849 0.02715466 0.04604486
 0.03541913 0.00118064 0.00118064 0.9622196 
 0.27626919 0.05785124 0.00826446 0.65761511
 0.2231405  0.08146399 0.42030697 0.27508855
 0.02125148 0.20779221 0.12042503 0.65053129

MOTIF human_l3_f_196
letter-probability matrix: alength= 4 w= 9 
 0.33191808 0.12612388 0.05144855 0.49050949
 0.35939061 0.03746254 0.29495504 0.30819181
 3.12187812e-02 2.27522478e-01 2.49750250e-04 7.41008991e-01
 0.15659341 0.06593407 0.41558442 0.36188811
 0.13511489 0.11338661 0.11813187 0.63336663
 0.44205794 0.00549451 0.5487013  0.00374625
 0.02672328 0.00899101 0.28671329 0.67757243
 0.19230769 0.01873127 0.38211788 0.40684316
 0.1525974  0.16183816 0.1456044  0.53996004

MOTIF human_l3_f_199
letter-probability matrix: alength= 4 w= 9 
 0.22376038 0.20840675 0.30329726 0.26453562
 0.32494337 0.35388875 0.1704002  0.15076768
 0.30833124 0.08129877 0.3173924  0.2929776 
 0.10823056 0.11125094 0.64560785 0.13491065
 0.27107979 0.41127611 0.22225019 0.09539391
 0.09967279 0.04253713 0.2199849  0.63780518
 0.3163856  0.13667254 0.24062421 0.30631764
 0.19280141 0.488296   0.10521017 0.21369242
 0.05084319 0.47143217 0.2204883  0.25723635

MOTIF human_l3_f_200
letter-probability matrix: alength= 4 w= 9 
 0.15069997 0.0581938  0.09031018 0.70079605
 0.49354927 0.05325281 0.29179248 0.16140544
 0.52072468 0.05984079 0.26955806 0.14987648
 0.11995608 0.05517431 0.07191875 0.75295086
 0.56272303 0.05489981 0.25500961 0.12736755
 0.51111721 0.09744716 0.27230305 0.11913258
 0.12434806 0.05188032 0.05352731 0.7702443 
 0.58605545 0.0568213  0.24787263 0.10925062
 0.60691738 0.05242932 0.24238265 0.09827066

MOTIF human_l3_f_201
letter-probability matrix: alength= 4 w= 9 
 0.36983212 0.10724129 0.04259584 0.48033074
 0.66825357 0.05286896 0.03583062 0.24304686
 0.14156853 0.16036081 0.09746931 0.60060135
 0.26008519 0.00225507 0.05963418 0.67802556
 0.02405412 0.17213731 0.33350038 0.47030819
 0.18767226 0.02305187 0.0573791  0.73189677
 0.22049612 0.02781258 0.28789777 0.46379354
 0.11074919 0.0463543  0.0809321  0.76196442
 0.18967677 0.08494112 0.38361313 0.34176898

MOTIF human_l3_f_202
letter-probability matrix: alength= 4 w= 9 
 0.3011988  0.18856144 0.23376623 0.27647353
 0.36063936 0.19080919 0.22102897 0.22752248
 0.32942058 0.12712288 0.46853147 0.07492507
 2.84715285e-02 7.49250749e-04 5.89410589e-02 9.11838162e-01
 0.56293706 0.00874126 0.33416583 0.09415584
 0.72877123 0.01673327 0.25224775 0.00224775
 0.1461039  0.36763237 0.14085914 0.3454046 
 0.19705295 0.34490509 0.18006993 0.27797203
 0.19255744 0.17957043 0.29445554 0.33341658

MOTIF human_l3_f_205
letter-probability matrix: alength= 4 w= 9 
 0.27270415 0.04273722 0.2800814  0.40447723
 0.23632663 0.09615874 0.15746629 0.51004833
 0.18951921 0.15670313 0.0905622  0.56321547
 0.43729331 0.1098957  0.07580768 0.37700331
 0.60010176 0.02264055 0.23403714 0.14322055
 0.03535996 0.02085983 0.04222844 0.90155177
 5.54566268e-02 2.54388196e-04 6.53268888e-01 2.91020097e-01
 0.11396591 0.00330705 0.47392521 0.40880183
 0.22030018 0.07733401 0.27702875 0.42533706

MOTIF human_l3_f_208
letter-probability matrix: alength= 4 w= 9 
 0.20852949 0.18000554 0.21932983 0.39213514
 0.21268347 0.47992246 0.0420936  0.26530047
 0.07947937 0.10744946 0.36222653 0.45084464
 2.76931598e-04 2.96593741e-01 2.54777070e-02 6.77651620e-01
 0.03046248 0.01273885 0.05981723 0.89698145
 0.03184713 0.05040155 0.88978122 0.02797009
 1.57297148e-01 2.76931598e-04 6.54943229e-01 1.87482692e-01
 0.41955137 0.23262254 0.19163667 0.15618942
 0.33785655 0.11381889 0.27360842 0.27471615

MOTIF human_l3_f_209
letter-probability matrix: alength= 4 w= 9 
 0.20928246 0.20871298 0.35563781 0.22636674
 0.31349658 0.03616173 0.19048975 0.45985194
 0.03274487 0.23490888 0.011959   0.72038724
 0.1070615 0.1571754 0.011959  0.7238041
 0.14834852 0.02420273 0.02477221 0.80267654
 0.44191344 0.28502278 0.09481777 0.17824601
 3.40831435e-01 1.00512528e-01 2.84738041e-04 5.58371298e-01
 0.44618451 0.08371298 0.0988041  0.37129841
 0.33029613 0.27249431 0.1167426  0.28046697

MOTIF human_l3_f_211
letter-probability matrix: alength= 4 w= 9 
 0.10514079 0.18109016 0.24463963 0.46912942
 0.06974942 0.30353914 0.20563162 0.42107982
 0.35494704 0.00129166 0.23353139 0.41022991
 0.28183932 0.00464996 0.01808318 0.69542754
 0.21053991 0.11495738 0.07517437 0.59932834
 0.09351589 0.64117799 0.0878326  0.17747352
 0.08395763 0.44975459 0.27408938 0.1921984 
 0.21260656 0.24877293 0.15293206 0.38568845
 0.57762852 0.05399122 0.25445621 0.11392405

MOTIF human_l3_f_214
letter-probability matrix: alength= 4 w= 9 
 0.17444005 0.12252964 0.08774704 0.61528327
 0.26218709 0.53596838 0.07061924 0.1312253 
 0.1654809  0.50540184 0.0173913  0.31172596
 0.07694335 0.34255599 0.0055336  0.57496706
 0.55467721 0.2458498  0.08458498 0.11488801
 0.53465086 0.21370224 0.01501976 0.23662714
 0.68511199 0.14519104 0.06376812 0.10592885
 0.23346509 0.25270092 0.40131752 0.11251647
 0.18919631 0.2455863  0.38550725 0.17971014

MOTIF human_l3_f_215
letter-probability matrix: alength= 4 w= 9 
 0.14803625 0.05218347 0.07909915 0.72068113
 0.47624279 0.05438066 0.3087064  0.16067015
 0.51634166 0.06646526 0.29140346 0.12578962
 0.13018402 0.04861302 0.06344411 0.75775886
 0.49244713 0.05053557 0.31859379 0.13842351
 0.56660258 0.06207086 0.24608624 0.12524032
 0.11809942 0.05520461 0.06481736 0.7618786 
 0.57429278 0.05328207 0.26311453 0.10931063
 0.59846196 0.05547926 0.25432573 0.09173304

MOTIF human_l3_f_216
letter-probability matrix: alength= 4 w= 9 
 0.1410426  0.12728235 0.13098703 0.60068801
 0.19608362 0.05001323 0.11219899 0.64170415
 0.15189203 0.00370468 0.56496428 0.27943901
 0.04710241 0.04763165 0.57687219 0.32839375
 0.09420482 0.01931728 0.03387139 0.85260651
 0.04921937 0.00740937 0.14527653 0.79809473
 0.03969304 0.02831437 0.02990209 0.9020905 
 0.30616565 0.01720032 0.433448   0.24318603
 0.01614184 0.04869013 0.04154538 0.89362265

MOTIF human_l3_f_218
letter-probability matrix: alength= 4 w= 9 
 0.16700715 0.42339122 0.19586313 0.21373851
 0.39811032 0.24923391 0.04902962 0.30362615
 0.37691522 0.07558733 0.34346272 0.20403473
 0.39734423 0.0273238  0.37921348 0.19611849
 0.1031665  0.25229826 0.2602145  0.38432074
 0.03575077 0.62895812 0.28217569 0.05311542
 0.54443309 0.27604699 0.1154239  0.06409602
 0.32737487 0.01583248 0.65270684 0.0040858 
 0.0505618  0.10188968 0.74642492 0.1011236 

MOTIF human_l3_f_219
letter-probability matrix: alength= 4 w= 9 
 0.3166373  0.10294488 0.1955701  0.38484772
 0.17769947 0.10420337 0.15605336 0.5620438 
 0.01082306 0.03171407 0.21746791 0.73999497
 0.42738485 0.04153033 0.33853511 0.19254971
 0.36773219 0.09237352 0.19305311 0.34684118
 3.04555751e-02 2.51698968e-04 1.13264536e-02 9.57966272e-01
 6.19431160e-01 2.51698968e-04 3.74779763e-01 5.53737730e-03
 8.48728920e-01 2.51698968e-04 1.45482004e-01 5.53737730e-03
 0.36143972 0.11628492 0.13994463 0.38233073

MOTIF human_l3_f_221
letter-probability matrix: alength= 4 w= 9 
 0.44588745 0.18073593 0.33982684 0.03354978
 0.13636364 0.46753247 0.39502165 0.00108225
 0.73268398 0.23484848 0.03138528 0.00108225
 0.07792208 0.08008658 0.64935065 0.19264069
 0.12012987 0.5        0.3030303  0.07683983
 0.32467532 0.2987013  0.0952381  0.28138528
 0.02813853 0.10281385 0.00108225 0.86796537
 0.12121212 0.02597403 0.02164502 0.83116883
 0.09090909 0.34199134 0.11580087 0.4512987 

MOTIF human_l3_f_224
letter-probability matrix: alength= 4 w= 9 
 0.18216463 0.41869919 0.24314024 0.15599593
 0.42200203 0.30970528 0.0625     0.20579268
 0.17682927 0.00609756 0.67809959 0.13897358
 0.07647358 0.4476626  0.22942073 0.24644309
 0.25457317 0.10721545 0.13973577 0.49847561
 0.05691057 0.12449187 0.40929878 0.40929878
 0.26880081 0.47281504 0.0777439  0.18064024
 0.30894309 0.35137195 0.05259146 0.2870935 
 0.47484756 0.22332317 0.19181911 0.11001016

MOTIF human_l3_f_226
letter-probability matrix: alength= 4 w= 9 
 0.36973374 0.14324233 0.05628581 0.43073812
 0.33131109 0.06740816 0.42568251 0.17559825
 0.35962251 0.19447253 0.05898214 0.38692282
 0.68891136 0.16043141 0.10178632 0.04887091
 0.56589147 0.06471183 0.1280755  0.2413212 
 0.14324233 0.47590158 0.13346815 0.24738793
 0.4661274  0.03235592 0.44287159 0.0586451 
 0.44287159 0.07819346 0.14897203 0.32996293
 0.84597236 0.03067071 0.04887091 0.07448601

MOTIF human_l3_f_229
letter-probability matrix: alength= 4 w= 9 
 0.28618841 0.09701302 0.12279806 0.49400051
 0.0988001  0.14092418 0.06178198 0.69849375
 0.10390605 0.09777891 0.00587184 0.7924432 
 0.25351034 0.01531785 0.03293337 0.69823845
 0.08041869 0.03165688 0.14500894 0.7429155 
 3.59969364e-02 2.55297421e-04 5.28465662e-02 9.10901200e-01
 0.19504723 0.02578504 0.02501915 0.75414858
 0.07633393 0.12101098 0.15088078 0.65177432
 0.14985959 0.04212407 0.12560633 0.68241001

MOTIF human_l3_f_232
letter-probability matrix: alength= 4 w= 9 
 0.11828499 0.08348045 0.47187894 0.32635561
 0.11828499 0.18310214 0.43581337 0.2627995 
 0.49230769 0.13467844 0.20226986 0.17074401
 0.1001261  0.10491803 0.27440101 0.52055485
 0.10668348 0.26633039 0.31727617 0.30970996
 0.30769231 0.2630517  0.26179067 0.16746532
 0.26633039 0.03127364 0.08348045 0.61891551
 0.18284994 0.25498108 0.05018916 0.51197982
 0.14501892 0.19445145 0.53190416 0.12862547

MOTIF human_l3_f_233
letter-probability matrix: alength= 4 w= 9 
 0.19605395 0.12037962 0.31918082 0.36438561
 0.19205794 0.33391608 0.13861139 0.33541459
 0.11563437 0.07592408 0.28696304 0.52147852
 0.08941059 0.16408591 0.50974026 0.23676324
 0.07142857 0.17182817 0.12262737 0.63411588
 0.07767233 0.32067932 0.31643357 0.28521479
 0.24725275 0.00074925 0.10939061 0.64260739
 0.37537463 0.00999001 0.30444555 0.31018981
 0.17132867 0.08916084 0.01073926 0.72877123

MOTIF human_l3_f_235
letter-probability matrix: alength= 4 w= 9 
 0.2958102  0.07041898 0.37985866 0.25391217
 0.63326603 0.00328117 0.28899546 0.07445734
 0.27359919 0.05855628 0.12064614 0.54719838
 0.113579   0.02347299 0.33215548 0.53079253
 0.43311459 0.0111055  0.27107521 0.28470469
 0.31675921 0.091368   0.03331651 0.55855628
 0.19939425 0.0686522  0.17869763 0.55325593
 0.50605755 0.17289248 0.17768804 0.14336194
 0.14310954 0.09641595 0.20898536 0.55148915

MOTIF human_l3_f_237
letter-probability matrix: alength= 4 w= 9 
 0.14815743 0.22085736 0.17172224 0.45926297
 0.09551266 0.33366759 0.19202808 0.37879168
 0.06994234 0.07144648 0.15693156 0.70167962
 0.18074705 0.00601655 0.53622462 0.27701178
 0.22762597 0.04637754 0.25595387 0.47004262
 3.00827275e-02 5.74078716e-02 5.01378792e-04 9.12008022e-01
 0.42842818 0.02281274 0.53622462 0.01253447
 0.54224116 0.04336927 0.40987716 0.00451241
 0.36550514 0.13311607 0.23815493 0.26322387

MOTIF human_l3_f_241
letter-probability matrix: alength= 4 w= 9 
 0.01964582 0.35888213 0.09103486 0.53043719
 7.99667958e-02 2.76701716e-04 6.45268401e-01 2.74488102e-01
 0.0971223  0.08301051 0.38876591 0.43110127
 0.18013282 0.5478694  0.14250138 0.1294964 
 0.27753182 0.11068069 0.39789707 0.21389043
 0.57830659 0.22744881 0.04537908 0.14886552
 0.43165468 0.36220255 0.16685113 0.03929164
 0.6928611  0.13447703 0.14941893 0.02324294
 0.49308246 0.04067515 0.16768124 0.29856115

MOTIF human_l3_f_242
letter-probability matrix: alength= 4 w= 9 
 0.53285968 0.13448363 0.20502411 0.12763258
 0.84927683 0.06901802 0.00482111 0.07688404
 0.3582847  0.23775691 0.01243339 0.39152499
 0.25957879 0.04668866 0.16772393 0.52600863
 0.18320223 0.14184217 0.03755392 0.63740167
 0.27860949 0.51179904 0.08221264 0.12737884
 0.37249429 0.36894189 0.08754123 0.17102258
 0.20172545 0.31870084 0.34965745 0.12991626
 0.13473738 0.30499873 0.07916772 0.48109617

MOTIF human_l3_f_243
letter-probability matrix: alength= 4 w= 9 
 0.02941176 0.29411765 0.42156863 0.25490196
 0.03267974 0.28431373 0.14379085 0.53921569
 0.17320261 0.00326797 0.80065359 0.02287582
 0.00326797 0.01960784 0.97385621 0.00326797
 0.00326797 0.00326797 0.00326797 0.99019608
 0.00326797 0.00326797 0.99019608 0.00326797
 0.00326797 0.71568627 0.00326797 0.27777778
 0.1503268  0.12745098 0.20261438 0.51960784
 0.08169935 0.02287582 0.58823529 0.30718954

MOTIF human_l3_f_245
letter-probability matrix: alength= 4 w= 9 
 0.22732426 0.2329932  0.39399093 0.14569161
 0.1031746  0.35827664 0.53628118 0.00226757
 0.35487528 0.25283447 0.39172336 0.00056689
 0.6553288  0.06462585 0.09013605 0.1899093 
 0.22562358 0.03287982 0.09126984 0.65022676
 9.35374150e-02 5.66893424e-04 6.80272109e-03 8.99092971e-01
 0.01190476 0.27437642 0.0175737  0.69614512
 0.14512472 0.33956916 0.51473923 0.00056689
 0.21485261 0.32823129 0.20521542 0.25170068

MOTIF human_l3_f_247
letter-probability matrix: alength= 4 w= 9 
 0.09166041 0.14325069 0.12797395 0.63711495
 0.26721763 0.11194591 0.42073629 0.20010018
 0.02379164 0.20135237 0.01928375 0.75557225
 0.18106687 0.0085149  0.44778362 0.36263461
 0.24668169 0.10518407 0.00475833 0.64337591
 0.78612572 0.05860255 0.09216128 0.06311044
 2.42925119e-02 1.73553719e-01 2.50438267e-04 8.01903331e-01
 0.21712998 0.34259955 0.11194591 0.32832457
 0.55246682 0.22614576 0.1419985  0.07938893

MOTIF human_l3_f_251
letter-probability matrix: alength= 4 w= 9 
 0.22393335 0.35319364 0.22443827 0.19843474
 0.02549861 0.29765211 0.508205   0.16864428
 0.13430952 0.41959101 0.39232517 0.0537743 
 0.022974   0.02019692 0.93486493 0.02196415
 0.44306993 0.10830598 0.26255996 0.18606413
 0.17091644 0.02777076 0.50315577 0.29815703
 0.29714719 0.07977783 0.13759152 0.48548346
 0.24160566 0.17924766 0.12774552 0.45140116
 0.20449381 0.28502903 0.09088614 0.41959101

MOTIF human_l3_f_252
letter-probability matrix: alength= 4 w= 9 
 0.36764706 0.23395722 0.26016043 0.13823529
 0.42433155 0.1986631  0.12593583 0.25106952
 0.30748663 0.09625668 0.43342246 0.16283422
 0.20962567 0.3697861  0.09812834 0.32245989
 0.14679144 0.48235294 0.19759358 0.17326203
 0.21737968 0.27754011 0.15614973 0.34893048
 0.18074866 0.12272727 0.04545455 0.65106952
 0.16176471 0.00775401 0.19331551 0.63716578
 0.1631016  0.29117647 0.52620321 0.01951872

MOTIF human_l3_f_253
letter-probability matrix: alength= 4 w= 9 
 0.39812706 0.1602126  0.20501139 0.23664895
 0.28802835 0.17362693 0.23917995 0.29916477
 0.01594533 0.02556315 0.25639079 0.70210073
 0.28094153 0.60364465 0.1050367  0.01037712
 0.25866869 0.06454062 0.41381929 0.2629714 
 0.22272842 0.27461402 0.04631739 0.45634017
 0.06074412 0.18476335 0.07036193 0.6841306 
 0.19640597 0.38142242 0.16476841 0.25740319
 0.03366236 0.48620602 0.09060997 0.38952164

MOTIF human_l3_f_254
letter-probability matrix: alength= 4 w= 9 
 0.43380429 0.24385139 0.15698587 0.16535845
 0.30455259 0.11486133 0.51465201 0.06593407
 0.01857666 0.06933543 0.12401884 0.78806907
 0.04081633 0.09314495 0.13631606 0.72972266
 0.11538462 0.07692308 0.13134485 0.67634746
 0.11015175 0.08869702 0.21507064 0.58608059
 0.67216117 0.04343276 0.144427   0.13997907
 0.24725275 0.08320251 0.47174254 0.1978022 
 0.25379383 0.14599686 0.2299843  0.37022501

MOTIF human_l3_f_255
letter-probability matrix: alength= 4 w= 9 
 0.23471569 0.08507909 0.06498504 0.61522018
 0.25737495 0.23343309 0.09918769 0.41000428
 0.20222317 0.04189825 0.36169303 0.39418555
 0.01239846 0.38306969 0.17913638 0.42539547
 0.37366396 0.01966652 0.13253527 0.47413425
 0.06626764 0.06156477 0.00684053 0.86532706
 0.16417272 0.07268063 0.0012826  0.76186404
 0.0089782  0.02479692 0.04275331 0.92347157
 0.00598546 0.20265071 0.08849936 0.70286447
